day, ZRTC,ZSTC,ZLFC,ZERC,ZART,ZAST,ZALF,ZAER,TZDMI,TZDMX,SUMZ,SUMTZA
109,528.1840266478664,295.39664122877264,543.9922928168583,83.32353952092228,424056.7229429604,732267.1194471353,24638.371947569358,469038.48188607243,0.0,0.0,27863241.332399935,1650000.6962237372
109,179.30069004413892,248.84015978631993,1252.6145872807735,88.88445632707264,143952.97700325897,616856.9359878855,56733.12750179896,500341.5685245917,0.0,0.0,28736118.046800032,1317884.609017535
109,435.4966480168785,345.7997971955405,1844.8547279471436,86.7983559757495,349641.9279899997,857212.9335813103,83556.7297121548,488598.6523274117,0.0,0.0,29608994.76119996,1779010.2436108766
109,433.80105361659093,300.63428532469345,1290.4626895535732,97.12816341628736,348280.6066161033,745250.8640789468,58447.33491543382,546746.412587509,0.0,5456.582559667935,30481871.47560005,1698725.2181979928
109,453.65306346508646,277.8448101378234,1093.1644645170336,101.1011385134182,364218.9497227888,688757.3871071584,49511.349760434474,569110.7794740298,0.0,0.0,31354748.179200083,1671598.4660644117
109,456.3293238107297,326.2524633330691,1307.1966006625817,105.38183472041264,366367.60650652053,808756.492774125,59205.24331135317,593207.3464452395,0.0,0.0,32227624.893600002,1827536.6890372382
109,445.1836940343644,379.8469016672671,672.5753050662909,107.96329298393674,357419.24949523975,941613.2673607267,30462.123724521385,607738.6934323843,0.0,0.0,31699498.39200008,1937233.334012872
109,362.4886064326954,339.6434772797289,1775.335350934438,108.1466910426626,291026.8444193025,841951.8573808701,80408.07431570972,608771.0637270239,0.0,0.0,30826621.677599974,1822157.8398429062
109,420.1868485071909,376.77144157124945,726.5658698847326,115.579597671896,337350.33437594265,933989.4220247829,32907.45178379954,650611.811988818,0.0,0.0,29953744.963200048,1954859.0201733431
109,197.21985531796912,345.0911004110138,3377.6942584811823,118.92736755184015,158339.52055725348,855456.1250041779,152981.73993366884,669456.8215889999,0.0,0.0,29080868.25960003,1836234.2070841002
109,220.06897535997143,341.01562810233577,724.0653546604931,124.82900668310154,176684.11728547217,845353.3210066505,32794.1990319336,702677.8762235217,0.0,0.0,28207991.54519993,1757509.513547578
109,402.7178189995703,430.86791166093235,1696.5767285367363,125.32090933746498,323325.18588175275,1068090.6973813686,76840.9571739122,705446.8569409145,0.0,8786.185368434875,27335114.830800056,2173703.697377948
109,201.30647477326374,379.3727463614509,1103.9051419795196,133.48528777138313,161620.4953060081,940437.8703131627,49997.81401697625,751405.1502180118,0.0,0.0,26462238.11639997,1903461.3298541587
109,188.20064598855518,333.7365750971653,895.9023210542829,138.3302260369649,151098.37701862524,827309.0698796677,40576.99880365301,778677.905336025,0.0,0.0,25589361.40200003,1797662.3510379712
109,500.0801573773152,368.3669315786443,905.8768924932531,139.87844021150573,401493.30923936376,913155.2436229935,41028.76476500219,787392.9938960688,0.0,1371.4762372690893,24716484.698400017,2143070.311523428
109,433.94754251582503,441.4960929179787,2900.510369200629,140.55696614909812,348398.2163873624,1094437.1976045447,131369.23860464693,791212.5000946592,0.0,0.0,23843607.98399994,2365417.1526912134
109,183.82006279453265,368.34579311054097,762.481131004777,147.95641803168004,147581.3911574177,913102.8428743485,34534.117407107624,832864.9274609234,0.0,0.0,22970731.269599993,1928083.2788997972
109,396.0637312865956,423.92789487304987,1415.9079805341632,153.3302998591827,317982.898937471,1050886.8927577347,64128.9737530844,863115.1711339506,0.0,0.0,22097854.555200025,2296113.9365822407
109,291.9674526724768,379.5167667326687,3297.991086806435,153.42662981558985,234408.37840565265,940794.8864997202,149371.8424864921,863657.4243408251,0.0,0.0,21224977.84079997,2188232.53173269
109,225.897381116703,397.38754060980256,1386.7409997652778,160.16410344545366,181363.49894127002,985095.255166286,62807.94966825727,901583.4944678061,0.0,0.0,20352101.12640001,2130850.1982436194
109,276.16223432313353,429.33948746653067,3356.399984409583,160.04902259052548,221719.03385815313,1064301.8432580712,152017.28464292784,900935.6901402413,0.0,0.0,19479224.42279998,2338973.8518993934
109,275.8661727009383,430.59154647918575,733.1838429928408,166.55089259821796,221481.33844336736,1067405.607887083,33207.19147704456,937535.5184164143,0.0,0.0,18606347.70840003,2259629.656223909
109,257.23568982331807,386.3807289013158,764.8747389420869,171.17930618677872,206523.7079257075,957810.1571687482,34642.52813908825,963589.4294192503,0.0,0.0,17733470.994000033,2162565.8226527944
109,257.5904052324528,389.67744247901175,695.6145197972357,172.00088083608162,206808.49399720173,965982.4740412073,31505.61046030138,968214.1744610564,0.0,0.0,16860594.27960002,2172510.752959767
109,245.47888161559925,416.8635629323598,1171.7768153348038,180.1085885712258,197084.66147730377,1033374.9197728379,53071.84200397644,1013853.4613844488,0.0,0.0,15987717.565200033,2297384.884638567
109,272.7559729026026,377.06230495484476,1204.8873820318881,182.01117805968883,218984.28993822692,934710.4515231956,54571.47806215165,1024563.3722986031,0.0,0.0,15114840.86160001,2232829.591822177
109,147.10292447453267,356.2051483215825,2027.2676071839753,185.06743969381046,118102.7462793457,883007.0538672,91818.53125973149,1041767.4460256333,0.0,0.0,14241964.147199998,2134695.7774319104
109,159.93851133987576,372.99895020220526,1112.8295029595772,193.33721402260613,128407.89870455503,924637.6860793163,50402.0140913605,1088319.0257955345,0.0,0.0,13369087.432799984,2191766.6246707663
109,223.66682540743128,334.5284639340796,2474.377292092692,194.5591557130385,179572.67964970882,829272.1055970591,112068.91874426557,1095197.4862969609,0.0,0.0,12496210.71839998,2216111.190287994
109,214.4918792111226,362.74192750746556,702.4069998985533,199.50985693480052,172206.50153584755,899211.2613524216,31813.253883549416,1123065.594141128,0.0,0.0,11623334.004000003,2226296.6109129465
109,216.7897503292922,334.9465469149975,734.1412987438099,199.64007433398075,174051.36553580698,830308.5033666923,33250.55633942811,1123798.6039433738,0.0,0.0,10750457.296080008,2161409.029185301
109,242.1859134563578,305.48790972666495,452.08038301764196,198.90095431196136,194440.87594818475,757282.6513901554,20475.51918302306,1119638.0061692894,0.0,0.0,9877580.583839988,2091837.0526906527
109,183.7877354484211,288.6319179999568,2040.1159412339703,196.5002182622154,147555.4368919309,715497.8550031779,92400.45500646548,1106123.9668155091,0.0,0.0,9004703.871599995,2061577.7137170834
109,104.73091986119869,288.3231434843209,444.4021380880451,187.60484899387666,84084.04727610314,714732.4250911016,20127.757905927843,1056050.835964053,0.0,0.0,8131827.15935999,1874995.0662371856
109,197.6037490167662,278.11492936002054,876.1860441741071,183.98653693532032,158647.7326493599,689426.9933150111,39684.013793369835,1035682.9110692014,0.0,0.0,7258950.4460400045,1923441.6508269424
109,191.264478751138,269.0118398024552,471.5920149683542,185.25311734580922,153558.19938241725,666861.0861988729,21359.235462929202,1042812.6484319929,0.0,0.0,6386073.733800002,1884591.1694762122
109,101.59531922275711,264.57454112929236,475.6056234345607,178.4892599723466,81566.60550560094,655861.3405551603,21541.01888072406,1004738.0609578707,0.0,0.0,5513197.021559999,1763707.025899356
109,101.43038765711407,264.3756803891957,626.6214802189477,180.427033141316,81434.18889376146,655368.3790214205,28380.79381607823,1015646.0251494874,0.0,0.0,4640320.309319994,1780829.3868807475
109,100.71918302372018,249.18735353212915,405.90177610845524,173.48344442825467,80863.19262927213,617717.6044202556,18384.008497903516,976559.7077949806,0.0,0.0,3767443.5970799928,1693524.5133424117
109,97.19840032271865,231.62963673642548,350.5923772179191,152.92675698547805,78036.50439362743,574193.2818396839,15878.948113674342,860843.5785210269,0.0,108931.22847973718,2894566.884839997,1528952.3128680126
109,90.4284328203305,166.27816773258618,303.8218233493596,103.21928309090048,72601.18244397859,412191.6701760678,13760.627105043157,581034.0765729011,0.0,499041.09374135925,2021690.1726000041,1079587.5562979905
109,78.30134584287812,97.86598134294016,210.66085274144632,57.48098294454653,62864.85475694083,242602.7592993551,9541.202169905158,323567.5432494026,0.0,874288.6342965155,1148813.4603599978,638576.3594756038
109,70.73235689709507,71.46896504143798,162.1376233359954,41.87717600211133,56788.03212239323,177166.44625025024,7343.499389966647,235731.7892475525,0.0,980752.3963107883,804063.2520959984,477029.7670101626
109,89.04730809814734,134.9790228668088,280.794871684924,86.24571688662637,71492.335538135,334603.3314709188,12717.695785209055,485487.7787269433,0.0,538441.434090621,1676939.9641199983,904301.1415212061
109,100.20729366451934,193.9455953551138,338.6830881358951,137.76848975828088,80452.21820895556,480777.2419123757,15339.555372437804,775515.8225333842,0.0,66977.77595051029,2549816.6763600004,1352084.8380271532
109,109.88689001261834,204.97324185443074,358.6393678698776,144.83630447320002,88223.55868821254,508113.9878643454,16243.410535954128,815301.4233755724,0.0,3473.7989146960317,3422693.388600004,1427882.3804640844
109,120.26891577708525,191.35714881104263,384.3624037440371,140.75396121376943,96558.85017957064,474360.66829533875,17408.45227249502,792321.4096129506,0.0,0.0,4295570.101920011,1380649.3803603551
109,126.98648446310791,194.88595629565393,389.87427380418137,138.6105945783818,101952.10332510388,483108.3293421635,17658.094604678252,780256.134439,0.0,4075.7213420014596,5168446.814160013,1382974.6617109457
109,134.3199235568038,157.5020360361768,395.3856912270039,134.53932461517348,107839.81289805491,390436.2681833913,17907.716436117567,757338.4536266996,0.0,0.0,6041323.526400014,1273522.2511442634
109,139.12714013894293,150.1215066876886,412.3028152256344,129.33892045028395,111699.32474894632,372140.46446832153,18673.922867468118,728064.7371149169,0.0,0.0,6914200.238640014,1230578.4491996528
109,158.0440974288882,157.9301008461042,423.6087365361552,128.83890037338358,126886.95351412708,391497.410192313,19185.98801643585,725250.0624247831,0.0,0.0,7787076.950880014,1262820.4141476592
109,149.39394196570774,166.15856203488735,406.50436425722233,125.0073289504784,119942.10779067062,411895.1762167626,18411.30077968134,703681.674262561,0.0,0.0,8659953.66312001,1253930.2590496754
109,148.81709753664364,135.79829082212964,520.4348960124456,118.42820117179556,119478.9836788165,336634.2380621468,23571.41583027193,666646.9524637705,0.0,0.0,9532830.375360014,1146331.5900350057
109,152.01562214062085,135.3772189687781,406.7702859953994,112.57219091057958,122046.94445268379,335590.431091792,18423.344844975396,633682.748367036,0.0,0.0,10405707.087599995,1109743.4687564871
109,162.75938882091327,157.7886236248745,544.4015495197467,109.83485337034908,130672.6624991441,391146.6982924541,24656.907906627872,618273.937703669,0.0,11139.182127669803,11278583.801999994,1164750.206401895
109,171.54473811600917,114.82113941395484,483.85650554798843,109.91041285123484,137726.04965973567,284633.3819522962,21914.715907484362,618699.2713418044,0.0,0.0,12151460.516399967,1062973.4188613207
109,142.9108714047376,112.5038393051419,441.2750937498464,102.51803324970945,114737.1233193666,278888.9609307287,19986.1285436769,577086.6547179702,0.0,0.0,13024337.219999988,990698.8675117424
109,177.27498647045087,124.6842531388875,463.78691735318915,101.67712714944986,142326.6248688263,309083.3345519348,21005.72880360919,572353.0905542028,0.0,0.0,13897213.9344,1044768.778778573
109,199.65922674327143,121.04575245409292,1260.5623902416291,100.28880318514044,160297.98919785104,300063.75191728486,57093.09753832571,564538.0437099405,0.0,0.0,14770090.648800012,1081992.882363402
109,210.87820928997854,114.85781085677522,520.8446004909447,94.40051410659747,169305.23806091188,284724.2878329059,23589.97206987888,531392.1381688941,0.0,0.0,15642967.36320002,1009011.6361325907
109,247.46528404248406,193.03755418639523,580.6583048252003,84.37023565801357,198679.46037521193,478526.2728824266,26299.04040486993,474930.4635512781,0.0,1498.0220677754842,16515844.077600034,1178435.2372137867
109,223.69743085040218,201.76617849659576,579.6480762125645,82.47916164917056,179597.25147164147,500163.9074668249,26253.28536635402,464285.3746923343,0.0,8180.24990537524,17388720.781200033,1170299.8189971547
109,239.7706294052027,181.50087258502,541.8048292966598,83.25344037491021,192501.74604641652,449927.6653658462,24539.297860410305,468643.885146471,0.0,0.0,18261597.495600037,1135612.594419144
109,251.1650595156961,178.9684210813908,576.863588420715,75.97829526184,201649.854373592,443649.89944410726,26127.170995240762,427691.19591897476,0.0,0.0,19134474.20999998,1099118.1207319149
109,227.0069051176287,169.91818045346986,564.0439389945403,74.53190763085996,182254.289060095,421215.0010399016,25546.546425793284,419549.30153289525,0.0,0.0,20007350.92439996,1048565.1380586852
109,278.0453468090141,185.60721494481004,848.0538246327683,74.97925637192093,223230.9056100565,460106.99400939175,38409.85587252676,422067.48277660244,0.0,0.0,20880227.638800014,1143815.2382685775
109,286.9035806620344,230.5574162874791,1201.4209997009687,74.47532405690174,230342.80871438593,571535.324131376,54414.479482742674,419230.78561552486,0.0,0.0,21753104.35319997,1275523.3979440294
109,277.54807552354663,220.92902712066208,1057.8149837615254,74.50253603057888,222831.66742584392,547667.2369020404,47910.3093293325,419383.96517193876,0.0,0.0,22625981.056799997,1237793.1788291556
109,287.90851268308853,243.87044014021643,1222.6005168215538,72.0028549867205,231149.6263350043,604537.3568803706,55373.73722844491,405312.9522414771,0.0,0.0,23498857.77119995,1296373.6726852967
109,294.7054680934516,264.13106843633824,1242.8235779873683,77.47638487861842,236606.61574000496,654762.0035076159,56289.67539429964,436124.12716053106,0.0,0.0,24371734.48560002,1383782.4218024516
109,165.58034669470072,223.6835414683347,624.5804197749528,68.13643514664052,132937.49083768827,554495.4807116372,28288.35058287318,383548.39804044086,0.0,0.0,25244611.199999966,1099269.7201726395
109,404.54260247940414,293.88761120525623,710.277646843806,72.17156958252637,324790.227729856,728526.342084593,32169.729387827236,406262.6675121413,0.0,0.0,26117487.91440003,1491748.9667144176
109,513.845897818196,261.6224757057232,1765.5700137943707,73.68513664372054,412545.24281882256,648543.3817755873,79965.78494538697,414782.72319745,0.0,0.0,26990364.61800006,1555837.1327372468
109,156.5393917710047,149.22030082023048,519.7384834528611,158.66256052955987,125678.88867671537,369906.4396607025,23539.87407517986,893131.1241795664,0.0,30771.205521066324,5584516.449119994,1412256.326592164
109,164.75714269898165,154.90896430381875,281.0294852638816,161.14396037163473,132276.57499940807,384008.2290558134,12728.321848663698,907099.2299702101,0.0,39582.62031942501,6457393.161359989,1436112.3558740953
109,175.71494629843548,133.02187289342757,322.3470041622808,162.95960148887772,141074.13427913026,329751.6968437533,14599.665270273912,917319.6977777227,0.0,52025.96225562948,7330269.873599985,1402745.1941708801
109,181.48105275246652,134.52189274563662,322.5748955113905,166.93803197239023,145703.49844706032,333470.1386368675,14609.986872063384,939714.7737071055,0.0,53378.99274026905,8203146.585839981,1433498.397663097
109,176.66433454240305,144.11623450929548,782.2759403049273,176.72627043682687,141836.35813904615,357253.8247920014,35430.65928942525,994813.9753984284,0.0,23197.305734891328,9076023.299160002,1529334.8176189011
109,216.28225995833785,135.38472308425463,643.3556465368432,177.57666704590704,173643.92287799355,335609.03325666813,29138.713770858918,999600.9628069971,0.0,41613.906116107595,9948900.011400009,1537992.6327125179
109,202.00095787785267,153.4170886140551,417.29664180063577,183.88201854441164,162178.06655885399,380309.9760581757,18900.10209504398,1035094.5641544778,0.0,30529.96263308311,10821776.720399998,1596482.7088665515
109,196.43697980765754,136.0280469553094,550.1434523638685,189.82923616830342,157710.98276242093,337203.7870628362,24916.968829968762,1068572.1857461035,0.0,19485.765200585127,11694653.434799973,1588403.9244013294
109,210.97569266046293,179.977059532818,817.7141845976689,195.03385600216063,169383.5033558535,446150.24193384533,37035.71997793642,1097869.632778506,0.0,17853.64649630827,12567530.149199983,1750439.0980461412
109,222.80371744083706,153.80492372719664,1221.0387569486388,199.96067015229727,178879.72659283056,381271.39152972354,55303.00236482686,1125603.2773500339,0.0,12206.092097231187,13440406.86359999,1741057.3978374149
109,197.97486613966356,169.45642350181535,596.4204816576218,199.70981902067217,158945.6869664616,420070.33862442453,27012.93723875634,1124191.205387737,0.0,1140.2739695908967,14313283.578000002,1730220.1682173794
109,258.8335833996954,166.42332314609564,551.9907124540425,193.272029990149,207806.58942045958,412551.5000511828,25000.634502785437,1087952.096836411,0.0,15100.53514122963,15186160.281600023,1733310.8208108386
109,270.7579281326584,216.14123571118867,1382.5186443849784,191.42754462073185,217380.14389311994,535798.6448647544,62616.711733955024,1077569.261175484,0.0,9296.806113020051,16059036.996000012,1893364.7616673135
109,173.82323376301778,218.89292104741963,556.0711564280151,187.06659905829594,139555.35790944242,542619.8757575805,25185.445018797287,1053020.9606837707,0.0,9972.336692701676,16931913.710400026,1760381.639369591
109,304.5026749830432,215.84313058392166,1355.4483096878826,183.4976854151893,244472.3807726234,535059.6636023805,61390.64845361222,1032931.1055627589,0.0,9763.445619893842,17804790.42480004,1873853.7983913752
109,413.24303809921037,192.07237659791465,688.915623077683,178.35687666025598,331775.44127470057,476133.6667595823,31202.205593736002,1003992.858964688,0.0,0.0,18677667.139200035,1843104.172592707
109,278.56754593059117,268.729879263232,1590.6672115830802,177.84177928528635,223650.1573046317,666162.1262141018,72044.12805344876,1001093.312303944,0.0,3762.965274411952,19550543.84279997,1962949.723876126
109,370.5018747580482,277.10848216389024,582.578906027759,169.94584056111714,297460.3602673256,686932.0827902323,26386.027826229452,956646.0992649463,0.0,0.0,20423420.557199996,1967424.5701487334
109,395.26150856703487,291.8307631903204,807.0160262917734,169.93601668115951,317338.8280826851,723427.5631520622,36551.181489110124,956590.7994328935,0.0,6355.192986030015,21296297.271599974,2033908.372156751
109,435.8720328571514,317.49372382334747,1720.906985617085,165.08903146849752,349943.3086777476,787044.2047667454,77942.91749842626,929306.5217972756,0.0,2047.2888213355327,22169173.98600003,2144236.952740195
109,236.28772534503548,271.4372995829217,838.0413346927747,157.5328811555574,189705.46897712926,672873.6273008605,37956.37251528017,886772.0196378409,0.0,0.0,23042050.7004,1787307.4884311107
109,442.45032673766497,314.0834299524845,1813.3027579501013,158.03949465219003,355224.74394422164,778590.3304813197,82127.68525191022,889623.8095009433,0.0,0.0,23914927.40400002,2105566.569178395
109,444.11660730512466,305.4441586106764,1204.1447104728832,154.35373662425758,356562.5304756034,757174.1955067567,54537.841155255606,868876.2229250423,0.0,0.0,24787804.11839997,2037150.790062658
109,467.1035314874124,353.04880778886496,1927.3003998871322,150.7400287411707,375017.76434767566,875182.7117207458,87290.83984119039,848534.2155018314,0.0,28292.70329394692,25660680.832800034,2186025.5314114434
109,189.43089741022817,268.36696836753634,653.1954715194879,149.50680687085259,152086.09410197122,665262.496092711,29584.37682716072,841592.2574764229,0.0,0.0,26533557.547199972,1688525.224498266
109,194.9849344469797,381.815496028042,661.2987276618431,145.2541746740408,156545.1966610853,946493.2718046773,29951.38761289806,817653.6662802149,0.0,9837.909490761347,27406434.261600062,1950643.5223588757
109,199.99305513420117,385.96220315063374,646.6518713270505,135.90433714215874,160566.0059615942,956772.6618045776,29288.005614652127,765022.2775148083,0.0,27963.330730893533,28279310.96520003,1911648.9508956322
109,204.29930519794587,291.90232142126973,2102.3621488101076,144.13226345929658,164023.31288129385,723604.9508821056,95219.69571049287,811338.2896651535,0.0,0.0,29152187.679599963,1794186.2491390458
109,207.15404450126812,404.9607155334166,829.3640125446561,143.85571210637187,166315.2629077008,1003868.6134662176,37563.361266008294,809781.5479870497,0.0,38315.19295156235,30025064.394000053,2017528.7856269765
109,208.8806969581203,353.5763148226683,2146.2242020588774,130.988562169083,167701.519487933,876490.3638813271,97206.28558795483,737350.7738326341,0.0,0.0,30897941.10839998,1878748.9427898491
109,248.38677622606608,336.817942490512,2207.3380957308473,139.8695945813605,199419.28766243102,834947.5589826525,99974.24179493941,787343.2007528766,0.0,0.0,31770817.822800085,1921684.2891928996
109,190.99057715640825,393.60542980355626,731.1360158358,126.85154556491655,153338.29532093494,975719.6733248697,33114.441767451724,714062.9970685604,0.0,0.0,32156305.473600075,1876235.4074818168
109,178.14791098766867,324.0809393180057,2187.770932071275,131.7897258633947,143027.45922100698,803373.440249539,99088.0103858378,741860.6230911121,0.0,0.0,31283428.75919997,1787349.5329474958
109,167.30602866428214,409.9995810191764,1317.0240825354736,144.46479745784262,134322.96825454003,1016359.6001585184,59650.34732640918,813210.164560895,0.0,0.0,30410552.044800043,2023543.0803003625
109,161.38057035503147,351.70878654583294,5459.7278057207495,133.1027926080684,129565.6671894111,871860.8950218448,247280.7173669314,749252.0377630992,0.0,0.0,29537675.330399953,1997959.3173412865
109,154.58241075165472,420.59603992618617,1465.8376266388925,128.35298116538303,124107.71098852606,1042627.4629476779,66390.37562988081,722514.7632650225,0.0,0.0,28664798.616000026,1955640.3128311075
109,144.92771559122716,452.8037866476943,1985.2620467021518,134.77086390435818,116356.36262472237,1122468.160585727,89916.02521932751,758641.8168457921,0.0,67688.37119999586,27791921.90159993,2087382.365275569
109,134.45935384514328,459.2299276689944,1964.065021053572,140.06863667493798,107951.75560773411,1138398.103984048,88955.97448146218,788463.6332493809,0.0,64211.48209154699,26919045.197999965,2123769.467322625
109,450.82258651775396,423.2074040070212,726.6917708306521,129.08923380780993,361946.4789207673,1049100.8474971652,32913.15406005432,726659.2202056907,0.0,0.0,26046168.48360004,2170619.7006836776
109,153.97919241177104,454.8004083255596,3496.3122256320453,124.33991029519323,123623.41237379209,1127417.6427416322,158354.1572140575,699924.6923261564,0.0,0.0,25173291.76919996,2109319.904655638
109,502.5964953902805,485.32440111480736,930.9719850891349,118.20863359142153,403513.5711135576,1203084.4349598181,42165.36584115786,665410.9794702784,0.0,5614.137716963189,24300415.054800015,2314174.351384812
109,305.66617263927134,394.3113004433872,1188.0487015322908,122.224104063243,245406.50406745917,977469.4760916892,53808.82447544902,688014.558062719,0.0,0.0,23427538.340399943,1964699.3626973163
109,125.63252503287886,373.3611381203867,1116.180276446399,112.33446139547819,100865.06628874263,925535.5239912238,50553.77654198801,632344.5396026967,0.0,0.0,22554661.63680003,1709298.906424651
109,261.0786162560852,452.41657651571415,4166.768309216191,110.24496124585504,209609.03180407718,1121508.2943977215,188720.29765387825,620582.4855215222,0.0,16752.745276900358,21681784.922399964,2140420.1093771993
109,203.15288711228553,352.08658957117,1459.3445259726018,105.39268008212471,163102.9020547624,872797.4416661505,66096.29163012285,593268.3963240874,0.0,0.0,20808908.208000008,1695265.0316751231
109,122.98701930943413,366.609749026523,549.3968216264957,100.39797972939708,98741.10109666623,908799.3139129189,24883.152604890234,565152.611944441,0.0,0.0,19936031.493599962,1597576.1795589165
109,245.3412785685913,349.00975099921635,614.6159657430368,115.06346516043025,196974.18578277834,865170.1791870777,27837.0428567627,647706.4384170538,0.0,0.0,19063154.779199973,1737687.8462436725
109,124.10926121705866,316.9233358053649,790.1038683357026,100.10803067500466,99642.10188746407,785630.253717208,35785.19997860001,563520.4529521747,0.0,0.0,18190278.075600035,1484578.0085354468
109,141.98143947986725,318.4194614269667,525.9263852785199,102.61009571943903,113990.92154806264,789339.0419915234,23820.135080287433,577604.8857159441,0.0,0.0,17317401.361200012,1504754.9843358174
109,180.74132949927878,346.4892190410043,599.4129119611273,96.22768708825627,145109.60578312972,858921.9609648366,27148.46969356957,541677.5202636538,0.0,0.0,16444524.646800028,1572857.5567051899
109,125.73946957150767,317.49434547790423,719.5001354013673,103.81870911618985,100950.92755735273,787045.7458038733,32587.43218686284,584408.3196081977,0.0,0.0,15571647.932400022,1504992.4251562865
109,145.26060514116872,343.2761084093875,475.910942104881,108.44506428197063,116623.62563255335,850956.8898086728,21554.847302672715,610450.6434952997,0.0,0.0,14698771.218000008,1599586.0062391986
109,113.01959488580334,326.74596937772907,500.4538403597938,95.21914283995827,90738.67557067731,809979.8589175234,22666.43852163043,536000.3002864846,0.0,0.0,13825894.51439998,1459385.2732963157
109,155.25099410274936,317.8619075371826,496.40085134052987,106.54258381169151,124644.48841945057,787956.9058267031,22482.871489018704,599741.34625795,0.0,0.0,12953017.799999975,1534825.6119931224
109,110.55908688367647,306.5000344069098,750.5221120993251,106.75008511294203,88763.23726221731,759791.635991474,33992.47231431633,600909.3966778854,0.0,0.0,12080141.085599996,1483456.742245893
109,123.82040184060511,281.79400495742044,641.192075167144,97.71434596417325,99410.18885263104,698547.1582523294,29040.721801403375,550046.1064549241,0.0,0.0,11207264.37119999,1377044.1753612878
109,133.38341918436865,279.8317364253826,493.9786806926349,106.64662833129765,107087.93295629106,693682.8350848081,22373.167101417366,600327.0256926597,0.0,0.0,10334387.660040008,1423470.960835176
109,101.07803500177704,267.6115256947337,586.5260557852181,104.80738178757134,81151.29977783958,663389.8078061431,26564.801211700513,589973.6800277533,0.0,0.0,9461510.94779999,1361079.5888234365
109,87.33207276434696,266.77093405446755,370.56489163994615,112.2343401985217,70115.24528543736,661306.0413269828,16783.538574892078,631780.945035122,0.0,0.0,8588634.235559992,1379985.7702224343
109,100.04626463382543,252.69599060963267,358.92608740013645,109.8294904898708,80322.93477816324,626415.2644723181,16256.396569992534,618243.7493879477,0.0,0.0,7715757.523319991,1341238.3452084216
109,81.60855777212302,228.4382492901062,697.9624546747509,112.37567814874012,65520.076009454126,566282.060904216,31611.952578718792,632576.5537908769,0.0,0.0,6842880.811079992,1295990.6432832656
109,76.86105116293635,220.7028565122305,335.45070786947997,115.11610173188116,61708.50278256453,547106.5761604325,15193.155159913596,648002.7361704494,0.0,0.0,5970004.098839994,1272010.9702733601
109,72.32360877726165,218.73813238257122,667.4621441449881,121.30382971189746,58065.581278816564,542236.1657422597,30230.539633587865,682834.220223549,0.0,0.0,5097127.386599994,1313366.506878213
109,144.07857358979743,219.665744622052,527.2637205561048,123.42170066828666,115674.62225342641,544535.6500550905,23880.70535751898,694755.9770755364,0.0,0.0,4224250.674359995,1378846.9547415725
109,135.62581971110868,209.03594332214234,399.56835309601564,128.9270020524615,108888.26195323154,518185.1338616719,18097.15658117183,725745.997643617,0.0,1468.0304448318202,3351373.962119996,1370916.5500396923
109,97.429756675757,185.91830816526544,315.456118174905,121.19379560594346,78222.25067134833,460878.17182466685,14287.56487060443,682214.8246684743,0.0,64353.846896553645,2478497.2488000016,1235602.812035094
109,76.16339943473845,159.67799994490264,191.61585384030548,74.27566402704934,61148.3875751951,395830.3268864135,8678.620525158709,418106.8746795069,0.0,408281.5613440321,1605620.536560003,883764.2096662743
109,53.25788302137014,84.46103109345087,95.7893993017782,34.0422226600684,42758.51257421395,209372.8475959123,4338.471114012652,191627.87044706428,0.0,838722.4619241573,732743.8246440007,448097.7017312032
109,73.70114128150838,127.60346610776935,148.8186001606305,56.17709176282713,59171.54414408081,316319.8544489918,6740.257301234673,316227.77895308705,0.0,600045.4091011091,1220132.887920002,698459.4348473945
109,99.55946636021696,161.46639913543453,221.50823521535744,100.43107620887942,79932.1049343476,400263.6404075993,10032.499284917309,565338.9161098836,0.0,268367.1613535823,2093009.6001600057,1055567.1607367478
109,106.78918884488586,160.97909270813506,366.59707085550383,149.83278315030552,85736.54480749747,399055.642671666,16603.828962091924,843427.2181624974,0.0,13061.953925069189,2965886.3124000067,1344823.2346037528
109,144.45098685129886,158.3735424880469,221.1773563500201,153.31493907478063,115973.6171856569,392596.6702666237,10017.5131965822,863028.703383805,0.0,15855.242466339492,3838763.0246400074,1381616.5040326677
109,146.63638533467605,147.4830863687999,359.14401197532976,156.74355769121865,117728.1816412823,365600.00944227015,16266.26675898423,882328.820494368,0.0,18621.964445312857,4711639.736880002,1381923.2783369047
109,110.64414196524979,110.13957157715534,192.53535947565067,72.0900047153001,88831.52440711742,273028.11054470914,8720.266559763739,405803.52881353325,0.0,886769.5457476247,1516738.0561199978,776383.4303251235
109,72.63104194687949,51.84049950351065,98.87474471106978,32.32110508298136,58312.40643038259,128508.8858296702,4478.211858108899,181939.4873065277,0.0,1278372.3031482392,643861.343772001,373238.9914246894
109,108.34192005597545,101.24133890154926,161.81762568521327,59.728022821247144,86983.16734011125,250970.02896858804,7329.00613106128,336216.40788675373,0.0,979284.9478542744,1309015.368360001,681498.6103265143
109,131.28479069803257,171.01789930743163,209.71769301394184,99.06507601501785,105403.0324790115,423941.1253250069,9498.484799679387,557649.5325230998,0.0,575210.1795853837,2181892.0806000032,1096492.1751267975
109,141.042355719666,240.28057571209163,244.6371768923464,139.8885936477033,113236.97072443165,595638.3400430301,11080.049912593466,787450.1488408467,0.0,176741.58411551896,3054768.7928400044,1507405.5095209018
109,145.63719970514802,267.38852297094303,336.7080993035815,160.01639669481688,116925.97755654604,662837.0000236991,15250.104639246589,900752.0349489073,0.0,0.0,3927645.505080004,1695765.117168399
109,194.62086255640733,274.2729318477498,721.3468594697556,151.91511293167144,156252.89866447303,679902.9566180105,32671.07358230591,855148.9093562901,0.0,0.0,4800522.2184,1723975.8382210797
109,199.68954300588356,296.7459700426114,630.9377017091055,147.23208712580598,160322.32884904568,735612.0089475258,28576.283112317946,828787.5794458523,0.0,0.0,5673398.930639993,1753298.2003547417
109,282.9470028074727,278.417855886169,861.7507735750279,144.98307306051825,227166.23889321505,690177.9264799384,39030.21488687749,816127.601857429,0.0,0.0,6546275.642879989,1772501.98211746
109,164.2622413159113,305.565906552684,350.61407981958655,139.42457785311387,131879.23951007743,757475.9999362912,15879.931062843243,784838.146696954,0.0,0.0,7419152.355119989,1690073.317206166
109,307.8666034432768,334.21098690934843,951.3665755947312,135.7112004274154,247173.13734058422,828485.1027881461,43089.0728738316,763935.0871241874,0.0,13194.370866709389,8292029.067359985,1882682.4001267492
109,219.81802196807547,332.47823564792793,375.6286269902546,132.16239915157487,176482.63737012105,824189.7364981276,17012.88409440104,743958.4469993684,0.0,0.0,9164905.77959999,1761643.704962018
109,311.831880758099,360.16411455040827,1067.4477377818598,126.90286125552021,250356.691592225,892821.0476360918,48346.59377594385,714351.8594207368,0.0,5555.0093199225375,10037782.49183998,1905876.1924249975
109,241.56616482498964,330.63473196078724,449.2693620658093,127.3916931811158,193943.3058582025,819619.8228760319,20348.20307822122,717103.5546271224,0.0,0.0,10910659.208400017,1751014.886439578
109,317.8115831637996,328.1134171385754,418.4032145442666,122.58457539360302,255157.5429591787,813369.6639899985,18950.220729452278,690043.6956452992,0.0,0.0,11783535.911999984,1777521.1233239286
109,335.3493152486517,363.99652940267526,433.6366397706163,113.80262309784902,269237.84986083396,902321.3296051836,19640.16946901769,640609.0029224573,0.0,0.0,12656412.626399992,1831808.3518574927
109,241.91665632685937,371.1235783896212,1318.7066363175118,114.77506822449848,194224.7007323442,919988.7736564098,59726.55315956351,646083.0164910557,0.0,0.0,13529289.340799972,1820023.0440393733
109,211.6314927680359,402.58919287361476,536.190921904954,110.7212496736149,169910.01765862026,997989.7786237736,24285.034077223543,623263.5718313555,0.0,2212.8839546857635,14402166.055199977,1815448.402190973
109,400.1299325162141,428.56794314014263,470.80162974943397,100.99305787364911,321247.4807522638,1062389.2401253483,21323.4375200856,568502.3802210691,0.0,4393.667833218817,15275042.76959999,1973462.5386187667
109,264.72862537053265,396.1742707934314,691.9052016139408,98.70357270108748,212539.4704877454,982087.6461770618,31337.60888697271,555614.5857777073,0.0,0.0,16147919.47320002,1781579.3113294872
109,281.9315949630152,441.17239858455963,539.9624200030846,97.0039628411669,226351.0106749291,1093634.7825326328,24455.85188874091,546047.2722300683,0.0,0.0,17020796.187600024,1890488.9173263712
109,253.066053096087,449.93152993939736,737.7077653820538,90.55134685285782,203176.0821036358,1115348.041895994,33412.08791392274,509724.7009044667,0.0,0.0,17893672.902000017,1861660.9128180193
109,320.49515886695974,449.21909418694946,815.7479978973108,86.93385481256988,257312.07293554646,1113581.9646851427,36946.66790885114,489361.39199359686,0.0,0.0,18766549.61640001,1897202.0975231372
109,371.8754756570495,396.4501159290423,1254.1053945069777,84.33046046083908,298563.1666122254,982771.4465142189,56800.64879470396,474706.56406012946,0.0,0.0,19639426.33080004,1812841.8259812777
109,391.28162174257767,383.1100033434556,642.794122734323,77.85406098401585,314143.54447069444,949702.2627363888,29113.281365866067,438250.1125439985,0.0,0.0,20512303.04519994,1731209.201116948
109,352.5145596775536,368.3558190455327,1117.8733873808956,75.91613464914046,283019.10210208717,913127.6964492085,50630.46052722725,427341.28616260417,0.0,0.0,21385179.748799965,1674118.545241127
109,234.91076894703775,409.26900993140976,804.8343553424535,72.22541136467383,188599.96864332317,1014548.5667501327,36452.3697577192,406565.74954521004,0.0,0.0,22258056.46320001,1646166.6546963851
109,419.23975903153246,383.3829653063045,722.3841107422423,72.372536298827,336589.95610034355,950378.9158947407,32718.052524824172,407393.9339473556,0.0,0.0,23130933.177599974,1727080.858467264
109,162.47366327214095,421.8146794642874,706.7285302151257,72.7620108445229,130443.26548264886,1045648.3830925305,32008.983625915924,409586.3342065958,0.0,0.0,24003809.892000046,1617686.966407691
109,167.67069830519856,385.5668888017967,752.7364482295553,78.01487902182727,134615.7461597433,955792.7058433491,34092.76350945633,439155.3771156749,0.0,0.0,24876686.606399998,1563656.5926282238
109,172.43879430462525,328.3337236991836,1891.7343623179588,71.61337097444996,138443.8497414185,813915.7881769927,85679.99116943259,403120.4986937207,0.0,0.0,25749563.310000025,1441160.1277815644
109,177.93335014559906,331.9111645134848,1383.5803500000154,78.84236527350305,142855.1973520948,822784.0077653532,62664.798256847935,443813.39929643145,0.0,0.0,26622440.024399966,1472117.4026707273
109,240.3801380060323,324.2691508834455,1238.867298200938,66.76586171612524,192991.0948468975,803840.0032419208,56110.488493687546,375833.2711404265,0.0,0.0,27495316.738800038,1428774.8577229325
109,207.23690674811888,337.3628113044115,1439.9964045944137,76.68195071066285,166381.78951790184,836298.2497527678,65219.98103290083,431652.15923599584,0.0,0.0,28368193.453199968,1499552.1795395664
109,213.65500519262235,368.27897035665114,717.8552330170929,81.964669455499,171534.61061166797,912937.1940528153,32512.931652027433,461389.23467176605,0.0,0.0,29241070.167600065,1578373.9709882769
109,227.3451889866549,368.08311971376884,718.1574651803571,86.1955153550695,182525.8829396641,912451.6943345086,32526.620280618958,485205.1881134724,0.0,0.0,30113946.871200044,1612709.3856682642
109,181.6020014893624,291.64423672992575,859.5166263587084,86.52120582340113,145800.6030970015,722965.1774144125,38929.02641265064,487038.5399334905,0.0,0.0,30986823.585599966,1394733.346857555
109,226.64233729884518,303.48618577647227,1785.0197040338492,97.4565296075615,181961.59290359638,752320.5210665383,80846.69577576635,548594.8263820198,0.0,0.0,31859700.300000064,1563723.6361279208
109,222.43850685857475,339.378613682841,1157.4337952005064,97.45301498246418,178586.51438858968,841295.2794917894,52422.221284001884,548575.0421238195,0.0,0.0,32067422.98560002,1620879.0572882004
109,206.03714570065296,309.8519687807568,1494.621305668136,98.39054185489675,165418.55187262144,768100.84126308,67694.03930178638,553852.4965322793,0.0,0.0,31194546.271199916,1555065.928969767
109,199.99563585289,280.2616900697013,1253.3813847373806,104.94302120868748,160568.07791200315,694748.6593789213,56767.85711321773,590737.2110602804,0.0,0.0,30321669.567600068,1502821.8054644226
109,240.02787684073047,328.3657248522737,1233.9866846702091,107.17637632850723,192708.27918447394,813995.1167438132,55889.43688488668,603309.0425131402,0.0,0.0,29448792.853199966,1665901.875326314
109,170.90205189934977,252.30857788136512,1031.34120521328,108.74620258863294,137210.06394800023,625454.8960626248,46711.26513083529,612145.7881687826,0.0,0.0,28575916.138800047,1421522.013310243
109,164.9905686921533,212.7313626814929,4565.662283219025,107.2210640942499,132463.98290407774,527345.8138144446,206786.9104145753,603560.5954587224,0.0,0.0,27703039.424399957,1470157.30259182
109,296.6893026804105,236.15057691627513,726.9951133288853,117.50335340236381,238199.3530273208,585400.3687886768,32926.892977678086,661440.8702900641,0.0,0.0,26830162.710000016,1517967.4850837397
109,139.5224876366485,230.450047405793,1682.9679583136078,120.08049943764286,112016.7326140889,571269.1643626546,76224.59192952569,675947.9432125061,0.0,0.0,25957286.00640005,1435458.4321187753
109,130.67406978965587,242.2458074572977,1017.3168319450838,126.08404768770393,104912.7103678288,600510.0088037917,46076.07649034163,709742.6568471972,0.0,0.0,25084409.29199997,1461241.4525091592
109,121.80439516268176,216.57912922157217,863.7109141266221,129.74137658577314,97791.62194765106,536884.1515182467,39118.99311520425,730330.2123443771,0.0,0.0,24211532.577600036,1404124.978925479
109,113.55589229372657,210.55324855583356,1498.5448376065888,135.54076509194212,91169.24618594196,521946.4248776271,67871.74299451188,762975.6855976827,0.0,0.0,23338655.863199968,1443963.0996557637
109,106.02436628305973,215.36290437297544,1510.3000705223435,131.26461859323243,85122.5009651284,533869.2172157534,68404.15825982553,738904.7294956126,0.0,0.0,22465779.14880001,1426300.60593632
109,308.15808590816357,158.46594545721564,1447.4562586922766,143.96945701828574,247407.1563427106,392825.7306099644,65557.85100342195,810421.8321265989,0.0,0.0,21592902.434400044,1516212.5700826957
109,157.20822843960428,219.54108720396462,563.6682198736934,144.78101589228396,126215.86948560212,544226.6332427096,25529.529443072246,814990.1971337732,0.0,0.0,20720025.730800014,1510962.2293051572
109,194.41588494621286,209.1324231834076,623.7339941009866,154.67345370509713,156088.3307690609,518424.3005285625,28250.0144688206,870675.9498100526,0.0,0.0,19847149.01639996,1573438.5955764968
109,192.6598819769976,162.4691306810379,552.094891406918,157.13766114063202,154678.50989785919,402749.3401008097,25005.35295160162,884547.277423607,0.0,0.0,18974272.301999994,1466980.4803738776
109,190.79209207193995,122.93276485549873,1214.9697199175114,158.5623987537123,153178.94000114826,304741.52052626613,55028.12495624778,892567.3011884084,0.0,0.0,18101395.587599963,1405515.8866720707
109,209.9641886040516,149.6656427496915,1516.14835556539,160.42667224043075,168571.4093246736,371010.4104116864,68669.03742088839,903061.5266024801,0.0,0.0,17228518.873199955,1511312.3837597286
109,141.88839687967976,125.17459657766706,1187.0222863016127,163.16043493175036,113916.22156067376,310298.86082183855,53762.336316407,918450.2140003716,0.0,0.0,16355642.169600029,1396427.632699291
109,130.84361026514188,131.75576610622394,2740.006162136102,168.42520849792066,105048.82727938528,326613.108787635,124099.71952317556,948086.2738119017,0.0,0.0,15482765.455200013,1503847.9294020976
109,134.3353529103094,98.36718506918122,876.8485093978701,168.44429990556785,107852.2004765401,243845.2074441411,39714.01801365186,948193.7417004646,0.0,0.0,14609888.740800023,1339605.1676347977
109,157.10589576280344,109.92459256833841,2479.276098705339,178.96252560729866,126133.71088673355,272495.192977085,112290.79434988603,1007402.1315941287,0.0,0.0,13737012.026400018,1518321.8298078333
109,197.7884298440589,156.58841850513917,419.2748144182145,186.21754639673412,158796.00511210205,388171.4757505917,18989.697027494265,1048241.5385215582,0.0,0.0,12864135.312000005,1614198.716411746
109,136.72278998904633,145.13967946996146,955.1223152456291,185.30153586109822,109768.97321627433,359790.8715578079,43259.17695743525,1043085.2022269577,0.0,0.0,11991258.608399985,1555904.223958475
109,199.37709557801054,152.9465535106187,475.85466648718716,193.13054359564626,160071.47796058416,379143.5532330587,21552.298480531983,1087155.652469469,0.0,0.0,11118381.893999975,1647922.9821436438
109,163.91736115273153,140.02248969982642,687.369661571257,187.02553830062965,131602.3497435803,347105.72457355657,31132.186266045323,1052789.8246140403,0.0,0.0,10245505.179600004,1562630.0851972224
109,172.0422892193723,155.0121766507187,905.8195414681237,190.38056113856925,138125.5124979587,384264.08507246076,41026.167235758905,1071675.662009428,0.0,0.0,9372628.46736002,1635091.4268156062
109,170.53519276623524,187.33295244834997,419.9342669510943,198.63347334823993,136915.52819167005,464384.9736958987,19019.564797684034,1118132.3228308395,0.0,12957.434206449485,8499751.755120018,1738452.3895160924
109,124.38522198998247,166.36679327611478,816.4114128093179,201.97593696295164,99863.65917644452,412411.3665517584,36976.71514219144,1136947.4628095026,0.0,0.0,7626875.042880016,1686199.203679897
109,132.82956858942507,182.77837546507476,364.21686928027344,202.86033347845634,106643.26962600756,453094.50352003705,16496.025427933288,1141925.8398852088,0.0,0.0,6753998.329559992,1718159.6384591865
109,123.30376732628889,192.66162738915412,733.109322537649,196.52238742126312,98995.40474700298,477594.377273209,33203.81631398258,1106248.759746345,0.0,0.0,5881121.617319994,1716042.3580805394
109,138.4741040373868,191.68170118770354,707.2251067591293,196.2012252095315,111175.02955026936,475165.2103950004,32031.474454836025,1104440.8980412867,0.0,0.0,5008244.905079995,1722812.6124413926
109,111.75086150418588,202.15240165639835,344.95401828990697,192.05990438909666,89720.06294145495,501121.3270214819,15623.57687721267,1081128.8923129153,0.0,0.0,4135368.192839991,1687593.859153065
109,115.71527785319336,205.68382457248512,295.96778466781194,173.740880458649,92902.92595988241,509875.47153563617,13404.903818368366,978008.8469646941,0.0,90911.32091170922,3262491.4805999924,1594192.148278581
109,118.20963081011118,164.52890192991308,254.1458025432674,118.07402641833839,94905.5369579595,407855.3655209354,11510.712366071391,664653.2590892564,0.0,495240.3163598017,2389614.7683599945,1178924.8739342229
109,153.16874578338658,226.6769157732983,354.8852488719183,159.77171928760995,122972.73888876826,561915.8412499453,16073.379854585088,899374.7156428866,0.0,0.0,31431373.07760004,1600336.6756361853
109,153.48250271911837,205.14054891380673,818.1665990402533,165.55439223208865,123224.64112597043,508528.7300832238,37056.21062726736,931926.0949375804,0.0,0.0,32304249.791999947,1600735.676774042
109,145.78702430694614,175.49824229698396,318.7220819214872,154.40733534800415,117046.26542298905,435047.57474652823,14435.486138273309,869177.9367523913,0.0,0.0,31622873.493599948,1435707.2630601819
109,166.49513844000262,179.730824766528,362.2747620614623,160.5378493821323,133671.93862504367,445539.8435817555,16408.0639611056,903687.3564467707,0.0,0.0,30749996.779200025,1499307.2026146755
109,119.31389968894074,228.59696248505446,1821.3543326249767,150.98993443912147,95792.10796044942,566675.4995486081,82492.35529268597,849940.9655013568,0.0,0.0,29877120.075600047,1594900.9283031002
109,111.67858897281221,175.87098032023638,1291.0300849684622,153.94190161267488,89662.03836807354,435971.56561338477,58473.033256123534,866557.9528451714,0.0,0.0,29004243.36119995,1450664.5900827534
109,103.98534294918846,172.26922798228705,1286.3560421747873,155.93184886420656,83485.45495589318,427043.0794989148,58261.33760092757,877759.6113831819,0.0,0.0,28131366.646800034,1446549.4834389174
109,97.13171651222167,217.03922042900209,1323.5758233677636,154.89264471978996,77982.96676900034,538024.6846730795,59947.08724287779,871909.803068876,0.0,0.0,27258489.932399947,1547864.5417538336
109,90.87338576000002,277.8786603892763,455.7000558327024,146.95232250602422,72958.41643050709,688841.2994564014,20639.460559258678,827212.7498922552,0.0,25817.744068775035,26385613.218000006,1609651.9263384223
109,86.73259635849354,240.0285619969672,813.5932609449102,148.17591766020684,69633.95091203271,595013.616090626,36849.07606576175,834100.5179450857,0.0,0.0,25512736.51439998,1535597.1610135061
109,84.17934272600091,207.74250721587882,608.3840523168836,144.64031123599634,67584.05104075381,514978.79838073126,27554.788488518723,814198.1532676714,0.0,0.0,24639859.800000034,1424315.7911776751
109,82.22079004836574,258.34812530585305,591.605056259322,135.885575119699,66011.61153428075,640426.5016194701,26794.838115633236,764916.6637760951,0.0,0.0,23766983.085599974,1498149.615045479
109,382.5700194134228,303.25235425608594,1381.969293797024,132.54519479345814,307149.36564493726,751740.8694728134,62591.83067535482,746113.2508852071,0.0,17372.289168259944,22894106.37120001,1867595.3166783126
109,131.28467198717942,215.9945711493711,625.732150626734,134.39623381861202,105402.93717106423,535435.0739190578,28340.514507775013,756532.9778826669,0.0,0.0,22021229.65679995,1425711.5034805639
109,300.4136451211279,316.236267372458,820.7368965950105,122.76882833598341,241189.47080985067,783927.0602748758,37172.62394415852,691080.8781854797,0.0,7289.529597922345,21148352.942400057,1753370.0332143647
109,274.8499490816324,252.29604584391876,1896.1423835126323,125.59512728185538,220665.45527379282,625423.8300392486,85879.63823646134,706990.4635745537,0.0,0.0,20275476.23880003,1638959.3871240565
109,268.0518287091893,252.85909783206503,1865.8927865008548,126.33914535227777,215207.53056977308,626819.595596175,84509.58054946545,711178.6330672706,0.0,0.0,19402599.52440001,1637715.339782684
109,255.70200546201227,306.2191003667634,1363.7443083536264,121.86962446849006,205292.37730707487,759095.2206244039,61766.38888872892,686019.1486989489,0.0,0.0,18529722.81000002,1712173.1355191567
109,239.50649825164982,280.1940914209016,815.065248355235,104.40023961541984,192289.68626090267,694581.0871694704,36915.74497595885,587681.8265199005,0.0,0.0,17656846.0956,1511468.3449262325
109,135.24125532053264,284.11747630567965,1570.2216227882395,105.03559994756029,108579.5113909262,704306.877334545,71118.11121816258,591258.3482009431,0.0,0.0,16783969.3812,1475262.848144577
109,298.4527544126355,338.99798652449533,692.2663501033852,103.8403245116892,239615.15419681353,840351.7320239992,31353.96594005734,584529.9953357133,0.0,23786.639960629982,15911092.677599978,1695850.8474965834
109,213.68679468557494,323.67916734456884,633.6764806317846,101.89698227682646,171560.13305749247,802377.4762993756,28700.3272479981,573590.6821852411,0.0,0.0,15038215.963199966,1576228.6187901073
109,143.83020045338077,291.66402195707246,1602.3753126535332,93.08178508501985,115475.21391659284,723014.2235756351,72574.40863422654,523968.84984177543,0.0,0.0,14165339.248799982,1435032.69596823
109,137.48574016041826,359.5846000764347,1541.2883955865236,100.51292708845288,110381.51379515944,891384.472755723,69807.67424533694,565799.6648072734,0.0,9511.77844296163,13292462.534399979,1637373.325603493
109,148.96553660557453,342.46933639835714,1458.5206819953778,93.4685966446154,119598.15915923954,848956.9597684722,66058.97828100811,526146.2598237785,0.0,0.0,12419585.81999997,1560760.3570324983
109,221.00472851083967,346.3400544351056,1461.6859699265344,91.5613274033869,177435.39410305998,858552.1925888981,66202.33976314448,515410.00600406184,0.0,0.0,11546709.11640001,1617599.9324591644
109,243.72555575913404,372.8901306879562,775.6823308479107,88.16348625958736,195676.9899472454,924367.930296355,35132.02306897851,496283.139083369,0.0,12876.842341887532,10673832.399839997,1651460.0823959478
109,258.4521625088472,355.3764665667163,950.4022009567371,83.4911411942193,207500.36264177115,880952.8111410469,43045.394642831925,469981.93237865577,0.0,0.0,9800955.687600018,1601480.5008043058
109,278.7637305245479,366.9288124217386,1009.6752593204673,91.0648059791575,223807.66565741767,909590.2492206586,45729.97616672353,512615.02566137013,0.0,0.0,8928078.975360012,1691742.91670617
109,193.72849219270927,375.8869793119251,1017.9301145959082,84.48444589131701,155536.452060658,931796.9034226718,46103.85314501032,475573.3670423264,0.0,0.0,8055202.263120016,1609010.5756706665
109,268.73895418181183,373.797297244333,1237.7314384989904,89.62993281307352,215759.19468960684,926616.7312249423,56059.04340119933,504537.9476184949,0.0,0.0,7182325.549799989,1702972.9169342434
109,169.7440929765125,374.4840208288613,758.1510875261541,89.12965614361852,136280.38746907044,928319.0698128394,34338.00208859267,501721.8285372205,0.0,0.0,6309448.83755999,1600659.2879077229
109,245.62365983837142,378.58869531178954,773.5614451455964,82.79856810542952,197200.89781843644,938494.2639090859,35035.96440880647,466083.35303326516,0.0,0.0,5436572.125319991,1636814.479169594
109,275.86549615880307,404.60253935505233,838.5716965393377,81.77689915859234,221480.7952761636,1002980.7203700255,37980.39354023763,460332.252509093,0.0,20456.964706732426,4563695.413079994,1722774.1616955195
109,180.08582903523487,389.5273547927217,763.7219059038392,83.70444972914224,144583.33205154,965610.4174150828,34590.31429421425,471182.67243325314,0.0,0.0,3690818.7008399963,1615966.7361940902
109,167.98337044448908,309.5279703891198,553.8879486030379,71.32296070515767,134866.7774595435,767297.6724526201,25086.563679592833,401485.74346589245,0.0,328049.14822363283,2817941.9886,1328736.7570576489
109,143.5085992601999,219.16019735596214,385.7496923512434,49.580906968675016,115217.01385526129,543282.4345860721,17471.28502427167,279097.0411102444,0.0,691593.7585277841,1945065.276360005,955067.7745758495
109,106.03706895246377,126.30446875353127,220.03173523736248,28.77297606228085,85132.69940371862,313099.73303257837,9965.625992558615,161966.63138881422,0.0,1072252.213642921,1072188.5640119994,570164.6898176698
109,95.74859529416588,103.52084833701105,174.9646341947427,24.02895584749311,76872.5169606561,256620.7696172112,7924.457371699899,135261.95642691874,0.0,1169649.8359784486,880688.148336001,476679.70037648594
109,148.8227174544957,196.55653931778693,322.6553486854663,45.70593396596861,119483.49567430919,487249.5850190255,14613.630738444244,257284.34010175502,0.0,781473.7797443303,1753564.860360004,878631.051533534
109,185.20400053020526,279.93683439965986,461.8142319715372,72.54277260536169,148692.49651338806,693943.3654366889,20916.38239776767,408352.2151154147,0.0,406283.8485698929,2626441.5726000057,1271904.4594632592
109,196.8347172704241,329.49515523699876,614.9371196221542,110.76245178818151,158030.30942991382,816794.8937859569,27851.58848329194,623495.503616514,0.0,41136.41110944841,3499318.2848400064,1626172.2953156768
109,198.18527977035077,338.91314114384113,813.8768722458267,117.39820379449252,159114.61921391715,840141.4064013666,36861.921322602306,660848.9701771977,0.0,0.0,4372194.998160006,1696966.917115084
109,220.60081022439286,324.6765983119235,668.2040236401931,122.87478551721178,177111.10511239432,804850.0362386964,30264.140666515163,691677.324228387,0.0,0.0,5245071.710399999,1703902.606245993
109,185.55819713649967,307.6860953242391,786.6437322153113,125.93250429575667,148976.86605991898,762731.7960684769,35628.48430110029,708889.6004011137,0.0,0.0,6117948.422639994,1656226.7468306099
109,223.87357361057798,325.73722850048466,562.5688492657787,133.25256218994434,179738.6690796754,807479.2625215196,25479.737006113686,750095.1092134924,0.0,898.6889360814821,6990825.13487999,1762792.777820801
109,308.02942224495786,312.17035062551946,586.734538635823,134.26729016643728,247303.857703168,773847.9438306008,26574.24376830604,755807.1381594312,0.0,0.0,7863701.847119986,1803533.183461506
109,227.53549489457401,316.2433484454485,914.3548997346561,139.31889519939747,182678.67154287317,783944.6137477243,41412.7486900432,784243.2460032745,0.0,0.0,8736578.559359988,1792279.2799839152
109,198.24892693912176,280.84434931028596,794.0377515128713,141.77272952390783,159165.71884671922,696193.0299105135,35963.37249721325,798056.182095353,0.0,0.0,9609455.271599984,1689378.303349799
109,174.29501440093335,276.93948641716054,1499.4973211394167,147.65420468207049,139934.13072567488,686513.1544363355,67914.882656352,831163.7312380844,0.0,0.0,10482331.983840002,1725525.8990564467
109,175.46560877866125,267.69203134154475,515.9267390691359,150.91356036879762,140873.9516794912,663589.3755393588,23367.23343828963,849511.046438795,0.0,7621.901936006965,11355208.700399997,1677341.6070959347
109,186.18785655661995,277.677127407535,649.2310070206643,155.05200404797313,149482.39310503044,688341.7136269911,29404.819226465377,872806.8563841238,0.0,9211.402462300262,12228085.404000016,1740035.7823426109
109,184.64496639665808,262.61452412059606,463.95365986629906,158.8995086529954,148243.6715381426,651002.5987527649,21013.280866591922,894464.9343938341,0.0,10224.115570940194,13100962.118400028,1714724.4855513335
109,200.6132820157972,286.3250099335967,879.328413489451,164.20354166403035,161063.96001855415,709779.1951106485,39826.33725090848,924321.990463143,0.0,8259.569125524373,13973838.832800014,1834991.4828432542
109,215.18832601820594,267.84484271628867,954.2801381097613,166.14261211500164,172765.64936277102,663968.1839941097,43221.03326717853,935237.2572151674,0.0,0.0,14846715.547200022,1815192.1238392268
109,277.74071091186704,234.19799839171742,1028.4126573468266,172.12557280963205,222986.3262708159,580560.0664557709,46578.62602444958,968916.0809608732,0.0,9759.722760788747,15719592.26160004,1819041.0997119094
109,251.34111239244066,220.1657905315267,1025.4079259510434,176.23707681995188,201791.19981800232,545775.2280550272,46442.53643143622,992060.2441872167,0.0,9565.60308011307,16592468.965199972,1786069.2084916825
109,210.20023411727146,210.29460093622586,410.4539399233014,181.3903522133663,168760.92033173048,521305.255951081,18590.18403883936,1021068.6670310522,0.0,866.3842588422121,17465345.679599978,1729725.0273527028
109,279.35424647362095,252.47029759350227,415.5681715308241,183.9989949047083,224281.76605723234,625855.7876478231,18821.816623043236,1035753.0385155715,0.0,0.0,18338222.393999986,1904712.4088436703
109,235.77674098520174,224.14277669825583,619.3185821054196,189.2393051907317,189295.22114271176,555633.8919595245,28050.032659362936,1065251.3915056195,0.0,7153.33985500643,19211099.108399976,1838230.5372672188
109,156.4576702763396,196.48099460289353,1209.8699848298133,193.58489923900203,125613.27792842823,487062.3150807678,54797.148945036024,1089713.276430492,0.0,6188.77353167301,20083975.82280002,1757186.018384724
109,183.91366842602747,218.51203095866327,569.2980279434054,197.56130227179426,147656.5431789444,541675.6765041314,25784.513396055732,1112096.9395896853,0.0,7481.812967498554,20956852.5372,1827213.672668817
109,221.23956837624917,210.66707630666008,504.28990896152743,198.87364764435077,177623.93714623747,522228.5957204104,22840.18084532494,1119484.2935690437,0.0,0.0,21829729.240800027,1842177.0072810166
109,257.59227780201945,207.47764668306692,296.1005629818612,197.53202143969074,206809.99740448757,514322.2280872755,13410.917582775168,1111932.1141739965,0.0,0.0,22702605.95519997,1846475.2572485348
109,137.09114277801552,211.816231629179,674.1837382039828,195.1748490300234,110064.70816602,525077.2694707885,30534.972502753233,1098663.299923775,0.0,0.0,23575482.66960004,1764340.250063337
109,138.60684854673764,193.29888331583797,612.0388924218953,192.06055764670026,111281.60452941297,479174.0890798236,27720.32265344206,1081132.569580545,0.0,0.0,24448359.38399999,1699308.5858432236
109,141.23478957283083,137.11309258266795,250.075868801324,186.95500432209397,113391.46776531011,339893.5374699819,11326.377877035306,1052392.7801485271,0.0,0.0,25321236.098400068,1517004.1632608543
109,142.92509637580872,204.8433555919889,236.4542703487962,181.2399638220107,114748.54394988935,507792.0091212616,10709.431619477198,1020222.1122257682,0.0,0.0,26194112.80200003,1653472.0969163962
109,145.5469497584777,154.33037521686475,321.7467173305615,179.4132882412036,116853.51967311915,382573.94814359676,14572.477219210647,1009939.5300617567,0.0,0.0,27066989.516399957,1523939.4750976833
109,147.13846608853524,160.1919340013701,350.45637400982326,176.68054654672034,118131.28114522887,397104.3326081771,15872.788288119136,994556.5899809966,0.0,0.0,27939866.23080005,1525664.9920225218
109,149.1342033767845,99.40463407451179,514.2065777432806,172.38501101308663,119733.57461040834,246416.9692338033,23289.32429303908,970376.4906097099,0.0,0.0,28812742.945199985,1359816.3587469605
109,149.72931269745715,171.98288233501256,326.7933343482057,165.4510287606564,120211.36283493845,426333.24914531404,14801.04741919234,931344.2492070484,0.0,0.0,29685619.65960008,1492689.9086064934
109,152.36187566978765,123.92775773518176,341.4294614010473,168.6902335858877,122324.9368369249,307208.036620847,15463.943469304577,949578.132722799,0.0,0.0,30558496.363199934,1394575.0496498756
109,200.66516007759793,223.6399637502012,1768.4404682546765,137.67713468999406,161105.61073074903,554387.4546691034,80095.7928987816,775001.5735853892,0.0,0.0,17859233.50559999,1570590.4318840231
109,241.63645626499945,276.27086939115395,1388.760321213347,133.29468440334276,193999.73989671495,684855.7007103538,62899.40830393316,750332.220348469,0.0,0.0,18732110.219999988,1692087.0692594708
109,268.3473272424876,235.758357313099,1943.9988213690874,132.54839797772522,215444.7739041848,584428.0844803185,88047.14084920523,746131.282004558,0.0,0.0,19604986.93440003,1634051.2812382665
109,262.35207654692107,262.0758814511022,1485.1729438808554,130.77982859292976,210631.4394697484,649667.34214876,67266.10630515366,736175.7867852706,0.0,0.0,20477863.64880001,1663740.6747089326
109,288.3785069255633,194.59199303320344,833.7104665282609,128.0236781753427,231526.96492952935,482379.6154660596,37760.219845284344,720661.0761147031,0.0,0.0,21350740.36319998,1472327.8763555763
109,148.32676663214212,249.53197790596815,2046.676039690623,110.04865162722731,119085.31763435053,618571.9035635113,92697.57345450588,619477.4344635596,0.0,0.0,22223617.066799987,1449832.2291159274
109,139.69045266555253,253.36769159946203,1230.3961159824019,110.02973347199111,112151.58466589765,628080.3631237656,55726.81368598913,619370.9418341888,0.0,0.0,23096493.781200044,1415329.703309841
109,134.01732700334276,167.12872075757826,2236.3526237959913,108.22131754175794,107596.8708620208,414300.1302146017,101288.3610274942,609191.1454955782,0.0,0.0,23969370.495600004,1232376.507599695
109,149.60524271696713,256.3613021500898,781.737660639088,107.9786696456841,120111.75226989333,635501.309298157,35406.27965244531,607825.2505580649,0.0,20105.30515786924,24842247.210000012,1398844.5917785605
109,141.23044929080743,232.52783938384482,953.5502196502019,98.7891001455204,113387.98313556245,576419.8618798956,43187.97397068574,556096.0303121937,0.0,0.0,25715123.92439996,1289091.8492983375
109,127.2844131708765,232.20128959807212,916.0093335293384,106.97041339228831,102191.29774430809,575610.3683460857,41487.680919293976,602149.6517397242,0.0,0.0,26588000.63880004,1321438.9987494121
109,122.57486148784261,212.99606128331047,1011.0276290980645,106.20356183799876,98410.19693004718,528001.9826925617,45791.22738302028,597832.9497498187,0.0,0.0,27460877.34240006,1270036.356755448
109,155.24797999471716,144.2942827209202,998.202043313643,101.98681039564923,124642.06851897982,357695.19355810113,45210.33394542075,574096.3357463544,0.0,0.0,28333754.056799997,1101643.931768856
109,132.76970768377853,195.6357074812418,2205.5011805021445,102.63193484821262,106595.20982449867,484966.90883950895,99891.0446591738,577727.8208656578,0.0,0.0,29206630.771199923,1269180.9841888393
109,137.05139977205508,116.0429108721555,766.556102066496,96.43521744774742,110032.8001793767,287662.0659027899,34718.680045255176,542845.7342560102,0.0,0.0,30079507.48560002,975259.2803834318
109,148.9204612212063,145.62689122194274,858.5070226294373,95.57960565374034,119561.97003042036,360998.6346004074,38883.29967620621,538029.3899281971,0.0,0.0,30952384.19999994,1057473.2942352311
109,144.20633303343564,139.40627521864465,2239.1154182266478,94.89433785106735,115777.1949331382,345578.1730035063,101413.49286795597,534171.9329394618,0.0,0.0,31825260.90359996,1096940.7937440623
109,149.5460897747835,136.34311638170342,582.9030326906346,93.18857155902101,120064.26086244958,337984.82160788623,26400.708095386763,524569.9640759937,0.0,0.0,32101862.381999936,1009019.7546417164
109,144.06829946441505,138.32754895950907,699.8289070719542,100.1160241591075,115666.37359061015,342904.08785763825,31696.48750502557,563565.4492601824,0.0,0.0,31228985.66760007,1053832.3982134564
109,136.18105632431582,200.68485473579486,832.3708999207269,92.4562443453211,109334.03805923928,497483.3833003426,37699.54850717758,520447.6038578297,0.0,0.0,30356108.953199964,1164964.5737245893
109,444.35178205417,125.41952659481899,660.1683527742763,98.50829624456327,356751.3423827563,310906.0247942518,29900.19093734251,554515.3505166655,0.0,0.0,29483232.23880004,1252072.908631016
109,396.16945626492105,201.88677647754668,569.5992866452007,100.71984763184876,318067.7810724466,500462.8612252519,25798.15793485763,566964.446069609,0.0,0.0,28610355.535200022,1411293.246302165
109,271.274246655066,184.47582548044485,493.8685343284381,103.3412642786596,217794.67430214517,457302.36054911517,22368.17837800053,581720.7237251243,0.0,0.0,27737478.820799932,1279185.9369543851
109,331.88030649978015,244.98870486916874,740.4191181493848,107.92931350557748,266452.7287521116,607309.4550614568,33534.88987057668,607547.418757346,0.0,0.0,26864602.106399998,1514844.4924414912
109,326.002160243695,252.94416514212486,1689.4678545646543,106.19663629045598,261733.41254303453,627030.4713659112,76518.98371332217,597793.964988437,0.0,0.0,25991725.392000057,1563076.832610705
109,304.8913983440891,160.4050636801659,1660.6068157040074,111.21630313303145,244784.47039726176,397632.6658191145,75211.81627799002,626050.2888190427,0.0,0.0,25118848.677599974,1343679.241313409
109,256.34605901932315,191.31070669975753,487.0500346415239,116.91071122788449,205809.460799066,474245.5416273092,22059.356481755145,658104.8143877625,0.0,0.0,24245971.973999962,1360219.1732958928
109,281.6536156580901,187.39027245368877,925.5659000421123,116.80094704557149,226127.83279156784,464527.0658842917,41920.51469909659,657486.9382661579,0.0,0.0,23373095.259600006,1390062.3516411139
109,313.9670409376523,203.4220945208193,448.1610445272767,122.25926778616554,252070.9218283153,504268.80470621306,20298.005418969507,688212.49899648,0.0,0.0,22500218.545199938,1464850.2309499779
109,215.84809565045674,194.1091051503499,515.7937247088356,125.4759716975588,173295.3506298184,481182.5709853837,23361.208982931123,706319.7220927582,0.0,0.0,21627341.83080005,1384158.8526908914
109,176.73926605447267,218.94998267936487,861.6261257828045,134.2860010344205,141896.51749610787,542761.3274568337,39024.569368167395,755912.4639432862,0.0,60.3988658945309,20754465.1164,1479594.878264395
109,238.70234623095655,286.00184702273083,282.93655609043935,139.2929416922959,191644.0664514447,708978.0973971894,12814.696455391639,784097.1505104458,0.0,652.9344804494176,19881588.412799995,1697534.0108144716
109,230.37463804453097,239.59537309769604,357.9862512425928,142.05603955189918,184958.10007420843,593939.7718311711,16213.82973012164,799650.9691890865,0.0,1831.7627467928687,19008711.698400017,1594762.6708245878
109,274.58708576374335,253.52432368861335,381.31425362859034,142.5427292810725,220454.41338016838,628468.6428559206,17270.39616896546,802390.6057075721,0.0,0.0,18135834.983999986,1668584.0581126264
109,196.52934183231253,235.69214421549032,257.2212639995973,149.0744952131797,157785.1363443612,584263.9469530471,11650.005448477212,839158.7218299248,0.0,5174.898269556463,17262958.269599993,1592857.8105758103
109,194.9425610693656,298.69421737475557,999.0090079930366,151.51785136253676,156511.17685975754,740441.5745646071,45246.882801318134,852912.6749815872,0.0,0.0,16390081.555199984,1795112.30920727
109,248.8576622740303,295.571768944471,287.62639323892625,153.8779586645838,199797.34225004617,732701.2485129782,13027.107464819028,866198.0101030316,0.0,0.0,15517204.84079997,1811723.708330875
109,384.4231467533865,290.3971705431128,914.7627734170895,158.75013519067653,308637.16358530347,719873.7896431134,41431.22200966209,893624.0927492888,0.0,0.0,14644328.137199977,1963566.2679873677
109,319.2057287001397,291.62997421329027,316.0510397400152,161.6457772110373,256276.84372864346,722929.8216570508,14314.509919264798,909924.0188580988,0.0,0.0,13771451.422799967,1903445.194163058
109,270.7785676630139,327.98623494294543,339.7079164152021,169.78995707465768,217396.71450329383,813054.3884348957,15385.97165564874,955768.611891505,0.0,7302.856432631379,12898574.708400028,2001605.6864853431
109,264.02047333919955,305.9230454795267,244.39589614504888,173.2703106936723,211970.92502896208,758361.3217602419,11069.121881306624,975359.9517130619,0.0,7154.990868259571,12025697.994000012,1956761.3203835725
109,200.56075467166377,336.414722865171,435.3552404981507,176.14178265983992,161021.7880249036,833948.0064070891,19718.007932013363,991523.8216054528,0.0,15297.333820068045,11152821.279600004,2006211.623969459
109,178.32280735440781,305.09263225498563,286.5855864457845,181.3104677236373,143167.8761522132,756302.7868447601,12979.967486489193,1020618.9873846502,0.0,4837.145812479546,10279944.571679996,1933069.6178681126
109,246.3483687622149,335.92431233521194,328.0937091197153,186.3801970931942,197782.73610931204,832732.3138229559,14859.943689810048,1049157.1193548255,0.0,732.8702516022604,9407067.859440006,2094532.1129769036
109,186.60542385646553,334.5426341858014,455.1091410930179,187.51754048023503,149817.64031404667,829307.2326363071,20612.69698680022,1055559.3655712965,0.0,16096.824520441936,8534191.147199998,2055296.9355084505
109,206.17461730064653,331.0360991032295,373.7365861843482,193.55893998778112,165528.92203387182,820614.7832791507,16927.190223860132,1089567.148603307,0.0,3281.3983594297897,7661314.434959997,2092638.0441401897
109,194.92508087745236,368.0776770669674,434.8303289847637,194.6101689956174,156497.1427494377,912438.2024028506,19694.233762273892,1095484.6463570641,0.0,564.4728886495577,6788437.722719998,2184114.2252716264
109,210.77867884552063,361.9112145687716,354.002080479637,200.66090569177047,169225.32925644133,897151.983467018,16033.379597911066,1129544.9895754815,0.0,10327.465388574172,5915561.010479999,2211955.681896852
109,189.23233110379743,352.2333225162599,408.2658569221174,201.03716845319852,151926.67357248964,873161.1821290819,18491.081894292114,1131663.01907141,0.0,2662.1733814638574,5042684.298239999,2175241.956667274
109,146.81334398442496,377.89463720305366,380.7191597297767,193.442881211436,117870.25429271247,936773.7435609234,17243.443315007225,1088913.8394354603,0.0,12238.67262095958,4169807.5859999997,2160801.2806041036
109,136.45765468227756,333.45380523921324,302.19516568483346,159.8097047132435,109556.10723840976,826608.1036517251,13686.952905795903,899588.5402892637,0.0,302343.7280261195,3296930.87376,1849439.7040851945
109,122.27869948533542,246.75789295767962,225.7255578087485,115.87216416942113,98172.42092413409,611695.1456364918,10223.509275409653,652258.7048913387,0.0,761460.7885692356,2424054.1604399965,1372349.7807273744
109,107.97603989918481,158.0881469685871,163.35150041359032,73.606540747134,86689.41756266497,391889.1952118343,7398.478027221863,414340.2972007943,0.0,1218773.364132911,1551177.4481999995,900317.3880025153
109,77.90139364398776,69.13711757011288,81.45795916545283,33.866540399919515,62543.7499710357,171385.96335879143,3689.3748726032445,190638.93333435492,0.0,1677064.7537556281,678300.7362839999,428258.0215367853
109,101.63385165880395,126.5545077852416,153.84858496463855,61.295305540754,81597.5415766153,313719.5618862114,6968.074198878652,345038.8356385079,0.0,1321212.3409995155,1274575.976280003,747324.0133002133
109,112.73220432893835,208.95894062648816,248.17233069248815,102.8551569637317,90507.94178926713,517994.24969351816,11240.163273333816,578984.3656882667,0.0,831924.2553263054,2147452.6885200036,1198726.720444386
109,116.11918210749872,288.8999110187747,352.68365647462133,138.23835221249362,93227.20368473236,716162.1905051166,15973.665845622454,778160.7362454796,0.0,393569.61269762774,3020329.4007600034,1603523.7962809508
109,114.94046278810735,362.1917034513004,495.6173388832471,166.94473020383197,92280.85955724533,897847.2953202331,22447.384825690948,939752.478878115,0.0,181.5594280459918,3893206.1130000027,1952328.0185812844
109,115.33044187872645,363.7541163392328,595.3421748545076,159.89315988706872,92593.95735430246,901720.4049807701,26964.098818728082,900058.3197568858,0.0,0.0,4766082.825239996,1921336.7809106866
109,127.7532433373114,368.90137662757115,691.9793195673928,157.8196050933477,102567.70175117847,914480.0946262158,31340.965820019846,888386.024050937,0.0,11552.62992132944,5638959.537479989,1936774.786248351
109,131.44313552418552,331.59754641472057,598.6463951213576,149.995230129505,105530.16087496007,822006.570957564,27113.752791783096,844341.6522461764,0.0,0.0,6511836.249719983,1798992.1368704834
109,148.79620565910304,323.6378358329387,1007.9622852422109,154.81245239424058,119462.21046970939,802275.0184419069,45652.39254461358,871458.3905766697,0.0,0.0,7384712.961959979,1838848.0120328995
109,131.50174746404932,317.7331741660043,781.5667626957785,144.4612323960403,105577.21793441284,787637.7850184997,35398.53938268794,813190.0963882608,0.0,0.0,8257589.674200024,1741803.6387238614
109,186.62854819888187,327.8088888267739,833.8063932154462,150.61018047252858,149836.20587523474,812614.7601131455,37764.56453440913,847803.2835809168,0.0,0.0,9130466.38644002,1848018.814103706
109,118.06371493073948,340.96351670028787,923.3143119347166,140.5892038223587,94788.38724022872,845224.1405728133,41818.53629610216,791393.9699339462,0.0,19923.087658723467,10003343.099759988,1773225.0340430904
109,168.69409458464682,292.3255329737755,649.7919175093953,140.10803794918908,135437.38795623818,724654.0620134342,29430.223853393243,788685.4278822707,0.0,0.0,10876219.812000005,1678207.1017053362
109,193.04158656941456,308.9018275892855,690.9805614141555,137.12597178276002,154984.96444859577,765745.5092916243,31295.73029887357,771899.009594861,0.0,0.0,11749096.526400017,1723925.2136339545
109,141.3484008628686,303.70510154592876,1377.6822669925753,143.27454842284376,113482.68148801297,752863.1975818658,62397.66365800561,806510.1059261793,0.0,0.0,12621973.240800021,1735253.6486540637
109,150.21702037952195,284.3326218419705,829.7212885488174,143.62737628102886,120602.92280452531,704840.2077118515,37579.54292739339,808496.217461068,0.0,0.0,13494849.944400022,1671518.8909048382
109,177.54734916110186,260.97681735729026,707.8968166026092,143.56764824641664,142545.29340899855,646942.840967177,32061.89738027639,808160.0009868083,0.0,0.0,14367726.65880003,1629710.0327432603
109,206.32045612451236,254.90267823417776,1190.185991196957,138.64961393140203,165646.00988698032,631885.4850666472,53905.626100054884,780475.7791901713,0.0,0.0,15240603.373199956,1631912.9002438537
109,165.4380566783525,305.44989496117614,1692.876891478808,138.01962129647669,132823.25217276104,757188.4155088497,76673.38501750055,776929.4729388558,0.0,23585.355470473412,16113480.087599967,1743614.525637967
109,226.97143794777668,242.45916319454764,1194.9379503031128,145.1063427880932,182225.81396228683,601038.9023974482,54120.850722688505,816821.5023592163,0.0,0.0,16986356.801999975,1654207.0694416398
109,369.5507434313511,381.12749060304486,4312.074546521392,107.30706066356959,296696.7369596551,944787.755626054,195301.47383652066,604044.6807550628,0.0,0.0,23165022.697199967,2040830.6471772925
109,438.32947324133846,387.91837307925,1529.352459097439,105.22170631425814,351916.28412488435,961621.8669709545,69267.07459595984,592305.9638952257,0.0,0.0,22292145.99359996,1975111.1895870243
109,363.80918688807526,430.9831942300158,1000.4925856040454,92.04644790632642,292087.08288172807,1068376.4746144272,45314.07665217923,518140.809154514,0.0,0.0,21419269.279199988,1923918.4433028484
109,332.6849253685526,376.23188177623115,804.0263270488117,94.74530923289831,267098.7233742421,932651.8919322806,36415.77272885356,533333.0324651722,0.0,0.0,20546392.564800013,1769499.4205005486
109,292.03287144574347,383.3615870008952,1094.6987166906476,85.5855905864968,234460.90038513482,950325.9206065899,49580.83875175663,481771.8463572185,0.0,0.0,19673515.850400034,1716139.5061006998
109,324.52803143982567,428.9835990319601,762.4950007851193,79.14026904749826,260549.89657468544,1063419.621314912,34534.7455939614,445490.33638655307,0.0,6011.193823439884,18800639.136000004,1803994.5998701118
109,238.5007400563053,337.9896128649026,884.6212603499257,72.32902003588877,191482.20533972146,837852.0459342564,40066.05963545668,407148.97553556407,0.0,0.0,17927762.43240001,1476549.2864449986
109,315.6409334113228,406.01423048045643,683.7593836439434,70.3025463317026,253414.8196387972,1006480.2015748513,30968.67040087258,395741.7050900393,0.0,5207.766089656157,17054885.718000006,1686605.3967045601
109,257.43556865406896,378.4851969139499,554.1354566401324,70.66539845792299,206684.18222571965,938237.6987926438,25097.773755835588,397784.2444661877,0.0,44195.906394391204,16182009.003599996,1567803.8992403867
109,241.93309441173366,336.34083099539765,582.3294358456899,70.9034136110788,194237.8981787863,833764.8337535193,26374.72888097451,399124.06112236873,0.0,0.0,15309132.289199982,1453501.521935649
109,239.74505424094397,332.6893890717056,784.2355011545072,66.73637691159783,192481.21282352996,824713.1707143999,35519.41126202369,375667.2975388038,0.0,0.0,14436255.574799977,1428381.0923387571
109,213.38026212184712,313.96612912786037,702.667057450982,73.31699232105701,171314.03096448773,778299.5501373084,31825.032349511377,412710.39339473296,0.0,0.0,13563378.871199979,1394149.0068460405
109,192.32758633342263,292.45052440046,677.4999165899122,80.33043335216118,154411.72371245155,724963.9068092081,30685.168080146326,452189.91806375625,0.0,0.0,12690502.156799978,1362250.7166655622
109,173.18697519602532,297.9115295083603,677.8356220520866,75.27668010858737,139044.5326870752,738501.3473942255,30700.37277357875,423741.717677388,0.0,0.0,11817625.442400027,1331987.9705322674
109,187.7688943025162,291.78607689282444,753.910370984776,84.74994578206211,150751.74176297625,723316.7890206774,34145.932544868716,477067.8986766281,0.0,0.0,10944748.72800001,1385282.3620051504
109,286.62977185610976,272.83135705266426,718.8736863585822,84.64604732770448,230122.9791491296,676329.3959360955,32559.059203042765,476483.0414612192,0.0,0.0,10071872.01684002,1415494.475749487
109,197.58298696312028,249.59757067726454,837.1335614332957,93.3932776576879,158631.06367039337,618734.5033462779,37915.257860704296,525722.279955799,0.0,0.0,9198995.304600012,1341003.1048331745
109,206.22557922933234,257.7783234503908,475.2879656086256,92.02209838632974,165569.83722135014,639014.0036248439,21526.631596619503,518003.7427029499,0.0,0.0,8326118.592360018,1344114.2151457635
109,150.8521432371781,234.46773948556103,903.2396135119529,98.90818655845626,121112.8362136701,581228.7353105139,40909.31774097485,556766.3824198676,0.0,0.0,7453241.880120016,1300017.2716850264
109,259.30666501794474,267.9467985055985,434.33230000015425,103.89810454136925,208186.40673904185,664220.9250944767,19671.677149752897,584855.2462499241,0.0,5380.871428022394,6580365.167880014,1476934.2552331956
109,178.54840653991428,223.62858851157662,542.2196024347495,105.03315754001197,143349.0002424505,554359.256267165,24558.08366856431,591244.5995875837,0.0,0.0,5707488.455640008,1313510.9397657635
109,186.93920263579975,243.23837655173455,574.5191678984637,106.63379607608188,150085.617246728,602970.5165083212,26020.988048181644,600254.7913451969,0.0,9874.101638207561,4834611.743400002,1379331.9131484278
109,144.39332783905388,226.45810655257344,455.3101700334549,111.67571371803383,115927.32519167913,561373.4288612934,20621.80194264631,628636.3676701194,0.0,22414.25997785793,3961735.031159996,1326558.9236657382
109,191.8710999906372,214.06974193229965,511.77136906815053,115.370259205813,154045.2300420194,530663.5601322068,23179.029390151547,649433.419941427,0.0,25163.66306175117,3088858.3189199967,1357321.2395058046
109,121.72577167811319,167.97401723817092,318.49295869476623,97.79065634356658,97728.49846127056,416395.5596560049,14425.10874257061,550475.6669933817,0.0,225359.40651209408,2215981.606679998,1079024.8338532278
109,105.3896639353206,102.57065353411008,236.6456340937931,59.58246910303197,84612.9251656961,254265.30474686058,10718.098821547468,335397.0680529319,0.0,606807.5292946958,1343104.8933599985,684993.3967870361
109,72.80474154972512,50.36484458970863,128.521122752832,29.818044624539493,58451.86253023226,124850.84297402731,5820.948692318243,167849.45123452626,0.0,923243.7525695488,609771.8185559997,356973.1054311041
109,103.85053831945594,110.56157429714993,253.29411843860265,69.07945291606931,83377.22599280864,274074.2250668102,11472.138088403037,388856.7613853922,0.0,534977.1828118563,1482648.5311200013,757780.3505334142
109,108.0461363774125,164.16413786161482,316.4432184508095,118.27584482022414,86745.69507456876,406951.1415173736,14332.272385891732,665789.3197676844,0.0,131021.16700406774,2355525.2433600044,1173818.4287455184
109,106.61962839224071,169.58706237272295,501.0642529050854,140.21607219988533,85600.41185712077,420394.18302999873,22694.08518414927,789293.5660054182,0.0,0.0,3228401.955600005,1317982.2460766868
109,107.09335641749014,157.15837279871846,381.9634455345035,145.23004294541389,85980.74814867515,389584.35162839363,17299.799217233693,817517.8258031358,0.0,0.0,4101278.667840005,1310382.7247974381
109,109.75663606170542,156.35299147972944,370.1847862738175,149.3044690310412,88118.98327360742,387587.8690141723,16766.322931373583,840453.272817839,0.0,0.0,4974155.380080004,1332926.4480369925
109,113.5414361633203,140.7018034568402,398.79760397729495,153.1592170046171,91157.63996731883,348789.69472968316,18062.247991995006,862152.1246426041,0.0,0.0,5847032.0923200045,1320161.707331601
109,118.3191675830518,132.63530779597426,449.1448239446434,156.80495743933665,94993.47942238755,328793.4296501472,20342.562526707068,882674.4472501568,0.0,0.0,6719908.804560005,1326803.9188493986
109,121.76400785921844,149.4441366358993,386.17391838924516,159.29286847680083,97759.19668166213,370461.31261825236,17490.498970961995,896679.2053628003,0.0,0.0,7592785.516800004,1382390.2136336768
109,122.24478984933799,110.88380407152445,393.57917658918063,165.98249579808726,98145.19630469885,274873.0096017318,17825.896196817957,934335.9427169774,0.0,112.53335522534326,8465662.229040002,1325180.044820226
109,118.13492716477266,116.7512941947872,400.1278478465115,168.6734349824644,94845.56054550494,289418.09743033245,18122.49708681401,949483.5713120288,0.0,0.0,9338538.941279992,1351869.7263746802
109,118.63778086749114,120.74599330856533,436.88479156366833,172.90401596623883,95249.28061755607,299320.6704620918,19787.284001844946,973298.0335100417,0.0,0.0,10211415.654599998,1387655.2685915343
109,127.3278194253362,113.98700933878247,442.61276272222756,177.55931125209446,102226.14679897987,282565.63323027315,20046.71393453527,999503.2649027964,0.0,3368.517456446658,11084292.36359999,1404341.7588665846
109,121.05449621764228,125.48295409635412,509.8746755080885,180.95323997310012,97189.55964904271,311063.257028341,23093.124788155466,1018608.1083129869,0.0,0.0,11957169.078000002,1449954.0497785262
109,116.95651208005789,159.9907342956472,529.0477523957222,184.8097201119416,93899.46067523406,396605.5729461496,23961.507311170182,1040316.7107096937,0.0,0.0,12830045.792400014,1554783.2516422477
109,157.73032520922416,166.08433606168128,672.8396203598475,189.88360222075553,126635.03900609902,411711.1753447091,30474.095031100667,1068878.2189613855,0.0,7355.746040978236,13702922.50680002,1637698.5283432943
109,119.4509133370567,188.9568348595784,675.7624233494864,194.16256517810797,95902.11045141314,468410.4619026864,30606.473941866665,1092965.0292565648,0.0,0.0,14575799.21040002,1687884.075552531
109,120.66261397642731,158.4942706307348,1379.7779909779135,197.91518864330348,96874.9338924786,392895.94668667554,62492.58269956562,1114089.0096266426,0.0,7077.867333169561,15448675.924800033,1666352.4729053623
109,116.38500805867393,211.54907640670206,1410.5752163755706,202.2242486308472,93440.62415192061,524415.0108059822,63887.44344358733,1138345.2398172242,0.0,5526.132504783571,16321552.639200049,1820088.3182187143
109,111.70781852011271,208.93341556932103,736.9994054330132,196.34610570943266,89685.50554128592,517930.9749047198,33380.005040456184,1105256.448246178,0.0,0.0,17194429.353599966,1746252.93373264
109,107.48132406310259,230.31688582981505,600.0782872014775,192.47292620481622,86292.23104120116,570939.0663518688,27178.605713643607,1083453.8430596641,0.0,0.0,18067306.067999966,1767863.7461663778
109,105.4164107973398,190.84679455718424,1494.5749711243348,189.30857812367358,84634.39909539603,473095.5366478836,67691.94072844394,1065641.337389936,0.0,0.0,18940182.7824,1691063.2138616596
109,104.85945927490903,203.56564447125396,1522.6640529392557,185.55998355832935,84187.24616095574,504624.6547533372,68964.14486545131,1044540.0361940842,0.0,0.0,19813059.486000013,1702316.0819738284
109,129.85355903923278,220.5742688569175,1554.65726788514,182.932384169586,104253.95682283402,546787.8165714242,70413.17408892344,1029748.9551215922,0.0,0.0,20685936.2004,1751203.9026047739
109,102.21150667657092,230.51396168457956,734.7310438080102,180.99112551317413,82061.31647602006,571427.6032826906,33277.266935217565,1018821.3706912285,0.0,0.0,21558812.914799966,1705587.5573851569
109,100.01031730771213,266.0865453939157,1693.4707243879338,176.0887396491166,80294.07418310338,659609.4908484131,76700.2807590082,991225.2359552586,0.0,0.0,22431689.629200023,1807829.0817457833
109,102.91781677714576,239.34932741509957,1697.3564043420233,176.27089349563238,82628.38312612716,593329.8422040167,76876.27006849332,992250.6024258947,0.0,0.0,23304566.343599975,1745085.097824532
109,113.15826848821216,248.85515655725942,537.5824479071682,169.91843954285724,90850.01076907282,616894.1119090848,24348.058748105803,956491.8555532575,0.0,0.0,24177443.047199983,1688584.036979521
109,206.70176660729254,314.89464558445405,1721.442046365329,173.74500766234465,165952.1480236782,780601.2759396088,77967.15134494184,978032.0795033857,0.0,0.0,25050319.76160006,2002552.6548116147
109,323.2692935937084,320.2134575575189,1304.6575590245768,174.71168957044645,259539.30894018922,793786.2299262073,59090.24563014781,983473.6512038888,0.0,0.0,25923196.47599994,2095889.4357004333
109,121.74375719825522,326.6879473897234,830.7314768335671,170.87336250083925,97742.93827835526,809836.0265643701,37625.296139388105,961867.2346730749,0.0,0.0,26796073.190400027,1907071.4956551883
109,420.55520505890536,280.9465315716576,808.9336781701662,157.87860885739437,337646.0723466381,696446.3324189035,36638.03533036795,888718.1635168447,0.0,0.0,27668949.90479996,1959448.603612754
109,479.9601447581536,363.86012717741056,585.7131118609773,164.31225875314527,385339.79798874643,901983.1982568877,26527.981545241186,924933.9723679771,0.0,0.0,28541826.60839998,2238784.9501588526
109,125.6745955987405,274.3708161963223,724.5796601318744,158.22131830416978,100898.84297526014,680145.6049083567,32817.49283529421,890647.3172658066,0.0,0.0,29414703.322800077,1704509.2579847176
109,136.41386461958953,367.38958808799697,1979.7858200897344,151.03744255078476,109520.95004026654,910732.4790999112,89667.99724185883,850208.3945220147,0.0,0.0,30287580.037200004,1960129.820904051
109,147.62720184896372,389.7327448775555,807.0033747920501,146.11459137408718,118523.66651566059,966119.5647268418,36550.60848033777,822497.0580168064,0.0,0.0,31160456.751599927,1943690.8977396465
109,159.72984511391167,297.2572513738565,1463.319156270932,146.16176230183,128240.3693748008,736879.438753432,66276.30965783654,822762.5889875845,0.0,0.0,32033333.466000028,1754158.7067736539
109,167.5704624256463,392.364149247629,683.6246703781937,144.94940817115494,134535.27099112832,972642.6277182114,30962.56899908502,815938.0980426533,0.0,0.0,31893789.830399953,1954078.565751078
109,165.15992743227753,361.0688304554734,5129.860661304619,143.3417683796559,132599.9539079618,895063.7735755753,232340.4516596314,806888.4953546275,0.0,0.0,31020913.116000034,2066892.674497796
109,199.89148561075635,409.0625469484975,1904.8383783074626,140.95399739706218,160484.46006643292,1014036.7598008706,86273.49520288952,793447.4379630828,0.0,0.0,30148036.40159993,2054242.1530332756
109,159.60008548452083,451.99793588831307,1303.4021730531806,133.73510888302002,128136.19083013902,1120470.5142623913,59033.38698176354,752811.4240707427,0.0,4100.857751841424,29275159.68720006,2060451.5161450366
109,158.62256679749174,386.40338805558866,4927.863590840624,127.30554260834802,127351.38222154128,957866.3275895067,223191.64749433636,716618.6024263764,0.0,0.0,28402282.97279996,2025027.959731761
109,157.29121139263708,368.161921223245,699.4000898961174,113.29003080869028,126282.49300571604,912647.037633309,31677.06561759208,637723.5576987441,0.0,0.0,27529406.25840003,1708330.1539553613
109,522.462977126216,356.352168932357,778.3309690302277,111.44113839082493,419463.53308952524,883371.5074327632,35251.984571286834,627315.9142184947,0.0,0.0,26656529.554800015,1965402.9393120701
109,509.83400697792916,408.3454597413869,1461.4018094255673,109.07161406774088,409324.26452963497,1012259.1519670136,66189.46963206342,613977.5695240473,0.0,0.0,25783652.840399932,2101750.4556527594
109,487.1651706247354,364.5150056186493,849.2062784739392,102.82665587487618,391124.4099867516,903606.5950150875,38462.052542895275,578823.9295435019,0.0,0.0,24910776.12599999,1912016.9870882365
109,241.80471302943906,389.124379976844,1098.7751363714383,108.68290161159625,194134.8261707056,964611.4717046474,49765.46700042104,611789.4591608947,0.0,0.0,24037899.41160004,1820301.224036669
109,99.0443218956949,220.38202826134855,517.2047848639853,86.35804374267742,79518.51712698086,546311.2659018821,23425.118390108473,486120.0804551242,0.0,23832.77980560495,7819139.518919991,1135374.9818740955
109,101.01675093197186,192.73175079259858,291.26512547285756,87.54515510611775,81102.09737773081,477768.20816861966,13191.912075805294,492802.47674960643,0.0,0.0,6946262.806679992,1064864.6943717622
109,121.05198283922049,176.18704642730117,344.14457852516284,93.74975582212437,97187.5417632997,436755.0708584425,15586.915920327325,527728.9395148403,0.0,0.0,6073386.094439994,1077258.4680569097
109,106.80162195016561,180.68621621339972,651.3099833845919,95.1815070076781,85746.52682439866,447908.1905603637,29498.979738665686,535788.4435442159,0.0,0.0,5200509.382199991,1098942.1406676439
109,103.80084149676699,163.70518743707984,412.34503037608,104.44865943122335,83337.32650568499,405813.43628164276,18675.83486620824,587954.3876356219,0.0,1044.4550765717868,4327632.669959992,1095780.9852891578
109,96.82774452367724,156.90605887476377,346.3533769090775,104.34918552934269,77738.92045403189,388958.88347979804,15686.956301153823,587394.4367718727,0.0,0.0,3454755.9566399953,1069779.1970068566
109,84.6058663139331,148.39938812140318,625.459960650911,111.85612086629745,67926.48887649129,367871.45586810657,28328.186542924625,629651.9017608395,0.0,1474.0260118920123,2581879.244399998,1093778.033048362
109,68.14314768471661,128.19685576683247,302.8415949266697,92.78168790697528,54709.26502944792,317790.8249195577,13716.230828127624,522279.5658097046,0.0,156265.56479789357,1709002.5321600016,908495.8865868379
109,50.937521830411455,66.18513783771016,197.11767203226105,46.81761805790751,40895.5922414528,164068.21700148346,8927.807590474249,263542.1469810342,0.0,571510.3195337695,836125.8201359981,477433.7638144447
109,58.908382887159725,83.65643734187694,250.6532453936483,61.89036796209187,47295.0610784985,207378.3173049131,11352.528282883603,348388.5154089128,0.0,445721.80243529193,1116750.8923200008,614414.422075208
109,77.02272487641568,115.29020260685857,363.04682709445336,114.98932006798441,61838.303802029615,285796.1560166102,16443.032150364394,647289.0665459108,0.0,67928.14758984337,1989627.6045599966,1011366.558514915
109,92.77659830763538,105.9888526246222,652.2242151367393,128.40754005999213,74486.42567595183,262738.7755056822,29540.386909783952,722821.8820125933,0.0,0.0,2862504.316800001,1089587.4701040112
109,101.08122794204598,109.75168373281089,559.962629738257,132.42280470851912,81153.8632551859,272066.5643562855,25361.696719616986,745424.302000321,0.0,0.0,3735381.0290400037,1124006.4263314093
109,106.89240127115106,121.32307833457212,718.8028732071218,137.0820799182361,85819.40972018101,300751.22291493026,32555.851950316028,771651.9368754133,0.0,0.0,4608257.741280001,1190778.4214608406
109,109.73253473530704,111.77217015512721,776.0583216793148,141.69078278180066,88099.63333310289,277075.2055046653,35149.05235795067,797594.8937759363,0.0,0.0,5481134.453519993,1197918.784971655
109,110.78926617905819,118.42475616367487,757.7183376642636,145.66875876097947,88948.03852988982,293566.48981003003,34318.402082860404,819987.4112443618,0.0,0.0,6354011.165759994,1236820.341667142
109,117.68652916138493,127.76214994302715,690.7619238957183,148.98986408833122,94485.56066232495,316713.22031281376,31285.827819422884,838682.3227889399,0.0,0.0,7226887.877999988,1281166.9315835014
109,129.03248089703052,162.56183636972136,920.2072087973647,153.52372316279553,103594.74774286215,402979.15086414886,41677.8101060653,864203.9747686685,0.0,0.0,8099764.591320013,1412455.683481745
109,138.4073664907755,170.45649296037197,504.8148445378209,156.61000161676046,111121.44878317791,422549.4391944854,22863.95610491595,881577.0168771584,0.0,0.0,8972641.303560013,1438111.8609597376
109,194.49209220608836,163.58984935348062,751.8876448873255,162.57474437607945,156149.51437033783,405527.521432075,34054.31970660775,915153.2896178217,0.0,0.0,9845518.0158,1510884.6451268422
109,159.4735852855836,179.19227577071356,1008.2936678836858,168.16026334967532,128034.62914499416,444204.81918809365,45667.40144985992,946594.8648915584,0.0,4074.3905803414527,10718394.728040013,1564501.7146745063
109,179.80780004476338,185.98327306933373,533.1320612159054,171.20308256184526,144360.1142777449,461039.2151695382,24146.492872894476,963723.2695673056,0.0,8712.405877480865,11591271.439200003,1593269.0918874834
109,212.52615974519628,214.7041496939845,1117.040323536376,173.71130614265832,170628.3081167163,532236.2115417537,50592.72959403505,977842.3694920033,0.0,0.0,12464148.153600011,1731299.6187445084
109,170.13228766237953,201.66572770771708,541.743969488803,177.4906903901691,136592.0526426604,499914.8971547496,24536.541412198752,999116.9896066647,0.0,0.0,13337024.868000029,1660160.4808162735
109,217.95977370713717,204.228080859865,953.9081747182644,183.67516093738496,174990.72805785155,506266.7871218278,43204.18638807455,1033930.1371687277,0.0,0.0,14209901.582399962,1758391.8387364815
109,328.6108591551468,215.87345361901953,961.6075025058226,186.91354955817133,263827.8270950153,535134.832234873,43552.902545051395,1052159.4261689791,0.0,0.0,15082778.285999982,1894674.9880439187
109,258.7017411730991,257.08419218444834,1259.638434561042,192.42633888086033,207700.73884616117,637293.3019252053,57051.24995331032,1083191.59726659,0.0,9428.033526941668,15955655.000399968,1985236.8879912668
109,358.15387045230347,235.15236232322022,580.6473101231063,197.25989825299598,287546.66735614144,582925.8662973627,26298.542435389078,1110400.2991898134,0.0,69.14143627439626,16828531.71479998,2007171.3752787067
109,369.78579757925775,234.78313774763453,649.3387312473606,199.8093830381204,296885.4520412301,582010.5850156645,29409.69824699592,1124751.6635231317,0.0,8281.31863317918,17701408.429199997,2033057.3988270222
109,209.03282465725528,260.9799500522706,2585.657442712886,203.26642632813642,167823.65641428696,646950.6066936925,117108.99335114044,1144211.7866274365,0.0,1486.3239606707357,18574285.1436,2076095.0430865563
109,156.96564816701002,317.0996040863841,1062.8899491820189,194.99246608900754,126021.11199530127,786067.2101628024,48140.163478558956,1097636.6438519394,0.0,0.0,19447161.847200025,2057865.1294886018
109,163.96397411494053,267.5724977489858,937.7164953269331,191.4962252894049,131639.7733289289,663293.0603235317,42470.8366245445,1077955.8731311755,0.0,0.0,20320038.561600007,1915359.5434081806
109,171.12437334721216,315.1310567965932,680.7521536657739,188.2803194198915,137388.55648064797,781187.3224044502,30832.467642649008,1059853.1423110773,0.0,0.0,21192915.276000034,2009261.4888388244
109,177.755226329891,349.8804542454574,676.3166983802719,182.93806377786655,142712.1892379596,867328.5901810754,30631.57803718211,1029780.9263371807,0.0,0.0,22065791.990399998,2070453.2837933977
109,185.11999289089766,278.9688487563407,680.0777019993376,180.88925274413498,148625.05031579468,691543.7983469923,30801.920535203295,1018247.9163083448,0.0,657.7611060404452,22938668.704800062,1889218.685506335
109,191.244596593299,342.39128008160264,770.2473831788601,179.85282135461594,153542.236834758,848763.4637490636,34885.86468777746,1012413.7161733756,0.0,0.0,23811545.408400018,2049605.2814449747
109,239.92746859546747,357.43357019497665,1103.8618235073584,172.1477679249753,192627.6656306849,886052.223720704,49995.85204684652,969041.0200028983,0.0,0.0,24684422.122799974,2097716.7614011336
109,205.37718465281498,384.25893706976,951.2700706056454,168.31113324232643,164888.6969260561,952550.3871656202,43084.701992392125,947444.130127028,0.0,0.0,25557298.83720004,2107967.9162110966
109,204.04490584427163,329.84075987309603,763.4421655537467,169.3702219887307,163819.06634827662,817651.6229291516,34577.64435957486,953405.8713186794,0.0,0.0,26430175.551599983,1969454.2049556826
109,201.91580539309325,320.98364666048246,1133.86502147426,169.9327575914274,162109.7012130356,795695.473557112,51354.74988581636,956572.453614784,0.0,0.0,27303052.266000073,1965732.378270748
109,200.6427548993945,329.76466978813636,1129.2304759916015,168.8163933275179,161087.62255623683,817463.0010575551,51144.84313361149,950288.3014701852,0.0,0.0,28175928.969599944,1979983.7682175885
109,198.44451186340643,331.5448916565343,1709.3589234515332,165.37917886426325,159322.7457499665,821876.0435827711,77419.885362373,930939.7972775975,0.0,0.0,29048805.684000038,1989558.4719727081
109,583.4656277344516,336.3945294059948,1737.3606831630866,159.81490146331217,468439.99357042706,833897.9482678999,78688.13452705737,899617.7934364171,0.0,0.0,29921682.39839995,2280643.8698018016
109,596.0531079063527,345.3392022150939,1793.4468609096464,163.7861431572867,478545.95157465216,856071.1516092457,81228.37659791783,921972.4027827565,0.0,0.0,30794559.11280005,2337817.882564572
109,347.1914208820213,418.7477458461699,1861.8057009977044,152.96594447071243,278745.378021997,1038045.6742846967,84324.46922686434,861064.1697091707,0.0,0.0,31667435.827199973,2262179.691242729
109,188.95891317549425,395.4010010969117,1119.794432284838,156.51965074700595,151707.15782642298,980170.7659753412,50717.46804460626,881068.4206865693,0.0,0.0,32259687.46920005,2063663.8125329397
109,555.682142942195,486.14883880296554,3605.5750099144643,142.45582254557402,446133.8030789931,1205128.1569485313,163302.86173565552,801901.3969735426,0.0,0.0,31386810.754799943,2616466.218736722
109,208.5546494842603,416.14218552254044,4985.2109060018865,143.72672511428559,167439.74969499474,1031586.6768336992,225789.00870660882,809055.4642981059,0.0,0.0,30513934.040400036,2233870.8995334087
109,504.6427251091508,405.31312224503574,4927.977198659385,148.59803105656616,405156.40282598103,1004742.204467516,223196.79299314533,836476.6463206983,0.0,0.0,29641057.325999934,2469572.0466073407
109,473.9361216576774,477.6689100993952,626.1786799922894,139.21249122920256,380503.3634014815,1184107.0209631987,28360.738611570858,783644.2849301633,0.0,0.0,28768180.611600008,2376615.407906414
109,361.94309671126473,383.6826826892777,1247.0754262731405,127.88963823905235,290588.8776252827,951121.8938235523,56482.249114392325,719906.5487795562,0.0,0.0,27895303.897200078,2018099.5693427837
109,351.3801221187368,386.9510240442584,1719.4879563721563,133.61469579552758,282108.30993628013,959223.8779877126,77878.64715709479,752133.6039483452,0.0,0.0,27022427.193600044,2071344.4390294326
109,228.7422860645689,368.9727039902259,548.2004948689789,129.22637922985476,183647.55337762373,914656.9100502899,24828.9688526354,727431.2287032099,0.0,0.0,26149550.479199972,1850564.660983759
109,336.43679666483024,404.8615527858494,1687.3843464081945,116.65129793742587,270110.9429161707,1003622.7961163134,76424.6179482323,656644.544977253,0.0,0.0,25276673.764800023,2006802.9019579692
109,265.9865835459274,423.2993436888508,689.6934763177358,114.37114816959837,213549.432157436,1049328.7593843695,31237.435941117954,643809.3006786577,0.0,0.0,24403797.050399948,1937924.928161581
109,262.1455114394913,408.4106172127136,603.778140276936,120.61941790208064,210465.59703962618,1012420.6726723282,27346.178595517496,678981.5817241875,0.0,0.0,23530920.336000063,1929214.0300316592
109,238.0167932463978,340.86491326712536,483.30559911419203,105.26816620235131,191093.664816089,844979.7097232641,21889.764381877445,592567.4923361094,0.0,0.0,22658043.632400036,1650530.6312573398
109,292.86299180653776,401.8041429946223,465.6009155348992,110.5355043258612,235127.36908181378,996043.6961933138,21087.887985831705,622217.988357241,0.0,32871.20584872551,21785166.917999975,1874476.9416182002
109,219.70478689724465,346.9800024752533,453.2740402053981,96.15728331548965,176391.7256979838,860138.5779519998,20529.582025747426,541281.2087424754,0.0,0.0,20912290.203600023,1598341.0944182065
109,202.2551452987659,320.0098246956564,633.0335479287978,95.85686521723272,162382.14293997796,793281.4386443547,28671.207690087787,539590.1182109438,0.0,0.0,20039413.48919998,1523924.907485364
109,178.147420145282,354.3013485476088,1427.4661355067185,91.01187620142666,143027.06514431504,878287.6705638126,64652.4630101966,512317.0774136579,0.0,0.0,19166536.7748,1598284.2761319822
109,137.9970584823324,298.39794281349845,686.12018619303,91.20644634245429,110792.02975367432,739707.13114428,31075.595318867236,513412.33673764573,0.0,0.0,18293660.07119998,1394987.0929544673
109,126.2490201398155,332.5195889778042,382.28183998362545,89.20100646468623,101360.0242609045,824292.248441466,17314.219864303686,502123.46829554206,0.0,0.0,17420783.35679997,1445089.9608622163
109,117.43577924877681,278.3958598618588,543.964488902326,80.86423305930981,94284.24411192929,690123.3999108688,24637.11265916235,455194.74245926045,0.0,0.0,16547906.642399976,1264239.499141221
109,109.23323292018654,304.28944956239616,1090.4233800583327,82.06059728609847,87698.76492209993,754311.7544679336,49387.20120295498,461929.2242628672,0.0,0.0,15675029.927999971,1353326.9448558555
109,150.76966187311024,259.40541784445475,556.2616557727033,77.64789414187617,121046.61539822353,643047.4541070618,25194.073070650546,437089.5739590028,0.0,0.0,14802153.213599961,1226377.7165349387
109,105.91141142539179,283.1788109031727,1180.7378353692109,76.06779742179415,85031.81426434506,701979.9930221193,53477.70243169333,428195.0146174097,0.0,0.0,13929276.510000022,1268684.5243355674
109,132.74145100402583,290.84551987744715,953.2042413618927,68.91548214177809,106572.52372569096,720985.2155354097,43172.304002809906,387933.7496711823,0.0,21898.693918896257,13056399.795600008,1258663.792935093
109,117.64205781658275,227.5187064897356,428.2416563352764,79.65742348412851,94449.85649144843,564002.5801530647,19395.821138561416,448401.46250112227,0.0,0.0,12183523.081200024,1126249.720284197
109,120.97183437158924,233.99945266234423,418.11564989545093,74.2723977981459,97123.19393220698,580067.8858110558,18937.196418501466,418088.48867412144,0.0,0.0,11310646.36680002,1114216.7648358857
109,88.80541193159499,216.64841407197025,335.65818039691123,79.95103690704372,71298.12728778015,537055.9037007065,15202.551957197773,450054.24867580156,0.0,0.0,10437769.655639987,1073610.831621486
109,119.76602125759851,249.69945104132464,328.5510557704418,79.51116392558251,96155.09733745431,618987.0574728522,14880.65772756089,447578.14940501313,0.0,8208.6618995826,9564892.943400001,1177600.9619428804
109,133.1342776437713,200.275499309012,340.7855130267118,86.70091828769357,106887.90770008406,496468.6205124063,15434.777909844614,488050.1635624479,0.0,0.0,8692016.23115999,1106841.469684783
109,178.06024617387595,178.69227351729705,4761.509794601569,127.45088542867633,142957.07683195543,442965.3494083989,215657.1901853835,717436.7550899789,0.0,0.0,30193896.463200048,1519016.3715157167
109,180.59716456421322,180.2234177712881,1353.9043562972129,126.72297355963404,144993.86182488248,446760.94636462745,61320.72007703164,713339.2493915235,0.0,0.0,31066773.177599974,1366414.777658065
109,457.73912869379575,263.9897192545297,726.9257113935179,116.99083808684001,367499.4795063463,654411.6090083128,32923.74964142123,658555.8583604367,0.0,0.0,31939649.8812,1713390.696516517
109,129.8412847360809,257.5187606718397,851.5072100322744,123.98197085336913,104244.10230147709,638370.566084814,38566.265797951906,697909.8070564523,0.0,0.0,31987473.40440008,1479090.7412406954
109,128.36623299760188,168.29104422573792,1340.174099699348,118.72568541298581,103059.84534777762,417181.4468550164,60698.852500117915,668321.5279519837,0.0,0.0,31114596.689999975,1249261.6726548956
109,128.2267025920246,168.97181028017724,617.3512875537925,114.36851007002329,102947.82225818226,418869.01715245796,27960.930413736576,643794.4504907412,0.0,0.0,30241719.97560005,1193572.2203151179
109,127.04744255161198,151.51379905128456,1115.607704551788,123.08520955669897,102001.04400854703,375591.85753182316,50527.84374938704,692861.8271023752,0.0,0.0,29368843.26119996,1220982.5723921326
109,125.88667364462736,135.98114925675554,1798.4034747031264,124.48943629651542,101069.11151162178,337087.5310265933,81452.87039287924,700766.3926315671,0.0,0.0,28495966.546800032,1220375.9055626614
109,126.22051849243476,183.74676857088173,4319.909650771185,127.95222747413584,101337.14148789931,455495.0806800615,195656.33954933204,720258.8713041964,0.0,0.0,27623089.843200058,1472747.4330214893
109,124.74582043775379,122.44548121830208,4132.895802278824,119.52841564525532,100153.1684920342,303533.57928536565,187186.15197619228,672840.1954458581,0.0,0.0,26750213.12879997,1263713.0951994502
109,124.19700503797506,123.09367134736937,960.3166108323444,126.85211601007569,99712.5477080097,305140.39619666076,43494.43578069618,714066.2081747254,0.0,0.0,25877336.41440003,1162413.587860092
109,125.16603662819809,121.80625298195562,744.2335736669365,114.29383594876049,100490.5423838164,301948.9782643399,33707.65329950735,643374.1006511321,0.0,0.0,25004459.699999966,1079521.2745987957
109,126.74771943718454,150.8451024348704,756.329942996409,116.0227231044009,101760.40893576568,373934.2065069206,34255.51923564305,653106.2197077197,0.0,0.0,24131582.98560002,1163056.354386049
109,128.05898080588736,167.86880694262953,849.5924175048514,113.53345531018917,102813.16549575255,416134.75086775393,38479.54146175077,639093.8242439891,0.0,0.0,23258706.281999994,1196521.2820692463
109,128.38758973572575,152.22781057940117,846.9800703674516,121.5586599341006,103076.99177388035,377361.84097771166,38361.22364497778,684268.6909775289,0.0,0.0,22385829.567600034,1203068.7473740987
109,126.24137898637763,186.70465314188303,754.3954855603793,121.31626210120885,101353.88950043677,462827.4647093938,34167.904240991484,682904.2036765127,0.0,0.0,21512952.85319997,1281253.4621273347
109,124.32257634984346,158.58741533449498,749.9554758239543,122.90374825839639,99813.36362882523,393126.84573695075,33966.80835639648,691840.3590710568,0.0,0.0,20640076.138800014,1218747.3767932293
109,121.53479115758977,183.61536327643088,500.0688295644751,119.71585980652722,97575.16823999694,455169.3363654093,22649.00070255808,673895.3417508143,0.0,0.0,19767199.42439996,1249288.8470587786
109,116.54250523409516,168.05031027873932,686.9681600127202,121.77817131367165,93567.07200477555,416584.6846400213,31114.001551174577,685504.3476097687,0.0,0.0,18894322.720800027,1226770.1058057402
109,111.8974244988976,195.36833545498473,579.1856365063553,119.80106670032093,89837.73220085418,484304.1127336576,26232.340655123073,674374.9818662129,0.0,0.0,18021446.006400034,1274749.1674558478
109,107.97260476119648,193.10841193942545,705.537707273564,119.63607971411874,86686.6596349642,478701.9241778716,31955.049151208623,673446.2497698069,0.0,0.0,17148569.29200002,1270789.8827338512
109,98.90967424345668,218.85487975955047,497.2290199894142,123.02139824178444,79410.41419451908,542525.5741291932,22520.380710152833,692502.6253396231,0.0,0.0,16275692.577600034,1336958.9943734882
109,96.69439287834386,193.44535073193663,439.6277585526781,122.07753439051929,77631.85803096315,479537.1713154011,19911.517822447768,687189.499295651,0.0,0.0,15402815.86320002,1264270.046464463
109,92.1500711962516,208.9585260736526,536.1749665526349,127.17805342844107,73983.41342968137,517993.2220467261,24284.311431130605,715900.9501069447,0.0,0.0,14529939.159599999,1332161.8970144829
109,87.94750241022331,237.94818337946577,480.064957233734,129.96132587983408,70609.34784376077,589856.5064794257,21742.98998625843,731568.3340512969,0.0,0.0,13657062.445199985,1413777.1783607418
109,78.98955687059615,233.7182640590391,415.34682349098614,131.52815300272377,63417.39042326813,579370.839400145,18811.79137928996,740388.1971934955,0.0,0.0,12784185.730799979,1401988.2183961985
109,75.03391252729833,223.38976288836358,416.7711033073542,136.69905603151372,60241.57007899815,553767.2246501739,18876.29952827748,769495.8481712211,0.0,0.0,11911309.016399968,1402380.9424286706
109,141.76558227081185,272.73686242108664,457.13275256771624,142.62881989238448,113817.61888066359,676095.1505114328,20704.349925360824,802875.2203778871,0.0,0.0,11038432.301999995,1613492.3396953444
109,216.66486603576243,251.50246172699445,409.75296617020416,145.44996301413912,173951.10119309791,623456.5918441159,18558.43569923539,818755.782997036,0.0,0.0,10165555.593000008,1634721.9117334853
109,129.1529263288058,265.00612206030934,394.8000889070807,150.4473499803345,103691.44831030685,656931.198776464,17881.19347253491,846886.6906552851,0.0,0.0,9292678.88076,1625390.5312145909
109,141.78441146735676,277.819559074729,381.42167793430474,156.329095151622,113832.73605002055,688694.7915300449,17275.261605544896,879995.7597352022,0.0,0.0,8419802.16852001,1699798.5489208126
109,92.39025058357866,269.406050643363,364.9044984173969,158.53127293993606,74176.24335025801,667838.3066429701,16527.169366305476,892392.0901433061,0.0,0.0,7546925.45628001,1650933.8095028396
109,94.22626108297962,301.21860240947376,401.6817791138267,162.2522710667987,75650.29889980968,746699.3442875774,18192.877379054582,913338.0475829362,0.0,1293.821821612888,6674048.7440400105,1753880.568149378
109,205.29287779266522,284.9431680828996,475.45138920762497,168.85861552414846,164821.0104966432,706353.7081202335,21534.033340119044,950525.9754231086,0.0,10933.639552979614,5801172.030719991,1843234.7273801044
109,188.82306936351057,301.45547715504813,439.1296944696169,170.0810539366875,151598.09454764973,747286.5398186098,19888.959620255886,957407.2320345438,0.0,0.0,4928295.318479997,1876180.8260210592
109,120.26574198938795,294.1475296371184,376.1158734438838,178.24851792749308,96556.30207901793,729170.6612637118,17034.95234704574,1003382.8942919626,0.0,7322.80700556119,4055418.606240005,1846144.8099817382
109,105.64767588994118,274.20896424541667,364.2646577966844,134.6282287552498,84820.07210395338,679744.385512721,16498.189854263775,757838.9059974768,0.0,355693.78475402563,3182541.8940000036,1538901.553468415
109,97.72281566591852,209.04258200415205,327.06458624526283,88.94295391680316,78457.53539925949,518201.59067895985,14813.33289679823,500670.8586728374,0.0,819432.0937463491,2309665.181760003,1112143.317647855
109,82.19932800562704,132.67298001266465,247.9456563101979,52.10078816897456,65994.38056353519,328886.8163775125,11229.896790121466,293281.763212994,0.0,1267141.266825715,1436788.469520001,699392.8569441631
109,56.804581586306334,54.86224215006367,113.9101329869563,22.79360528846377,45606.00756617447,135999.56945524426,5159.191154339722,128308.01575018189,0.0,1685820.3775552225,563911.7571720002,315072.78392594034
109,85.96078438196867,125.39475871616054,243.18042065126141,51.519616920414045,69014.29556279689,310844.6269967528,11014.070848958316,290010.278567623,0.0,1378645.374627858,1388964.9549599993,680883.271976131
109,109.7434530412336,196.35394253953592,328.5468421989563,88.82527591876394,88108.39918136355,486747.36211424903,14880.466887464701,500008.43470634404,0.0,1028827.4020699961,2261841.6671999954,1089744.6628894215
109,125.72216401425726,260.8431164996298,365.46111568549236,130.9917727476894,100937.03365385307,646611.4061157197,16552.379545686443,737368.846575633,0.0,659293.6813588577,3134718.3794399933,1501469.6658908923
109,136.88547220514863,332.2138161291413,395.9341081228092,178.0334174192606,109899.58392004602,823534.2594468583,17932.555206150897,1002172.0669985665,0.0,217366.91463244776,4007595.0916799917,1953538.4655716217
109,174.38773963344477,384.8981649262849,517.0148178175717,195.88820547130106,140008.5759119151,954134.9872450955,23416.51444698442,1102678.8713239376,0.0,22239.998533315258,4880471.803919998,2220238.9489279324
109,151.64449092994485,375.5330271819516,725.7032891826369,196.50355978640573,121748.97882509763,930919.4814399448,32868.383979983824,1106142.776667352,0.0,11438.239792527049,5753348.517239996,2191679.6209123787
109,308.7741661714189,368.5679680426406,457.333323747514,191.59603092509508,247901.78125434218,913653.5986204707,20713.434148418895,1078517.6913654578,0.0,15536.34416214889,6626225.229479996,2260786.5053886897
109,187.5791783065164,408.8963120864274,673.5512744671455,186.61284000026865,150599.42677521694,1013624.6754823304,30506.327102814095,1050466.6949751503,0.0,48669.56357540842,7499101.941719995,2245197.1243355116
109,313.34227519803113,405.9994916814758,483.0982636710028,183.98062108803413,251569.32371329423,1006443.6651476639,21880.373793380764,1035649.6100351103,0.0,45507.07198727259,8371978.653959994,2315542.9726894493
109,170.36820853681294,362.32973699618475,499.36704228437486,171.40964756126434,136781.4635824819,898189.470593043,22617.215516878983,964886.0494287395,0.0,0.0,9244855.366199994,2022474.1991211432
109,171.42295599999468,393.90105481211543,459.90012040637885,169.52326444334753,137628.27592477834,976452.5065505749,20829.688903550476,954267.3661734386,0.0,51002.37185742811,10117732.07844001,2089177.837552342
109,181.5312460849645,343.88057957179063,501.9758383712726,171.6176643649098,145743.7965610108,852455.330532442,22735.37250030152,966057.0016752433,0.0,0.0,10990608.789599994,1986991.5012689976
109,214.82830450064432,357.48902882122445,533.5247064607025,157.81971054887222,172476.60324016286,886189.7016836288,24164.276469670564,888386.6176730926,0.0,0.0,11863485.504000003,1971217.1990665547
109,214.29554543523722,390.14921914721185,613.7002531626108,160.26244578281361,172048.8734111703,967151.9746164617,27795.568616315693,902137.0756152903,0.0,24595.420456308057,12736362.218399977,2069133.492259238
109,189.9295009209634,341.1452095981608,584.6005880578001,151.68606111824087,152486.4018737759,845674.5442551164,26477.59337683301,853859.5484450466,0.0,0.0,13609238.932799984,1878498.087950772
109,198.01264477589766,367.6682300837528,1112.410197780403,146.9017025256164,158976.01784333485,911423.2126530767,50383.02301905956,826927.8037785867,0.0,58300.13974068116,14482115.63640001,1947710.057294058
109,406.14236370217037,357.9053179761544,2393.6308963316646,145.94472733867505,326074.60867928166,887221.6526870986,108411.77183528242,821540.8724088157,0.0,0.0,15354992.350800019,2143248.9056104785
109,371.8824398244419,375.1807833157664,578.6177074396101,141.2320629637694,298568.7578490926,930046.2941208156,26206.61814439806,795012.703337346,0.0,13729.853314181557,16227869.065200033,2049834.3734516522
109,204.6144445253711,359.78878057700007,886.7200309329196,133.19214467176766,164276.32498259976,891890.6215947022,40161.11666280657,749755.011551201,0.0,39191.40073563054,17100745.77960002,1846083.0747913094
109,413.4415069351695,311.3006204428092,576.469200730752,140.12214427775464,331934.7835492432,771691.944991412,26109.308480044943,788764.8341457758,0.0,0.0,17973622.494000033,1918500.8711664758
109,439.209521552243,341.71444221486695,1363.872378164972,134.47330001661953,352622.837871165,847085.6311476311,61772.18939673032,756966.7930173336,0.0,0.0,18846499.197599977,2018447.45143286
109,200.50650333523905,278.99253416498175,2739.6874963709274,121.44616490017222,160978.23191040775,691602.5127788367,124085.28658772225,683635.442555332,0.0,0.0,19719375.91199996,1660301.4738322985
109,188.90482227716967,293.46891332952794,679.9477809258972,130.0871416764696,151663.73052092467,727488.4200347593,30796.036180271214,732276.5666898828,0.0,0.0,20592252.626400013,1642224.753425838
109,272.8459417362801,347.4548435301472,1020.9453196564315,126.51615464337127,219056.52212786436,861315.6749224191,46240.417108802314,712175.0402008559,0.0,10852.336460199673,21465129.34079997,1838787.6543599418
109,196.78935722368337,343.2547443516998,896.8180886678825,121.56863948817013,157993.89175765764,850903.9298396034,40618.475536649676,684324.86711836,0.0,7846.427525395877,22338006.055200025,1733841.1642522707
109,231.31736911075683,260.234908241584,3059.4341402442146,119.1868309364941,185714.97916632605,645103.7013994759,138567.1769467632,670917.3729859141,0.0,0.0,23210882.75879995,1640303.2304984792
109,224.44029441062548,271.086161668066,1658.170740076483,111.61870869230313,180193.66535591072,672003.1815558769,75101.48210929701,628315.4793487359,0.0,0.0,24083759.47320002,1555613.8083698205
109,237.03811504550777,290.9599797586285,743.7293195629426,111.18302697080611,190307.92528261797,721268.9533840741,33684.81474033226,625862.973197276,0.0,0.0,24956636.187599964,1571124.6666043005
109,250.10381075007825,267.86821206042106,1766.4307793018568,114.9765151224544,200797.8224092191,664026.1149246715,80004.77053583213,647216.9859280379,0.0,0.0,25829512.90200003,1592045.6937977606
109,263.2436664476126,233.77152417931345,1036.7741847841653,109.03586796244569,211347.25947266637,579502.8674242027,46957.33437339362,613776.350288074,0.0,0.0,26702389.61639997,1451583.8115583367
109,269.2983268378926,233.70385781542151,1200.9873253870865,116.77467686754399,216208.29145034563,579335.1273538874,54394.83760694659,657339.0601936259,0.0,0.0,27575266.319999933,1507277.3166048056
109,314.69069610293417,229.26428072542745,792.9707791033545,109.0167764780439,252651.914100796,568329.7336780138,35915.047431894134,613668.8819674499,0.0,0.0,28448143.03440003,1470565.5771781537
109,493.20169098100854,274.82485444604896,1090.2934959529616,127.78752348751962,395970.87809466786,681271.1332145118,49381.318522372065,719331.7322473677,0.0,0.0,29321019.748799957,1845955.0620789195
109,124.29625803394886,157.77186006551761,743.569451965602,166.7876521813295,99792.23376077058,391105.1426292926,33677.5740544298,938868.267313942,0.0,4904.6431936313165,6264674.483759994,1463443.2177584348
109,130.25597289232886,167.7257973214621,1733.4855876744734,171.64855878047837,104577.03796728625,415780.2402581888,78512.62460671196,966230.9101512915,0.0,6549.300505343708,7137551.195999993,1565100.8129834784
109,152.85241097412472,188.06168368634087,887.2526045466914,173.4217873968984,122718.76698541535,466191.44624844706,40185.23786260818,976212.6327601079,0.0,0.0,8010427.908239992,1605308.0838565785
109,229.12528111932752,192.0038507441244,749.9585355331461,179.75669515927441,183955.04398625696,475963.79607535957,33966.946936031,1011872.6099626732,0.0,6612.663249548757,8883304.620479997,1705758.3969603206
109,115.26627947657758,183.53406949814092,766.8980058388069,182.4535711175142,92542.44406230823,454967.81491069763,34734.16547110349,1027053.6573900958,0.0,13936.936556175118,9756181.332719991,1609298.0818342052
109,135.74526792093417,194.4127372597998,724.9802586382309,187.98203392677732,108984.1618931473,481935.25324078667,32835.63664933639,1058174.0564769502,0.0,7615.937801418477,10629058.046040006,1681929.1082602206
109,108.98459640667022,229.63495618736982,1130.5808654804878,192.3736721906262,87499.14513087897,569248.6116030883,51206.00465913419,1082895.1299708486,0.0,0.0,11501934.75719999,1790848.89136395
109,110.7039819178793,247.98675572355262,1206.226443934217,197.6790392525355,88879.5673863309,614741.4084308774,54632.12654126807,1112759.6955770836,0.0,8274.688490744913,12374811.471600002,1871012.7979355599
109,115.6155773711685,242.79732007978728,1241.3423543649365,199.93451395609972,92822.88063940649,601877.1690996205,56222.5881597397,1125456.0408952823,0.0,0.0,13247688.186000016,1876378.6787940492
109,120.74688750291574,243.95485584673656,700.9278386242164,199.4779570668791,96942.59355969788,604746.6173715951,31746.260056378003,1122886.0258497633,0.0,0.0,14120564.889600009,1856321.4968374344
109,183.89724151087444,253.40587542787557,1017.7157235138314,197.43928037091652,147643.35470020137,628175.0180999546,46094.14299416407,1111410.0632582954,0.0,0.0,14993441.604000024,1933322.5790526154
109,206.15141564194175,250.04309989611951,977.1727053564864,194.2325674938594,165510.29439869014,619838.9383742571,44257.8780793337,1093359.0809266851,0.0,0.0,15866318.318400035,1922966.191778966
109,133.657691323938,275.3405421525825,1427.9812333530463,190.98052089728517,107308.13451262828,682549.4861092055,64675.79270161833,1075052.9094960184,0.0,0.0,16739195.032799952,1929586.3228194704
109,203.37587460653168,281.9897866652624,1179.0219163530885,187.88756682255712,163281.9293280168,699032.4870856077,53399.985428144966,1057642.2894948178,0.0,0.0,17612071.74719997,1973356.6913365873
109,225.83289784804404,290.0491751329469,658.4569832429595,179.77306981056557,181311.7280390606,719011.1339422124,29822.67998799802,1011964.7848945974,0.0,0.0,18484948.46159997,1942110.3268638684
109,283.7384904692619,332.01332381438243,1621.3022239314503,174.1594873780118,227801.69102197068,823037.2533563725,73431.64188190595,980365.2369487708,0.0,0.0,19357825.165199976,2104635.82320902
109,338.6467748666127,276.5135810796004,1217.003547782633,176.48680204391678,271885.2413931067,685457.3656047665,55120.24061317873,993465.9782764142,0.0,0.0,20230701.87960002,2005928.825887466
109,263.57259182920313,291.1787438216653,886.062906446727,173.5597929747731,211611.339816586,721811.2538300513,40131.354333963944,976989.4831808934,0.0,0.0,21103578.594,1950543.4311614945
109,267.9508184218673,298.03035862723107,1761.2269939443963,172.81193437439006,215126.4336617558,738795.916270229,79769.0819040897,972779.6948713001,0.0,0.0,21976455.308399964,2006471.1267073746
109,292.1107182542836,321.1082347789703,1338.9551249725391,169.56580378544996,234523.40031102355,796004.3185807485,60643.64298132439,954506.8253773428,0.0,0.0,22849332.02280002,2045678.1872504393
109,279.9866716957845,330.979060495711,861.7466044633435,161.36797327539531,224789.5136483876,820473.3886558025,39030.02606044423,908360.2262373739,0.0,0.0,23722208.726400033,1992653.1546020082
109,148.5719509065524,375.04121421426044,1943.3166896279727,157.3664328654333,119282.16576810312,929700.3123131063,88016.24589760987,885835.0616814073,0.0,0.0,24595085.44079998,2022833.7856602266
109,235.53827159765544,389.3367056407257,534.3634703844144,162.43250423631542,189103.76410898264,965137.8118201904,24202.265569519033,914352.6023258298,0.0,0.0,25467962.15520006,2092796.4438245217
109,163.70133617201896,433.36525354704116,825.2106167527973,153.70058328067654,131428.91237937947,1074281.4290755698,37375.24663328915,865199.5421878402,0.0,23121.107125758543,26340838.869599942,2108285.1302760784
109,264.807527845886,390.80298917325007,647.7916005736217,151.15455840139367,212602.81796408384,968772.623692756,29339.625965652212,850867.654091282,0.0,0.0,27213715.584000032,2061582.7217137741
109,246.7832840416948,434.01692092671726,862.3139462376223,156.60056756738035,198131.91128097437,1075896.8658421088,39055.72197165594,881523.9114495119,0.0,0.0,28086592.287600048,2194608.410544251
109,366.0894347401998,348.0256733264397,2217.9434409909304,155.21638791092238,293917.79790316947,862730.7211087499,100454.5766169592,873732.193425344,0.0,0.0,28959469.001999978,2130835.2890542224
109,281.86575285628294,471.3669352196936,621.830772040437,147.11605465304126,226298.14881882616,1168484.8765380243,28163.814179504316,828134.4183441041,0.0,42970.71234401234,29832345.71640008,2251081.2578804586
109,204.75960786027466,429.1418442479193,729.2854333830703,140.47023746350095,164392.87051405277,1063811.8998729035,33030.625618965685,790724.2936254865,0.0,0.0,30705222.430800002,2051959.6896314083
109,169.20716861972065,510.05587545758385,936.3425697994263,149.28167292127455,135849.3135029484,1264391.9887672435,42408.60911025439,840324.9507040721,0.0,3897.833192849066,31578099.145199925,2282974.862084518
109,181.21962139684476,433.8469615658942,592.317158092999,140.90697912898807,145493.60621566686,1075475.5487578819,26827.090465665307,793182.7663324104,0.0,0.0,32349024.15120006,2040979.0117716244
109,164.43109065707444,361.8536232231997,768.4855064635001,136.2799281034057,132014.801538977,897009.2186456185,34806.06617884267,767136.5253646512,0.0,0.0,31476147.43679995,1830966.6117280894
109,555.142417960918,389.23722875216805,528.3900665128106,134.12779938857258,445700.48060935445,964891.2157372672,23931.7195556784,755021.9273647032,0.0,0.0,30603270.72240003,2189545.343267003
109,434.830457348601,465.4144548874754,649.9061750421142,135.75726088796227,349107.07154339744,1153729.1040678038,29435.398778895156,764194.3671381436,0.0,54040.41673450929,29730394.007999927,2296465.94152824
109,444.3242599932707,442.9578040390149,1661.7114367994543,128.95503196451793,356729.24607850483,1098060.6747964742,75261.84651880432,725903.7814760603,0.0,0.0,28857517.293600053,2255955.5488698436
109,192.8270503834137,395.50982954058344,697.3662967329639,125.83573493591605,154812.7223750034,980440.5438937019,31584.951532374573,708344.8737381119,0.0,0.0,27984640.579199962,1875183.0915391918
109,489.53990213431155,372.66492221093347,1284.9254786828624,126.30676060843592,393030.98195980303,923809.6546096089,58196.54485317346,710996.3353495407,0.0,0.0,27111763.87559995,2086033.516772126
109,256.21393396702877,375.9884467556075,626.0621042285684,117.56066494148915,205703.38315591912,932048.4339492004,28355.45868929152,661763.4840131544,0.0,0.0,26238887.161200013,1827870.7598075655
109,364.6423233718939,417.1899396972066,350.5755407723123,113.47393103240982,292755.9730966302,1034183.9844001632,15878.185561309883,638758.754742075,0.0,31380.054678034387,25366010.446800068,1981576.8978001783
109,216.6300873443301,391.34907542151603,403.2857495071606,111.2835542635795,173923.17884563384,970126.3323954821,18265.52403171066,626428.8537282958,0.0,0.0,24493133.73239999,1788743.8890011222
109,308.8830866553255,323.5553978075948,308.09545888913595,113.98448392325331,247989.2289262453,802070.660480691,13954.187608358616,641632.7199411127,0.0,0.0,23620257.018000036,1705646.7969564076
109,302.33437859597296,373.01574517603933,445.52183871202266,106.83762456152924,242731.54687027013,924679.3196167172,20178.471125228494,601402.1670319362,0.0,0.0,22747380.314400017,1788991.5046441522
109,326.2130907128955,282.78054602692725,300.3375383174851,101.37854209944562,261902.75973837788,700992.7229147407,13602.817680681379,570672.3184773913,0.0,0.0,21874503.599999957,1547170.618811191
109,285.5053837518544,294.98794721626086,314.7705252239781,97.14575519342343,229220.2552673935,731253.9962578113,14256.513154702168,546845.4388709461,0.0,0.0,21001626.885599982,1521576.203550853
109,277.43564200846515,288.3724430089228,396.3382522772097,91.87758581514413,222741.39928907919,714854.6350821162,17950.859608856666,517190.2636141825,0.0,0.0,20128750.171200015,1472737.1575942344
109,302.4781278103179,263.78292854704114,614.3022847341572,91.0755991426353,242846.9570638491,653898.9896532951,27822.83568972795,512675.7817099188,0.0,0.0,19255873.456800032,1437244.564116791
109,252.24657574947747,322.0293911617395,532.1782083561674,90.37687387885447,202518.15823506546,798287.7992871129,24103.29119181957,508742.57101263537,0.0,0.0,18382996.753200028,1533651.8197266334
109,315.4109097688672,283.76008435307716,361.5620346087175,83.79493181517603,253230.14333830742,703420.9282778557,16375.783275680737,471692.00725646375,0.0,0.0,17510120.038800012,1444718.8621483077
109,238.62264902634888,246.60956223243858,896.6446549363943,85.7943217597401,191580.08092043927,611327.444390987,40610.62041656602,482946.81987830554,0.0,0.0,16637243.324400006,1326464.9656062978
109,225.15050013596067,285.74259196137143,859.3774145343167,83.75193953968267,180763.85963916525,708335.4226660413,38922.72126319511,471449.9984346329,0.0,0.0,15764366.609999994,1399472.0020030346
109,200.82075661203282,241.40655175338142,359.31297438517237,94.03341166732727,161230.53263895685,598429.5540151728,16273.919365011614,529325.673256314,0.0,0.0,14891489.89559998,1305259.6792754554
109,155.14514019111385,258.3207554080628,395.8109807399766,94.75415527313388,124559.5027693473,640358.653602881,17926.97854946804,533382.8279168135,0.0,0.0,14018613.191999987,1316227.9628385098
109,181.5641098836867,250.86606410170404,368.91732633294464,94.7390280409813,145770.18152171862,621879.0077051902,16708.917431582093,533297.6748610891,0.0,0.0,13145736.477599978,1317655.7815195802
109,152.04346811939195,205.32100752969387,401.9130202283124,94.04098737021356,122069.30081696039,508976.07406887447,18203.350697635564,529368.3178223206,0.0,0.0,12272859.763199978,1178617.043405791
109,193.55900000610933,234.193900064578,431.39332300293074,93.40285995643801,155400.37391821557,580549.9069962846,19538.56568961072,525776.2198974357,0.0,0.0,11399983.048800023,1281265.0665015467
109,206.1893816573485,230.87995696211206,410.31781151112216,92.92424945411601,165540.77571441405,572334.8793657739,18584.018542570037,523082.0623434654,0.0,9599.915536210232,10527106.337639993,1279541.7359662233
109,268.0430909916003,178.97918465191768,407.46720784472706,100.00921689639824,215200.51542410444,443676.58156463475,18454.909666699634,562964.2180037621,0.0,1004.3210012857453,9654229.625399977,1240296.2246592008
109,168.64709048218083,182.2799429145379,872.8947147015452,100.5540920353503,135399.65034084095,451858.9249213703,39534.943667160755,566031.3873710375,0.0,0.0,8781352.913159983,1192824.9063004097
109,128.9103800305637,186.38286835247814,605.297924003752,105.61893183662507,103496.71809658331,462029.7832603453,27415.012285324497,594541.9953582266,0.0,0.0,7908476.200919982,1187483.5090004797
109,124.56058144244221,161.01157334146137,539.1501940533971,108.0113809270968,100004.44789968383,399136.1598356552,24419.06474061746,608009.3863960594,0.0,0.0,7035599.4886799855,1131569.058872016
109,127.24921870860584,151.09718903528645,645.6138891237449,112.31512342091425,102163.04159193832,374559.1111367431,29240.99356698584,632235.6837585454,0.0,0.0,6162722.77643999,1138198.8300542128
109,122.49207966116501,145.82866521961392,550.9144036253872,115.97988960733488,98343.73488581815,361498.81789104803,24951.886574550004,652865.1046692417,0.0,0.0,5289846.064199996,1137659.544020658
109,116.64814444280454,142.94481260065353,509.0432228571179,121.91458987821511,93651.88527893662,354349.95376919524,23055.4668287654,686272.2645367552,0.0,279.1478812060086,4416969.351960003,1157329.5704136523
109,108.40257904897399,129.58863281171259,608.6608846053495,125.21858760043055,87031.8678923624,321240.9405448661,27567.326711909718,704870.8752618054,0.0,3642.9095785958925,3544092.639720006,1140711.0104109435
109,110.92712035145178,121.32011685895543,518.6168910972767,126.69223964721276,89058.71584241712,300743.88162895583,23489.07517601284,713166.2444074893,0.0,17056.204643163597,2671215.9274800057,1126457.917054875
109,97.4775400920037,110.40735454686828,451.6992160833689,84.27851547011176,78260.61396497762,273691.9253499588,20458.25545920796,474414.15929993306,0.0,289110.86314077757,1798339.2152400038,846824.9540740775
109,73.57595585005163,66.84960568617616,236.26125733405016,44.05663354637491,59071.0380304055,165715.3852134761,10700.689719066422,248000.2245993639,0.0,634398.6787748656,925462.5024599984,483487.3375623119
109,75.38073525537166,74.15726627600237,258.8486124016796,48.85282907857249,60520.01944908289,183830.5524941533,11723.710932448626,274998.60085876234,0.0,612346.5605804626,1027414.2098880021,531072.8837344472
109,85.9962232243448,111.24617971456344,519.0354770423246,89.49430003914259,69042.74791766702,275771.3128701175,23508.03367292961,503774.4540037933,0.0,317365.9465673854,1900290.9225599968,872096.5484645074
109,101.52801457987707,121.60417997008197,810.0380652374703,135.3364686409327,81512.56944078524,301448.05373890453,36688.054971634236,761825.6756750713,0.0,85139.70355832181,2773167.634799996,1181474.3538263952
109,110.5543027763413,138.4948211228057,636.4687523553998,153.44418502259737,88759.39630380811,343318.74357163475,28826.79416713196,863756.2447664976,0.0,7118.893739615451,3646044.347039995,1324661.1788090724
109,117.40158210878177,152.58004517754063,644.180190601126,157.48672374188004,94256.78866763585,378235.0053220193,29176.05882815332,886512.193862754,0.0,9021.055788135622,4518921.059279996,1388180.0466805624
109,121.7435931736962,160.99641664167436,596.0208146202294,161.60678741761822,97742.80658994085,399098.5874622958,26994.83561258905,909704.5405015685,0.0,9907.344072884065,5391797.771519994,1433540.770166394
109,263.81460704318386,182.0036509198965,328.1401993045338,182.14188453773238,211805.64364511022,451174.0168526774,14862.049312409108,1025299.1351860982,0.0,0.0,10603156.22892,1703140.844996295
109,226.87216705912337,193.46473995868288,467.48524130146023,190.92532449235378,182146.1135442467,479585.2358199897,21173.23242861143,1074742.2021242068,0.0,1599.1737117056036,9730279.516680013,1757646.7839170548
109,327.20133247765665,211.64697043199442,998.9050219981002,189.6351269442742,262696.1774547364,524657.6830842239,45242.17309190789,1067479.5209807535,0.0,175.8716811244667,8857402.804440001,1900075.5546116214
109,224.82766064346723,225.74937742948165,461.0164882908868,196.12916727126031,180504.66539943748,559616.5401191739,20880.251177192997,1104035.2750184427,0.0,5062.04017936968,7984526.0922,1865036.7317142473
109,203.98195656082245,219.9328069784032,509.97410901811065,199.8210673915932,163768.5270182244,545197.6785114215,23097.628307481617,1124817.4361900901,0.0,16304.37282104214,7111649.378880015,1856881.270027218
109,246.2091831568938,207.01676682666482,406.6772462586126,200.07165826366514,197670.98984532923,513179.739928118,18419.13091093419,1126228.0431192594,0.0,0.0,6238772.666640012,1855497.903803641
109,192.18828529116055,209.8723893106718,411.4938636332637,195.99576454048608,154299.88476900774,520258.62356705824,18637.28402077196,1103284.334591745,0.0,0.0,5365895.954400007,1796480.126948583
109,187.77858874392354,221.5975459457261,427.36368845063987,195.16861065246624,150759.5250219287,549324.4471949181,19356.05642206574,1098628.1833270045,0.0,0.0,4493019.242159999,1818068.2119659171
109,153.0772279437337,221.77435291488945,416.51525279605886,190.6004548232058,122899.26306743319,549762.7390098448,18864.71160664052,1072913.4706840387,0.0,24106.888517168118,3620142.529919996,1764440.184367957
109,137.89756592131252,193.68015589667334,364.6835248426697,135.32643895354323,110712.1513642216,480119.2365037453,16517.16108273859,761769.2173275984,0.0,429003.04530043225,2747265.817679997,1369117.7662783037
109,113.6238057011959,139.09373105635626,306.600089818584,91.45345765035043,91223.77100222258,344803.3984073331,13886.459701464257,514802.79385853186,0.0,816519.879408939,1874389.1054399977,964716.4229695519
109,82.47053617933192,78.1236280110243,194.01293178194095,49.44434386492027,66212.12219064674,193662.87919329293,8787.188419765282,278328.31055420876,0.0,1214732.9712901132,1001512.3930919988,546990.5003579138
109,77.91759053138622,74.89153724077742,186.3055087431881,46.23999279331923,62556.75377017681,185650.75763268457,8438.105614560927,260290.62311683854,0.0,1238409.9170838206,951364.3192560013,516936.24013426085
109,102.28986843389497,142.57309905398796,313.14172085272276,86.62645249544089,82124.22983261243,353428.502506432,14182.741727314822,487630.986432534,0.0,825643.13497212,1824241.0312800014,937366.4604988933
109,116.11779984487404,209.7505812197256,396.71216612543594,122.57188818565311,93226.0939242525,519956.6700326122,17967.79482759155,689972.2777867875,0.0,447982.05684836017,2697117.7435200005,1321122.8365712436
109,122.88739237721086,280.20256905302995,439.9232791817929,153.78561427503553,98661.11482623017,694602.1026124102,19924.902473801205,865678.1921436236,0.0,94397.35260878761,3569994.4557600003,1678866.312056065
109,129.1230482943985,320.49734531972103,535.9397596092481,154.43794320226144,103667.46049409221,794489.9673587297,24273.65849315274,869350.2321394712,0.0,1489.640976497787,4442871.169080005,1791781.3184854458
109,239.05372022673586,294.7461173416639,675.319218018182,157.46768607310253,191926.1698428009,730654.5173167821,30586.400389454222,886405.0284769171,0.0,12218.956663085613,5315747.881320005,1839572.1160259545
109,113.33643310436632,339.5525022420455,1012.2033549369132,149.96050951407503,90993.05164016887,841726.3367774234,45844.47808327547,844146.2056191481,0.0,12771.62075064017,6188624.593560005,1822710.072120016
109,158.58110560298513,354.39797690397916,636.5342275911426,149.54311836997965,127318.09477363537,878527.2053394346,28829.759656225986,841796.659384017,0.0,3247.4277275234926,7061501.305800005,1876471.719153313
109,250.68399662333047,328.5353230609124,823.2280262984573,143.23433861024142,201263.6292259655,814415.5385576383,37285.451609207485,806283.7599311776,0.0,0.0,7934378.018040004,1859248.379323989
109,156.30307784193718,334.2245838667508,824.2208606920974,141.10870680251625,125489.16216987242,828518.8086718314,37330.41883281681,794318.3162897223,0.0,0.0,8807254.730280003,1785656.705964243
109,260.3258125378851,365.410969804307,1146.9717258416229,135.78496871911352,209004.63738536445,905827.6260688945,51948.375680655765,764350.337937443,0.0,0.0,9680131.442519989,1931130.9770723577
109,166.53982019820242,371.04629657919384,615.0790305122518,132.13348438512503,133707.8117279805,919797.1975827216,27858.015878201397,743795.682212398,0.0,0.0,10553008.154760001,1825158.7074013017
109,178.05820236116332,354.68359038146883,1009.3778123110897,131.8240207923275,142955.4359407556,879235.2206965714,45716.50426620489,742053.6734763396,0.0,0.0,11425884.872399995,1809960.8343798714
109,93.68155207768497,396.62299791783545,784.7561642852709,117.46848871551718,75212.9749670722,983200.0085838865,35542.993015009044,661244.6126672603,0.0,0.0,12298761.576000014,1755200.589233228
109,98.37527269635157,431.3089342850119,882.4008470933214,124.26279418745686,78981.3656861057,1069183.960883629,39965.493196527466,699490.5962434696,0.0,13086.07027608063,13171638.290400026,1887621.416009732
109,104.291525028625,441.55454943828886,884.5138534842586,111.9484231809868,83731.27565981288,1094582.107132163,40061.1949887678,630171.4828756767,0.0,16304.391756448196,14044515.004800012,1848546.0606564204
109,96.87474102136196,391.9183898961794,3214.8210013627718,114.20884115051098,77776.65196387035,971537.6222080105,145604.9223901407,642895.6544477138,0.0,0.0,14917391.719200023,1837814.8510097354
109,289.5096852995257,423.95740778786,1262.2344430694102,120.98393921262065,232435.14043300072,1050960.0531600488,57168.827764710964,681033.5171447642,0.0,0.0,15790268.433600038,2021597.5385025246
109,103.4730185199964,431.54087888589686,1349.2587113311854,104.5116067631836,83074.1312361934,1069758.9349390375,61110.31060961686,588308.7259317525,0.0,36504.790427648346,16663145.13719997,1802252.1027166003
109,276.90236071545456,417.8645529125505,1314.4251854636427,110.61890532691903,222313.2501855251,1035856.3022501086,59532.63868686642,622687.4628796732,0.0,0.0,17536021.851599984,1940389.6540021733
109,294.6592416877791,416.1121988670765,625.990698429137,109.18457018057224,236569.5025046288,1031512.3420622302,28352.224594491217,614613.4134162631,0.0,0.0,18408898.565999966,1911047.4825776136
109,106.18282386506618,381.5739607784624,971.4008148712346,114.37369306279295,85249.71988800567,945894.5232179672,43996.45896275047,643823.6261963615,0.0,0.0,19281775.280400008,1718964.328265085
109,110.75051512944293,357.08499970715786,1462.706091194836,117.9973991425992,88916.92694324313,885188.1424434844,66248.54285751167,664221.914702179,0.0,0.0,20154651.99479999,1704575.5269464182
109,115.43040467210498,393.3693952596918,894.2128631454297,113.08625187507312,92674.21327352319,975134.5605937071,40500.48027039853,636576.4609453692,0.0,0.0,21027528.698400017,1744885.7150829982
109,120.15492531492711,328.29866060422137,1081.3354000282757,109.61686525683366,96467.33203553225,813828.8692755451,48975.590532750124,617046.8557239505,0.0,0.0,21900405.41279998,1576318.647567778
109,119.03041022335404,329.92553037781715,1104.404962753517,109.40059215269582,95564.50620102383,817861.7629397083,50020.45178280397,615829.4277435641,0.0,0.0,22773282.127200022,1579276.1486671004
109,130.30259651366677,348.18865605784083,1615.1176176359515,109.55228278402646,104614.47011040078,863134.7436282556,73151.53013718115,616683.3130182985,0.0,0.0,23646158.841599982,1657584.0568941361
109,135.51077759902302,395.7665457333163,1112.4966751820723,110.84011673872877,108795.89948373188,981076.9249513401,50386.93973335041,623932.6892030828,0.0,13466.90966676909,24519035.55600005,1764192.4533715053
109,132.5685275643354,361.00528787503106,857.7153771908349,104.63092737535344,106433.69077456873,894906.2560691162,38847.44465578692,588980.3963758028,0.0,0.0,25391912.259600017,1629167.7878752747
109,136.9738610196608,329.4457381879787,1634.3403418217574,112.88720416003507,109970.54757880095,816672.3924603257,74022.161274036,635455.9968049699,0.0,0.0,26264788.97399996,1636121.0981181324
109,141.3598953841075,339.0513969019992,675.5999324569821,106.53927707534936,113491.90995529413,840484.1325249686,30599.114442291986,599722.7322311954,0.0,0.0,27137665.688400034,1584297.8891537501
109,145.7414760020902,358.3376802438218,784.1004267300068,117.68350344722005,117009.69660621622,888293.4477860052,35513.2935027183,662454.9571139906,0.0,0.0,28010542.40279997,1703271.3950089305
109,146.29500844339054,262.6317463503571,1201.1039023766348,121.41736616706096,117454.10450433113,651045.2914270117,54400.11758474581,683473.3309343373,0.0,0.0,28883419.117200065,1506372.844450426
109,146.9484746733241,361.27782009295777,1181.0742580369085,125.85321218162589,117978.74503497759,895581.8439205812,53492.9396086309,708443.2553100234,0.0,0.0,29756295.820799924,1775496.783874213
109,147.3522956062884,353.5489819678151,1848.565022772164,129.94069822604942,118302.9558646299,876422.6076915263,83724.77551931253,731452.218443731,0.0,0.0,30629172.535200022,1809902.5575191998
109,296.2833058942451,266.00583537659276,3459.416211590368,126.55038517521243,237873.3952967182,659409.4164953339,156683.07155835017,712367.7280869113,0.0,0.0,31502049.249599945,1766333.6114373137
109,136.70572868940064,255.77097454784632,4839.46395218477,126.44978099154208,109755.27541692434,634037.9294471648,219187.87169458083,711801.414727548,0.0,0.0,32374925.96400004,1674782.4912862182
109,128.97916291017245,233.01292795746414,615.4320672809396,123.34322505185911,103551.9409754473,577622.3617153823,27874.005537122954,694314.2281507321,0.0,0.0,31552197.321600042,1403362.5363786847
109,332.57686654368945,281.2421982809036,625.7379894306398,122.74639268378287,267011.9674921164,697179.269017625,28340.77895751862,690954.5851318148,0.0,0.0,30679320.607199933,1683486.6005990747
109,315.71381377927656,217.59708240989386,980.2181740252872,122.97004948675773,253473.33221858402,539407.5845736925,44395.81273540767,692213.5768637308,0.0,0.0,29806443.90359996,1529490.306391415
109,254.26624390588526,215.54585425514938,554.1106568468264,130.08017329436527,204139.6647870035,534322.7368721226,25096.65052938594,732237.3408074706,0.0,0.0,28933567.189200036,1495796.3929959827
109,290.2068984356932,207.60545427797848,501.41775074586275,129.8406041269191,232994.90351328993,514639.0539624109,22710.09572584028,730888.7764131621,0.0,0.0,28060690.474799953,1501232.8296147033
109,240.11285186339262,227.85108367386013,1058.4601823351368,131.3733339930513,192776.50205344407,564826.5193900729,47939.53151252624,739516.7018911907,0.0,0.0,27187813.760400023,1545059.2548472339
109,273.4248394017358,200.7171800228095,486.4300982610893,128.97412429259865,219521.29469679354,497563.51537194994,22031.278467918066,726011.2545458571,0.0,0.0,26314937.045999937,1465127.3430825188
109,265.67822975126506,206.75161434271303,505.4553006024852,123.02046381525471,213301.86787477226,512522.44590869395,22892.963491501458,692497.3653374261,0.0,0.0,25442060.342400048,1441214.6426123937
109,224.66744373360314,237.76915625399235,518.9673022832728,132.5587766494434,180376.03398627604,589412.7110559978,23504.94591765599,746189.7048278643,0.0,0.0,24569183.627999973,1539483.3957877941
109,241.332130854977,234.74563888414968,494.287491981695,133.36521265112222,193755.40983451784,581917.6280184814,22387.153710238737,750729.2325548488,0.0,0.0,23696306.91360003,1548789.4241180867
109,306.8934054061917,172.4724354758066,1615.826715727516,132.7470531374207,246391.7975999639,427546.8163231071,73183.6464424266,747249.5364025123,0.0,0.0,22823430.19919996,1494371.79676801
109,273.01310925354585,187.37534565215608,699.9287172135593,131.16300574338572,219190.73389114716,464490.0634122411,31701.00808266146,738332.7382299241,0.0,0.0,21950553.4848,1453714.5436159738
109,407.5303627827678,138.8364910589443,435.25415956317244,135.37624990346754,327188.97471814405,344165.71887540654,19713.42979790064,762049.6093088816,0.0,0.0,21077676.781200044,1453117.7327003328
109,397.87527540304444,115.5232097416572,430.86659314304444,138.9585843469102,319437.31145797693,286373.7640174997,19514.709163746043,782215.0117704348,0.0,0.0,20204800.0668,1407540.7964096577
109,273.3045421623098,131.66930493478316,517.3147468406797,140.6386910467762,219424.71310674842,326398.77773535356,23430.098762289592,791672.5396244201,0.0,0.0,19331923.35240004,1360926.1292288117
109,212.33818769353405,137.20704610749698,559.7664828167058,147.3318487768054,170477.3932684604,340126.44152976497,25352.812879030706,829349.1500848848,0.0,675.3135242060525,18459046.638000008,1365305.7977621409
109,217.25603409950884,108.44088495180145,1338.3359471217916,150.0338560213106,174425.72514833533,268817.1880480382,60615.59932263684,844559.0821556373,0.0,0.0,17586169.923600014,1348417.5946746478
109,350.1871084217583,111.34696194578491,499.92712249272097,154.0103456340142,281150.4894547001,276021.1448040251,22642.58253894146,866943.2326838311,0.0,0.0,16713293.219999988,1446757.4494814978
109,266.8260471678904,155.93412681417476,383.1076908568278,157.0519094494605,214223.40216523554,386549.53350430314,17351.62410928264,884064.5705765684,0.0,0.0,15840416.50559998,1502189.1303553898
109,350.6058072954207,150.02193855468064,468.2319092108525,161.14717871917503,281486.6451567042,371893.6421969404,21207.05033727639,907117.3464454963,0.0,0.0,14967539.791199967,1581704.6841364172
109,281.97261818871203,135.02068798264713,368.7296325811276,168.29579345650785,226383.94649611245,334706.61630932946,16700.416449986275,947357.7805804992,0.0,1040.241633280879,14094663.076799985,1525148.7598359273
109,267.79472583327487,148.37109524138017,511.8377588433667,170.97798484372848,215001.1134925445,367801.3198446598,23182.036300353935,962456.1667463194,0.0,0.0,13221786.36239998,1568440.6363838776
109,254.6365692672202,188.25591769390542,492.8704379256946,174.7221820103655,204436.98343207315,466672.9384435726,22322.972828703154,983532.714442431,0.0,0.0,12348909.647999972,1676965.6091467799
109,245.13107684518093,184.42031511060617,327.74700334995043,181.67729374800558,196805.42366675587,457164.754317534,14844.240773013928,1022683.8963236517,0.0,4236.403144662385,11476032.944400012,1691498.3150809554
109,226.57206775538384,359.6474125555188,763.2589863867388,78.44432059139814,181905.17644490104,891540.1803931998,34569.34785150042,441572.75668222236,0.0,0.0,5061716.402759997,1549587.4613718237
109,165.26798924939436,371.3331840552624,881.5405144764457,81.98826160590814,132686.71219244204,920508.3710911012,39926.52721246279,461522.0377965007,0.0,47860.397260495345,4188839.6905199913,1554643.6482925066
109,166.09594271597797,366.76717398693273,667.4510644810946,73.98559917491788,133351.44118096706,909189.5591161438,30230.037816037013,416474.06384748395,0.0,70041.50912728647,3315962.977200007,1489245.101960632
109,151.04314127482218,254.55916335855503,528.8867098717435,63.91803341500374,121266.18049870257,631033.9362900154,23954.21341076469,359802.49435501616,0.0,455206.8100958345,2443086.2649600017,1136056.8245544988
109,124.95409783271273,160.9899216663254,369.6810937593608,43.7006819157034,100320.38564574087,399082.4868835286,16743.509807580725,245996.52896383326,0.0,860134.5946735233,1570209.5527199986,762142.9113006834
109,76.78257100002527,75.81879409157901,188.65509871008942,21.61643605891195,61645.494363110214,187949.36096243007,8544.522694900485,121681.584953716,26611.956846862216,1250615.6362064704,697332.8406960004,379820.9629741568
109,116.72498104211519,127.02859821298958,303.74036540443046,38.52325749517975,93713.5741503562,314894.79810569034,13756.937730815342,216852.16826762777,0.0,1002073.526475481,1255543.8717600002,639217.4782544896
109,157.06629596456258,211.2832903499725,448.75634463106223,64.87775900571866,126101.91787554049,523756.1462050139,20324.9676123152,365204.9080868897,0.0,626500.8644700227,2128420.584,1035387.9397797594
109,185.49504310976613,305.9959034925586,560.8123804245461,91.50380021452965,148926.1623501017,758541.931556987,25400.183429351568,515086.17836203036,0.0,233370.15307674053,3001297.296240007,1447954.4556984706
109,198.88879096208063,342.22262642537817,757.3997955329244,112.38397622437053,159679.43873792284,848345.3834130312,34303.9747470019,632623.2646821645,0.0,0.0,3874174.00848001,1674952.0615801206
109,284.2122070308021,368.01397012351487,768.8928543941328,111.16716713740689,228182.01810979546,912280.2774522598,34824.515686233724,625773.6962387682,0.0,12441.124607754522,4747050.720720012,1801060.5074870572
109,248.3317248180893,334.0343315067067,621.4751254533321,114.50742678790412,199375.08920416224,828047.1866957723,28147.706317296197,644576.4298310098,0.0,0.0,5619927.432960013,1700146.4120482407
109,256.3636383220838,333.75410966338006,587.4674666644314,119.8492729505449,205823.57448131344,827352.536813616,26607.4393734977,674646.3407949439,0.0,0.0,6492804.145200013,1734429.891463371
109,323.18076507569043,333.6000556425571,757.1664345891734,130.41368953780434,259468.23311936978,826970.6479282244,34293.40541760865,734114.7448808745,0.0,2907.5772263288964,7365680.857440014,1854847.031346077
109,200.1192429251159,350.90913638114745,1253.7569867390919,129.8913325014275,160667.31682748752,869878.6195287183,56784.86879140621,731174.3326905932,0.0,4830.293239826802,8238557.570759985,1818505.1378382053
109,328.1761136755702,326.98007070014586,709.6200707716874,137.74809230009748,263478.7882485482,810560.1793311606,32139.946605860263,775401.0027252522,0.0,3136.132081639138,9111434.282999983,1881579.9169108213
109,276.65024496719974,308.1708319024297,640.6654232145205,134.44676395140394,222110.8370631788,763933.4233325033,29016.868804096255,756817.4182330227,0.0,0.0,9984310.99524,1771878.547432801
109,290.15459243672245,335.896163356677,1302.5520792895334,143.8502356769785,232952.90922835373,832662.534520993,58994.88473344934,809750.7204904793,0.0,5408.640176225337,10857187.706399992,1934361.0489732753
109,221.73870840084743,295.2429662827471,936.287140479708,144.78079123749416,178024.6756624401,731886.17026102,42406.09861844402,814988.9325242504,0.0,0.0,11730064.420799991,1767305.8770661545
109,191.92370038655335,325.4624469606546,588.2063310389411,149.7199926763221,154087.46068587145,806798.0987621361,26640.903846282254,842792.3066717883,0.0,4460.731070846319,12602941.1352,1830318.769966078
109,300.83126960560395,295.58319582622954,570.7928178067586,155.6198571253895,241524.76392999972,732729.5749345475,25852.21506963285,876003.3714013337,0.0,0.0,13475817.838799987,1876109.925335514
109,196.82461393631348,262.2540266344484,1390.3410310779252,152.8440011077852,158022.19788822078,650108.9513008129,62971.00144615031,860377.735477592,0.0,0.0,14348694.553199999,1731479.8861127761
109,295.7836757202917,263.2194377797777,792.1445550184427,162.0994195209534,237472.26326022943,652502.1363943595,35877.62628349755,912477.6273772005,0.0,0.0,15221571.267600011,1838329.653315287
109,331.87763852360325,283.23751152619167,778.0829916508719,163.0006972465882,266450.5867463383,702125.5076628717,35240.75323770393,917551.030867019,0.0,0.0,16094447.98200002,1921367.878513933
109,162.8583337107269,273.8282259894247,481.6388959613318,169.46831929792938,130752.10118643763,678800.5626418218,21814.276451719983,953958.0731724199,0.0,0.0,16967324.69640003,1785325.0134523995
109,311.15587780736826,289.2742559687743,1059.1294854965113,170.61935142797788,249813.95727705464,717090.1648283029,47969.84543508246,960437.3750117816,0.0,0.0,17840201.410800014,1975311.3425522216
109,335.2246159920907,260.082168273165,353.1604756181859,178.24145676281927,269137.7340765186,644725.0699558909,15995.261826973645,1003343.1461250221,0.0,2757.2974428931484,18713078.11440003,1933201.2119844053
109,329.95553749760535,276.1065087140353,442.58582391714253,177.17521793925226,264907.41273666045,684448.2623620928,20045.493828463415,997341.1562670625,0.0,0.0,19585954.82879998,1966742.3251942792
109,244.18910562617222,212.19578140032505,324.9678663530707,185.03362072948894,196049.1546239858,526018.1461728655,14718.368748857463,1041577.0749039127,0.0,2304.0760170893045,20458831.54319996,1778362.7444496215
109,346.46047048120863,214.35922140162748,289.3850098488577,188.98048322461236,278158.5287119759,531381.1590062563,13106.75831781972,1063794.4507327555,0.0,2742.046444568434,21331708.257600017,1886440.8967688074
109,359.3376423404385,256.9341700807256,271.8452151269127,193.1290489365085,288497.0679784026,636921.4078735685,12312.350029412619,1087147.238848817,0.0,5962.336023860145,22204584.97199997,2024878.064730201
109,128.75260809828268,206.10546749835845,260.05376729035794,196.34782987221394,103370.04965301059,510920.69415387645,11778.294526359368,1105266.1537711485,0.0,3876.9719921394717,23077461.675599996,1731335.192104395
109,134.59913636355003,173.15164213205009,345.2772151160451,198.26951797469465,108063.98110810845,429230.5209840939,15638.215032421509,1116083.5731394142,0.0,0.0,23950338.389999945,1669016.290264038
109,139.79827654326868,244.41374945345413,986.8692302757144,202.14577137926494,112238.15191884829,605884.1817600254,44697.050822612335,1137903.4816879325,0.0,5565.852540015476,24823215.10440002,1900722.8661894186
109,144.67726221931036,217.59528739259605,355.8886332572098,196.49696503242976,116155.28415436596,539403.1348543573,16118.824905953707,1106105.6539837613,0.0,0.0,25696091.81879996,1777782.8978984384
109,150.45206352352008,185.64991508635393,352.197933079795,192.26312073665966,120791.62905152529,460212.84460240544,15951.666575001544,1082272.8221999966,0.0,0.0,26568968.53320003,1679228.9624289288
109,151.8193783256647,165.33393077616776,1030.7078157328906,190.57351902140135,121889.38855385006,409850.97438048985,46682.57780233527,1072761.8457331618,0.0,0.0,27441845.23680006,1651184.786469837
109,354.88512785753534,172.69956011731063,485.04669173131526,184.946151418212,284922.3315130479,428109.8420443806,21968.621542286317,1041084.6993614328,0.0,0.0,28314721.951199934,1776085.4944611476
109,310.66936829233987,147.0584400745292,504.86780728276835,180.81251555067792,249423.35926534867,364547.3416888522,22866.354881197545,1017815.9531808752,0.0,0.0,29187598.66560003,1654653.0090162735
109,120.49587179909668,133.39454155063544,320.41809261405757,180.36372907203358,96741.0636167265,330675.5157571528,14512.301458678356,1015289.6787349669,0.0,0.0,30060475.379999958,1457218.5595675246
109,218.13831260680365,131.91393854955993,332.96161506696075,175.39237453036787,175134.0694254255,327005.20694750495,15080.419749705989,987305.3108054838,0.0,0.0,30933352.094400052,1504525.0069281203
109,121.60866138562446,198.68643022393158,527.8148208494781,176.58173343888112,97634.47553677805,492529.4320480623,23905.6656633686,994000.3588084152,0.0,0.0,31806228.798000082,1608069.9320566244
109,266.94760158733084,128.6158919826074,1671.358984360414,171.65572697332294,214320.99309219766,318829.5856901377,75698.80099100457,966271.2607930072,0.0,0.0,32120894.4876,1575120.6405663472
109,225.1078762750547,133.00428141455012,410.31413439108684,164.6165179428248,180729.63873534565,329708.0888273898,18583.85199930771,926646.6848769234,0.0,0.0,31248017.77320008,1455668.2644389668
109,230.16008224094324,230.46122850342968,399.1804179612223,165.6427133958825,184785.84225048128,571296.881502987,18079.586313598596,932423.2656629536,0.0,0.0,30375141.058799975,1706585.5757300204
109,132.25997440076526,173.8956875726051,931.8797064225149,157.4507816836768,106185.96642700063,431074.95634810685,42206.47814390897,886309.8715836906,0.0,0.0,29502264.344400045,1465777.272502707
109,133.23181874329254,163.17661957787635,1545.4609718856473,158.6116010783234,106966.21934323947,404503.15441086306,69996.657597114,892844.2671427298,0.0,0.0,28629387.629999958,1474310.2984939464
109,146.890262095219,194.91165772371733,663.2156380271416,148.24413187686375,117932.00860627112,483172.0413417833,30038.207869717906,834484.5041848418,0.0,0.0,27756510.92639993,1465626.7620026139
109,153.71733175084816,183.25583834060055,489.43627380517995,152.339744627977,123413.17547124247,454278.09979604697,22167.43346895946,857539.2135529314,0.0,0.0,26883634.212000057,1457397.9222891803
109,110.815410879695,270.64466302312354,3829.505695618521,143.08152920237094,88969.02900956171,670908.7380319864,173445.07808265855,805423.5769253,0.0,1250.3322390833637,26010757.497599974,1738746.4220495066
109,107.20734998106474,216.35438097972113,965.0288869420355,138.24412416921194,86072.26878271026,536327.0167215324,43707.86309031672,778193.2273018153,0.0,0.0,25137880.78320003,1444300.3758963747
109,103.90436388729613,206.8118488510093,1402.4651660193706,140.07778724982265,83420.44027562918,512671.762941203,63520.12493590244,788515.1429641262,0.0,0.0,24265004.06879997,1448127.4711168609
109,100.37043458135443,220.58206143202892,534.9616085812512,134.8188825039781,80583.1971842382,546807.1338070779,24229.356305112735,758912.1194661262,0.0,0.0,23392127.365199946,1410531.8067625551
109,88.46871843012805,229.86932568838535,915.3258227757167,133.56304244861536,71027.81024738346,569829.5968122667,41456.72350978604,751842.8408871582,0.0,0.0,22519250.650799993,1434156.9714565943
109,91.91749570335563,234.278096301039,1248.3478218951827,123.28055801001636,73796.6883558842,580758.6234369493,56539.878159903245,693961.4676422466,0.0,0.0,21646373.936400022,1405056.6575949835
109,87.80928990717852,259.39602604665015,867.8230891531842,117.07269626681241,70498.38284263629,643024.1725128765,39305.24078664332,659016.6481526727,0.0,0.0,20773497.22199997,1411844.444294829
109,196.31817213488208,248.97416402911924,572.1100046006778,122.78989631061106,157615.59708274147,617189.1229093757,25911.872786445267,691199.4724133844,0.0,0.0,19900620.507600006,1491916.065191947
109,181.7340618643604,241.5242862246035,856.2416950038038,114.13036219826111,145906.62881346946,598721.4093380457,38780.69898615884,642453.8867451542,0.0,0.0,19027743.803999975,1425862.6238828283
109,130.15385574088629,256.1653944208648,1203.3286067702054,114.83408461159934,104495.05240465605,635015.6680668949,54500.87837684886,646415.2270136924,0.0,0.0,18154867.089600034,1440426.8258620922
109,164.30350046415518,311.9575869442267,770.6053582210076,106.87938291501477,131912.36474354344,773320.5179012634,34902.07800982786,601637.2299545812,0.0,10475.250823316397,17281990.37520003,1541772.190609216
109,186.39148513594733,280.8938492409204,1212.4442930426503,107.54006046626768,149645.8779203421,696315.7366937314,54913.74391171677,605356.2653848759,0.0,0.0,16409113.660800023,1506231.6239106662
109,147.91332070114285,266.12787482254777,2989.8678306305205,93.19174475222778,118753.37929890642,659711.9435422788,135416.39588990915,524587.8263719666,0.0,0.0,15536236.946400033,1438469.545103061
109,140.13269322690323,327.63147215339734,1063.3703951799166,100.61886709771983,112506.64099804203,812174.9568851367,48161.92372655003,566396.0141870917,0.0,9488.986891479813,14663360.24280001,1539239.5357968207
109,130.92078209428132,280.3316880391867,1284.4463621491602,88.57251464147215,105110.78529272409,694922.1793325301,58174.84481896442,498585.6102984736,0.0,0.0,13790483.528399998,1356793.4197426923
109,137.89610250627817,332.39930167317857,1277.575315852219,81.59558118384075,110710.97644988784,823994.0648274011,57863.642993923124,459311.59126372205,0.0,23017.451095048338,12917606.813999984,1451880.2755349341
109,194.53853265747517,341.0716354317399,896.0607151711936,76.2090040929482,156186.79945400852,845492.1591654056,40584.17275302378,428989.88438711804,0.0,12872.868738115998,12044730.09959998,1471253.015759556
109,201.11544187918412,320.6187461695074,824.9925129595978,88.38663053765906,161467.1230362107,794790.9113715041,37365.36832719735,497539.2457493854,0.0,0.0,11171853.385200007,1491162.6484842976
109,145.24683300765784,332.4919238817183,838.747810761818,85.7556349387579,116612.56856624708,824223.6686494421,37988.37006449362,482729.046990994,0.0,0.0,10298976.67620002,1461553.654271177
109,262.7000893703369,332.59405790610623,714.9082542381133,65.47954212894702,210910.84431729076,824476.8515818038,32379.45777705373,368592.4195172319,0.0,0.0,9426099.963960009,1436359.5731933801
109,141.89550814108563,335.595846943439,1277.8669969010668,68.98154394101327,113921.93089313296,831918.0716390533,57876.85374390333,388305.6196877717,0.0,0.0,8553223.251720019,1392022.4759638612
109,268.35146942109543,326.29365133790236,744.5971991256838,67.30325301697691,215448.09948503855,808858.5948885212,33724.12253890747,378858.3130599066,0.0,0.0,7680346.539480006,1436889.129972374
109,289.44526512805623,365.5099841845151,1239.4796608552,76.70228551298993,232383.42018886888,906073.0756267405,56138.22348008668,431766.6263465841,0.0,28603.184336710256,6807469.827240004,1626361.3456422803
109,219.23400510237923,364.4613828526169,767.4270623508414,67.36268374231183,176013.75481079353,903473.6680181657,34758.12737515418,379192.8559435713,0.0,40832.22430944978,5934593.115000001,1493438.406147685
109,212.73382665894542,190.32802385064048,794.5448175320148,67.3706148623209,170795.03514075567,471809.54121694656,35986.33841299293,379237.50119640265,0.0,0.0,9415630.792799989,1057828.4159670977
109,159.00027907510415,149.84527759337396,423.4622748634214,61.040140442422754,127654.63151076378,371455.71232503426,19179.354508541477,343602.4798254961,0.0,0.0,10288507.505040005,861892.1781698356
109,201.55227914250895,177.94797391429944,750.5126677787435,69.3677344668963,161817.84128780296,441120.2839938921,33992.04456435304,390479.5337944027,0.0,0.0,11161384.221600002,1027409.7036404508
109,171.08100455320118,161.96150430166898,579.6870823161069,71.0277454849231,137353.7375013937,401490.9706588634,26255.052021690848,399823.94057652145,0.0,0.0,12034260.92520002,964923.7007584695
109,130.42945044701847,173.93698011664256,412.4099430960942,75.7484496834837,104716.31579401779,431177.317607704,18678.774877971195,426397.3668070538,0.0,0.0,12907137.639600003,980969.7750867468
109,81.89796546272095,159.57859813994594,715.0642533103734,81.563645010597,65752.42926263432,395583.91693036014,32386.523250621227,459131.8186052197,0.0,0.0,13780014.354000019,952854.6880488354
109,66.41006485974896,123.95430769728871,976.715625674784,84.75673273888167,53317.84577731957,307273.85207559494,44237.17613308158,477106.1032937335,0.0,0.0,14652891.068400031,881934.9772797297
109,67.36382803766975,127.25632454844448,2686.7334707638133,89.1760507965701,54083.58208755903,315459.3153831792,121686.90522045456,501982.9897614454,0.0,0.0,15525767.782799955,993212.7924526382
109,115.79561640270943,104.84887672418186,2767.659753270679,91.85714000778384,92967.42639971962,259912.85688527345,125352.19951794104,517075.1716425698,0.0,0.0,16398644.486399975,995307.654445504
109,74.01728701744733,117.1020572958276,1124.4472717262133,97.79159807308798,59425.364248421145,290287.61403870943,50928.20336251916,550480.9681050195,0.0,0.0,17271521.200799968,951122.1497546693
109,281.325617144193,166.41192735338453,3225.465119645281,102.25977806618776,225864.49659070605,412523.25069713575,146087.0133108418,575632.9044342607,0.0,0.0,18144397.915199976,1360107.6650329442
109,220.61420980405174,144.50318899215316,1273.343765177327,107.10761928261093,177121.86307089415,358213.0572441399,57671.98858848455,602922.0006206379,0.0,1088.7872871992877,19017274.629600007,1195928.9095241565
109,289.3590517230539,144.442578778494,1397.6341080910495,108.1051062596215,232314.20307484316,358062.80886494153,63301.31778787856,608536.9778538204,0.0,0.0,19890151.344,1262215.3075814839
109,284.33347280200417,138.77109878450733,577.4007180356141,118.0064113380233,228279.3772932366,344003.6161099964,26151.498544381968,664272.6454618716,0.0,0.0,20763028.047600023,1262707.1374094866
109,333.0149325607083,215.59114733535841,1532.4981444200462,119.34294656221135,267363.67225832946,534435.0151743998,69409.54824132544,671796.1670998719,0.0,0.0,21635904.76199999,1543004.4027739265
109,334.0838424895577,159.73892543773098,660.4315489684967,124.57528721906564,268221.8550481912,395981.3568200943,29912.111557935885,701249.6580642767,0.0,0.0,22508781.476400033,1395364.981490498
109,316.27551894605665,243.1377590294429,698.298004796473,131.07272648626318,253924.3016539844,602721.0928760553,31627.150236507714,737824.5451556736,0.0,0.0,23381658.19079999,1626097.0899222211
109,303.4621885844864,178.40335437107603,1757.8070902661177,130.9918715084393,243637.01803884486,442249.139535205,79614.1884249671,737369.4025120762,0.0,0.0,24254534.90520006,1502869.7485110932
109,295.66419134306165,199.5536994471465,1270.1037753831836,138.7241151025619,237376.3342830269,494679.3303448981,57525.24372700669,780895.1554723177,0.0,717.5478904272895,25127411.619599942,1570476.0638272495
109,226.32951276450768,205.7841295535779,1306.303787758463,136.91632954052955,181710.43925222752,510124.120400652,59164.806237700235,770718.9075540652,0.0,0.0,26000288.32319997,1521718.273444645
109,315.44907549081745,281.2196100094327,1882.8248178749711,140.329067804259,253260.78499000918,697123.2743102564,85276.46216218683,789929.6322003969,0.0,0.0,26873165.03760004,1825590.1536628492
109,322.19657136569793,221.1033676410716,721.4402506357634,147.033808592657,258678.06541579642,548099.4145671355,32675.303433197372,827671.445125185,0.0,0.0,27746041.751999978,1667124.2285413141
109,323.1810400666466,208.45731530760298,4851.224384716347,146.79677413332539,259468.45389803368,516750.7564507588,219720.52245968062,826337.1489155084,0.0,0.0,28618918.466400076,1822276.8817239814
109,322.56686383888314,308.1296741762138,725.1678134349575,153.65880521530326,258975.35765635493,763831.396276631,32844.13133741068,864964.3683045476,0.0,0.0,29491795.180800002,1920615.2535749443
109,426.2778780918002,223.42564217316936,5261.502216184477,158.94134268889275,342240.5656489153,553856.166827794,238302.73023547558,894700.4233421107,0.0,0.0,30364671.884400032,2029099.8860542956
109,329.65982887265045,355.2094065238685,2332.1386242754174,159.33298533384814,264670.0007285008,880538.6812584524,105626.67820283823,896905.0280995166,0.0,15276.16991218389,31237548.598799944,2147740.388289308
109,331.4329088603833,344.7885329728123,738.7301379073821,163.38338610705367,266093.5320190731,854706.0819925556,33458.39297169769,919705.2336670856,0.0,0.0,32110425.31320005,2073963.2406504122
109,547.0766666015841,350.15626265690105,2276.075728738426,176.45999327933362,439224.8283424369,868012.2994816517,103087.49062437899,993315.068433726,0.0,0.0,31816697.972400036,2403639.686882193
109,261.48789977654286,370.80355983772836,707.4175285370553,173.19250327267,209937.62831529952,919195.4705836687,32040.189577086756,974921.9641427279,0.0,28448.3223915071,30943821.257999927,2136095.252618783
109,251.98186738832908,296.1852560579222,806.7192739874964,181.50015878098984,202305.63503386872,734222.0391337386,36537.74105301274,1021686.7817447981,0.0,0.0,30070944.554399952,1994752.1969654183
109,331.4395755365631,366.68850605753516,2212.4875256001915,187.81906082608555,266098.88441276754,908994.5469527923,100207.46857060173,1057256.6607904942,0.0,0.0,29198067.84000004,2332557.5607266556
109,227.64432411399818,301.9495281889213,830.6830489745595,188.7018718383438,182766.04594236484,748511.2569512397,37623.102756101965,1062226.112872855,0.0,0.0,28325191.125599943,2031126.5185225615
109,231.4250933738674,304.04572720623173,1600.1004315945117,190.3061917436999,185801.4664429028,753707.5842006245,72471.37525230412,1071257.0275122756,0.0,0.0,27452314.411200013,2083237.4534081072
109,328.78917636954844,306.1119159883273,2034.8270966065845,194.94440286477393,263970.9904808212,758829.5182260264,92160.91389012414,1097366.0900341503,0.0,0.0,26579437.696800075,2212327.512631122
109,223.24273499016687,383.58958411637633,2052.954516721381,196.82000775014123,179232.19530428472,950891.1091283724,92981.93677066073,1107924.1012889396,0.0,0.0,25706560.993200045,2331029.3424922572
109,222.4023317626581,405.35344938762483,812.9491448964739,203.01140317762759,178557.47092674187,1004842.1725660576,36819.90291204555,1142776.2298562261,0.0,27518.76611083164,24833684.278799962,2362995.776261071
109,222.7471255499757,342.76489999682656,712.6233797760513,196.45197616462738,178834.29134569498,849689.6407629626,32275.97177625346,1105852.4060975441,0.0,0.0,23960807.564400025,2166652.3099824553
109,252.099377731392,381.0376246904859,626.5010178578865,194.46815504006858,202399.97914212852,944564.9844643634,28375.33786293937,1094685.2322839194,0.0,0.0,23087930.849999957,2270025.5337533504
109,272.8297778593281,335.5307525187914,1894.5657638212576,190.52002863605722,219043.54483142126,831756.7072219412,85808.2303454142,1072460.7417560436,0.0,0.0,22215054.13559999,2209069.2241548207
109,241.92503533927948,407.14106083716564,713.1875253022307,187.36158981277455,194231.42788873118,1009273.5333337388,32301.52292374232,1054681.5000277136,0.0,0.0,21342177.421200007,2290487.984173926
109,215.33726299311084,395.5605369893559,656.6465627600029,189.92148494209226,172885.224590943,980566.24402791,29740.682846072334,1069091.4654726074,0.0,0.0,20469300.717599988,2252283.616937533
109,224.20042283503122,420.23653973182815,644.876324017182,185.31572512081038,180001.0825644181,1041736.2877106536,29207.587940341855,1043165.0753201166,0.0,0.0,19596424.003200028,2294110.0335355303
109,220.63107245721332,430.9244102902906,1695.5957569081977,180.5716249082311,177135.4013853434,1068230.7534375268,76796.52723589086,1016459.9500407848,0.0,0.0,18723547.288799997,2338622.6320995456
109,225.9346682579811,382.1813442674418,574.708624962798,179.15128187355887,181393.43521753087,947400.1833907593,26029.5688933164,1008464.6638999118,0.0,0.0,17850670.574400004,2163287.851401518
109,188.84000139516783,409.5927508683329,616.3333978742627,168.08773111478916,151611.6885631729,1015351.0973487939,27914.828391967138,946186.5719945643,0.0,0.0,16977793.859999996,2141064.186298498
109,224.7215363006259,413.18844509254865,1187.7449948138808,169.83437354469052,180419.4626315019,1024264.5658331562,53795.06906165002,956018.6376800723,0.0,0.0,16104917.15639997,2214497.7352063805
109,220.09709829995714,425.11000983211295,1414.274812676416,165.66212297245124,176706.69601025025,1053817.2710867764,64055.004695685384,932532.524563622,0.0,0.0,15232040.441999985,2227111.496356334
109,225.0261091947497,417.3950442084834,675.5077411940152,161.5803392900458,180663.991388267,1034692.4237955249,30594.93893712898,909555.6607290981,0.0,0.0,14359163.727599975,2155507.014850019
109,332.55568135373716,383.68532926937814,611.1152071952938,156.3345458445956,266994.9587948199,951128.4545060924,27678.48731776545,880026.4423582912,0.0,0.0,13486287.013199972,2125828.3429769687
109,180.97885674105012,373.53069847230364,897.1934138613688,147.6384894414349,145300.30640767244,925955.8519609466,40635.47467770464,831075.2682100785,0.0,0.0,12613410.29880003,1942966.901256402
109,334.7838043920985,348.5219284508963,1113.5061676639982,146.457742525738,268783.82499730185,863960.9020240953,50432.66143120605,824428.698176996,0.0,0.0,11740533.595200006,2007606.0866295993
109,351.03957662352326,348.7742461065678,472.84496008499457,140.10204863111503,281834.9002922405,864586.3794233494,21415.983560689605,788651.7132720519,0.0,0.0,10867656.880800027,1956488.9765483313
109,345.481911021658,362.16657067808205,942.0829359077973,137.41795846722422,277372.8845109283,897784.9929752514,42668.60043211835,773542.6386581421,0.0,0.0,9994780.166400013,1991369.1165764402
109,218.97740069624282,326.3476850513904,854.7413410417658,132.90239977338018,175807.73793396837,808992.5405947565,38712.74530472286,748124.0017782691,0.0,0.0,9121903.454160005,1771637.0256117168
109,168.52984235709764,348.04564689486705,314.54720590323666,130.2287230382584,135305.51675635992,862780.2341545196,14246.39862815435,733073.5456393921,0.0,11365.015294368495,8249026.741920012,1745405.6951784259
109,164.46371388986876,326.01250109774867,385.0913692373076,123.34403596090023,132040.99335942708,808161.6435771156,17441.468407461085,694318.7928577499,0.0,0.0,7376150.029680009,1651962.8982017536
109,159.54893848905218,306.4531502532609,328.5065199429683,123.7184797736792,128095.12706033047,759675.4135320806,14878.640621258513,696426.5832673662,0.0,0.0,6503273.317440007,1599075.7644810358
109,154.85663623554294,316.26938935399414,288.1288658510863,119.8515256223762,124327.87508698071,784009.1672951485,13049.865337081814,674659.0213625483,0.0,4971.631582020898,5630396.604119984,1596045.9290817594
109,149.17310986821434,285.58477183760664,375.0132327591754,115.56472204452575,119764.81099474514,707944.1978811577,16985.01180253234,650528.0752474486,0.0,0.0,4757519.891879987,1495222.0959258839
109,143.31915885624994,280.73529172121704,264.8664506817541,110.9553127849762,115064.9201287587,695922.6839571231,11996.269459145831,624581.1419567924,0.0,0.0,3884643.17963999,1447565.01550182
109,135.00680650335542,265.7956746239527,222.40506967766774,104.78920477952494,108391.28230391463,658888.4430397239,10073.118502045148,589871.359407334,0.0,0.0,3011766.4673999944,1367224.2032530177
109,125.45317787149526,241.4766755823217,176.8586265174847,88.9023457479888,100721.07600185696,598603.3859653571,8010.239629885805,500442.27028158115,0.0,103183.33161151945,2138889.755160002,1207776.9718786809
109,110.84463261529038,145.53788969981687,112.04601774616795,52.58675107384066,88992.48991108485,360778.006200699,5074.762081975752,296017.30834780075,0.0,493644.84208993404,1266013.0429200015,750862.5665415605
109,89.77983927233142,82.12925624674853,66.77303859862897,30.69710520866658,72080.45398455889,203592.54473569244,3024.268878045108,172797.79169432304,0.0,738510.0623210582,686863.6693199995,451495.05929261947
109,109.98563201734657,179.45834896863747,167.61010945169792,65.35892718469967,88302.83448761074,444864.3955915198,7591.357953731227,367913.46311826195,0.0,253651.85673744354,1559740.381559997,908672.0511511236
109,114.82348841843826,224.84152200088025,442.78182906178245,81.77215232624229,92186.94575946352,557366.0315256739,20054.37124772292,460305.53200427484,0.0,0.0,2432617.093799999,1129912.880537135
109,118.57485218733795,229.9579469741764,282.35002208707357,79.30573595960821,95198.75782902297,570049.2826333308,12788.131294219975,446421.7700450925,0.0,0.0,3305493.806040004,1124457.9418016663
109,118.87522360240425,223.00061656749483,338.6661882155623,82.36828853367464,95439.91339509933,552802.5587885695,15338.789945190869,463661.25624905666,0.0,0.0,4178370.518280008,1127242.5183779164
109,116.53963721431934,221.15344159460463,452.53198603593114,78.36705017097049,93564.76939241677,548223.5443120116,20495.97308151423,441137.79195436195,0.0,0.0,5051247.230520009,1103422.0787403046
109,113.42766087259447,200.80567595905973,631.9748951228744,76.26215803765169,91066.29457536656,497782.89046047896,28623.259434312662,429289.0944983702,0.0,0.0,5924123.943840002,1046761.5389685284
109,108.77941869395802,189.36983069053488,510.18121808039854,73.91678240506918,87334.41658157797,469434.24899186986,23107.008642787358,416086.68576148665,0.0,0.0,6797000.656079997,995962.3599777218
109,127.33651869577756,184.99472221151993,378.59527716545705,62.99623141060664,102233.13107705198,458588.66838584037,17147.24892166077,354613.5571683837,0.0,0.0,7669877.368319995,932582.6055529369
109,215.39753427408945,180.61423476294496,349.42283179077145,68.48008042332309,172933.6138655327,447729.7536994743,15825.977335183286,385482.8196913842,0.0,0.0,8542754.080559993,1021972.1645915746
109,191.98579631355935,370.31678960809415,607.916572451141,165.66372755009823,154137.31489195448,917988.802043349,27533.615499558666,932541.5569291208,0.0,0.0,16980199.48439997,2032201.2893639829
109,173.30737436423956,382.73671911473326,734.1808500006263,163.06572207001378,139141.19611145405,948776.9178652876,33252.34768571978,917917.0636188657,0.0,0.0,17853076.19879999,2039087.5252813273
109,186.90041481278146,378.82590457416654,416.3391695727973,161.5769881952729,150054.4761362639,939082.2886833163,18856.736486393907,909536.7970032654,0.0,0.0,18725952.913199995,2017530.2983092396
109,208.52307885537545,439.69163446494605,765.2231002924206,157.5051326447675,167414.4029659179,1089964.0743216672,34658.30604005305,886615.8198478379,0.0,0.0,19598829.627599977,2178652.603175476
109,182.87155722915637,418.8323719641676,411.3551660505934,155.38002092425916,146819.8759629895,1038255.456370906,18631.002162232453,874653.3038414787,0.0,0.0,20471706.331199992,2078359.6383376066
109,238.34944721291558,388.4213725412268,454.33886239951653,148.1427763627564,191360.73868390505,962868.7666160319,20577.809704012623,833913.9614937722,0.0,0.0,21344583.045600027,2008721.276497722
109,319.94430062457513,464.2239022623946,390.59839970650694,146.16962226511802,256869.81203918002,1150777.8093689485,17690.8915460209,822806.8336904558,0.0,4535.320920009282,22217459.759999994,2248145.346644605
109,136.4284166355614,375.596084638915,545.6207057996236,139.95515161027788,109532.63324137431,931075.7963600407,24712.125648280573,787824.8118220753,0.0,0.0,23090336.47440005,1853145.3670717706
109,387.79873683143796,436.2064211990072,541.1415344884477,140.61154472250422,311347.2827753554,1081324.4802210305,24509.25606678305,791519.7296166057,0.0,0.0,23963213.188799936,2208700.748679775
109,414.8628600489809,396.5028549240112,366.7620196288274,135.97398747112013,333075.9281374521,982902.1827059636,16611.299783430946,765414.3478078701,0.0,0.0,24836089.892399963,2098003.758434717
109,450.17837221793326,358.16371374063306,402.2659213993426,136.46107118812864,361429.266375381,887862.1972828159,18219.334215099665,768156.2021324782,0.0,0.0,25708966.60680003,2035667.0000057747
109,144.4935633374861,379.9747126892464,692.3836210671822,131.8864716555492,116007.80005430889,941930.1017313176,31359.277349176242,742405.2170887017,0.0,0.0,26581843.321199976,1831702.3962235046
109,157.29206752622068,346.9464264597064,1144.5049956517867,131.87560269122505,126283.18035933435,860055.3454139292,51836.65311268192,742344.034347839,0.0,0.0,27454720.035600066,1780519.2132337843
109,171.31286969220574,317.87114593154143,343.41934761666033,125.30164353544247,137539.89226195132,787979.8071447319,15554.068931302842,705338.4073649014,0.0,0.0,28327596.75,1646412.1757028876
109,184.45601556060763,363.3757412566937,328.47356358533597,130.5792561874285,148091.9708650999,900782.4402476272,14877.147969601303,735046.739974184,0.0,0.0,29200473.46439993,1798798.2990565123
109,195.7765094773983,375.52225688012214,1162.2791089661848,126.6444413021588,157180.718934436,930892.7826330003,52641.67410408376,712897.1816272752,0.0,0.0,30073350.167999953,1853612.3572987954
109,205.4644844865829,350.49312800853363,571.9241242965388,129.4879062221918,164958.7862880083,868847.3645645026,25903.453939098392,728903.3964023173,0.0,0.0,30946226.882400043,1788613.0011939267
109,216.00830322014784,284.5663168413196,1741.8166290725806,133.92385269954283,173423.97454414808,705419.5208797016,78889.95218908318,753873.8862954183,0.0,0.0,31819103.596799962,1711607.3339083511
109,267.4407884767895,372.2144348758734,565.4676666331632,123.84252488010135,214716.95208677306,922692.9287666215,25611.029565675257,697124.848472327,0.0,0.0,32108019.68879993,1860145.7588913967
109,221.5213128823238,341.07690039782307,1159.5766070866441,134.25428365647818,177850.13795111876,845505.2106392873,52519.27301977364,755733.922910524,0.0,0.0,31235142.974400062,1831608.5445207036
109,218.78835262125352,362.59279656377174,719.5462539714009,133.35691309163633,175655.9591918746,898841.5764226781,32589.520978371802,750682.5133107555,0.0,0.0,30362266.270800047,1857769.5699036801
109,219.8186192903548,333.2543264428465,597.1495195197492,118.15184949582579,176483.11693503693,826113.6100007525,27045.95665143578,665091.3347918761,0.0,0.0,29489389.556399945,1694734.0183791015
109,217.3467063566337,309.1108935363355,380.8094040757819,128.97908688605696,174498.52208705049,766263.7688025786,17247.530640861656,726039.1895965678,0.0,0.0,28616512.84200002,1684049.0111270584
109,212.99041586007922,299.50551257101836,4210.997420075674,131.0922061259588,171001.03981012426,742452.7172570812,190723.51221896606,737934.1984503255,0.0,0.0,27743636.127599925,1842111.467736497
109,206.82317388651816,333.3820871058302,1032.4395258267573,122.5323286815029,166049.62081795518,826430.3195349997,46761.01001169088,689749.5924582782,0.0,6752.031567374594,26870759.413199995,1728990.542822924
109,200.1307994422144,256.55963340832915,827.6396822798649,130.07108703478576,160676.59506863487,635992.95828429,37485.263302148574,732186.1931315113,0.0,0.0,25997882.709599964,1566341.0097865849
109,205.1200852500719,247.2318907010051,799.1948140181632,121.3474916725019,164682.28263729057,612870.1520979248,36196.9449684413,683079.9987854755,0.0,0.0,25125005.995200034,1496829.378489132
109,329.32872268762765,219.8995930324265,3769.4001955011986,121.22274479635006,264404.1695092986,545115.3435178866,170722.79380117182,682377.7832321431,0.0,0.0,24252129.28079996,1662620.0900605
109,486.42211390705967,239.7056823716897,1281.8407817100888,126.23466626312711,390527.8410244941,594213.2206218535,58056.83347791263,710590.5073869908,0.0,0.0,23379252.566400003,1753388.4025112512
109,447.7638493544397,253.5485989542725,645.0748634211348,119.62679159587083,359490.7475991466,628528.8195010717,29216.58014068261,673393.965806504,0.0,0.0,22506375.852000006,1690630.113047405
109,436.74683656539753,222.41666213570397,858.7340634724846,108.75227102798536,350645.651753307,551354.9775707292,38893.58275707363,612179.9481624367,0.0,0.0,21633499.148399986,1553074.1602435466
109,409.38309773146074,252.08534587029166,2371.562414697261,122.08324381888859,328676.4576240753,624901.5198934267,107412.25131632242,687221.6383721973,0.0,0.0,20760622.434000034,1748211.8672060217
109,380.67140339896343,213.47994871448802,853.9849625527376,108.13268710436546,305625.0467625046,529201.5049819524,38678.487586751675,608692.2338309695,0.0,0.0,19887745.71959999,1482197.2731621782
109,335.2517866005161,219.16871781849133,728.8710584300945,105.37930112544308,269159.54821437196,543303.5562025084,33011.85784531891,593193.0845266379,0.0,0.0,19014869.00520001,1438668.0467888373
109,292.6270149357664,200.71024067041986,565.8238529888459,107.43851351261917,234937.91318488953,497546.313214322,25627.16187495581,604784.6450570154,0.0,0.0,18141992.290800016,1362896.0333311828
109,296.59041168007246,163.0667534194286,822.4423991844886,114.76176556478283,238119.95760561893,404230.8040718863,37249.86916934272,646008.1341786389,0.0,0.0,17269115.587199982,1325608.7650254867
109,205.98209835943612,133.95963835091413,825.7705506845341,109.37014983443407,165374.35667938305,332076.35025692085,37400.60703022558,615658.0641790219,0.0,0.0,16396238.87279996,1150509.3781455513
109,241.09656487770877,160.14150238874737,1114.4491525881258,114.99031879702633,193566.28382669212,396979.31625203067,50475.370884278076,647294.6885148806,0.0,0.0,15523362.158399977,1288315.6594778816
109,202.58594091686996,130.5626829871586,2008.0181347032853,107.84322093069919,162647.7248180733,323655.54117540765,90946.68864534833,607062.793033874,0.0,0.0,14650485.44399997,1184312.7476727031
109,193.57714413686378,116.99121686051018,1485.2193567845973,110.1701214660631,155414.9410770848,290012.8485371434,67268.20842755624,620161.2031696187,0.0,0.0,13777608.72959996,1132857.2012114031
109,161.83391188274345,97.84307050625306,2471.510026743296,109.07424097466419,129929.63602019074,242545.96497591524,111939.05523133784,613992.3567071465,0.0,0.0,12904732.015200024,1098407.0129345902
109,169.19839236461954,117.75900255983476,1155.102830740566,117.79360199977411,135842.26741713338,291916.1343025414,52316.64778577604,663074.7154469265,0.0,0.0,12031855.311599998,1143149.7649523774
109,219.88905682606978,137.7401780090279,862.0679925258331,113.82262124982311,176539.66826764168,341448.03733463085,39044.58229355211,640721.574986683,0.0,0.0,11158978.597200017,1197753.8628825075
109,212.81931729975753,140.51276710146215,1038.9261304171437,121.59488609451225,170863.67197783527,348321.0871421099,47054.79979269529,684472.6125029674,0.0,0.0,10286101.882800015,1250712.171415608
109,169.1799298557245,132.6028621963692,1731.296448490939,121.73414626673352,135827.44464585607,328712.9993322441,78413.47462580023,685256.5251900833,0.0,0.0,9413225.170560004,1228210.4437939837
109,140.20271256879388,159.26385398572867,1137.1910593387831,123.83355430918594,112562.8565804276,394803.6887117427,51505.392016412516,697074.3520221281,0.0,0.0,8540348.458320016,1255946.289330711
109,172.27487454567722,148.8535830858207,972.3551732841213,130.36087806909455,138312.245466586,368997.3726587576,44039.68354122057,733817.4626092351,0.0,0.0,7667471.746080016,1285166.7642757993
109,157.2651292693433,165.05930535673664,1022.7576407214536,133.20937896624844,126261.55276675889,409170.19763239525,46322.50033144728,749852.025520676,0.0,0.0,6794595.0338400155,1331606.2762512774
109,142.13310434894584,176.18401978995252,790.8445001824207,132.46211517279949,114112.68688764553,436747.568041201,35818.744503323265,745645.5854526841,0.0,0.0,5921718.321600014,1332324.5848848538
109,146.7556429096929,163.97572987059328,979.2718291311686,142.22174498441626,117823.9285285343,406484.0916000412,44352.95110335909,800583.7455084191,0.0,0.0,5048841.609360014,1369244.7167403537
109,118.0339193424002,182.52398048674738,655.1195776533162,143.4803017903384,94764.46561649181,452463.8765866816,29671.522993049177,807668.317011396,0.0,0.0,4175964.897120012,1384568.1822076188
109,111.41896380432958,188.53752622960212,776.1022254799187,151.58674505725347,89453.596248309,467371.0258368096,35151.0408386396,853300.4860871551,0.0,2840.33205509407,3303088.184879991,1445276.1490109132
109,102.16781211316474,176.2793244566384,585.0451306472028,127.40611818800288,82026.23595023052,436983.8214848882,26497.7274960271,717184.7547702082,0.0,193202.6144089083,2430211.4726399975,1262692.539701354
109,87.71718267182032,127.73056753345236,389.71274813350186,76.653171368107,70424.43382029796,316634.92978118034,17650.77882170516,431490.15676682943,0.0,633971.8301944998,1557334.7604000014,836200.2991900129
109,57.09176694469878,64.15302355114513,185.27954684836422,36.003890086516705,45836.576602368164,159030.75121033413,8391.637987900609,202670.33836137605,0.0,1077577.6088521408,684458.0476199988,415929.30416197894
109,76.24970231500956,110.34641101936755,312.6982124501536,60.186252684862765,61217.67652514796,273540.85070961673,14162.6544482694,338795.84031150286,0.0,853755.4329791879,1268418.6651600024,687717.021994537
109,91.22449074293218,175.30371336006323,472.35875074981936,104.466500732955,73240.30384277148,434565.3514426494,21393.962280971842,588054.8185237863,0.0,495641.14480601985,2141295.3774000024,1117254.4360901788
109,97.86994310915217,224.43882288124334,567.127332001164,151.94788284955783,78575.65783061851,556367.7692464761,25686.198742123623,855333.3752662279,0.0,158444.97838131385,3014172.0896399952,1515963.0010854462
109,101.40429797194776,237.522988856063,909.9712589022399,178.34139556495285,81413.24258369514,588802.4797052495,41214.20585269093,1003905.7139696402,0.0,0.0,3887048.8018799913,1715335.6421112758
109,105.49003789661886,259.920486579393,689.9567981888144,177.68489285810458,84693.5111943329,644324.2726154972,31249.36225383825,1000210.1792534644,0.0,0.0,4759925.514119994,1760477.3253171328
109,114.9008520423311,265.2140274109942,864.8815090104963,188.09037235169703,92249.05775673689,657446.5812521427,39172.0114254444,1058783.9068343213,0.0,11144.377246971359,5632802.226359999,1847651.5572686451
109,150.10100750210603,255.17691739649547,725.8248739896563,187.42200929993706,120509.78094840293,632565.3043110186,32873.89077068302,1055021.6087736692,0.0,0.0,6505678.938600002,1840970.5848037738
109,148.64033994491146,292.9603314179134,585.1001634674057,190.64346133798878,119337.07244840512,726227.6818968042,26500.220029673965,1073155.5596605872,0.0,29099.556722194655,7378555.650840018,1945220.5340354706
109,112.54468832798584,304.41316225417665,1058.5580113804037,201.80942944236895,90357.39308493021,754618.4293714542,47943.962362809216,1136010.1714375115,0.0,5740.0086164958775,8251432.363080018,2028929.956256705
109,163.69608013106176,285.07339536603644,578.6964291465206,199.7109594375403,131424.69252532953,706676.5322291988,26210.18358957223,1124197.6249349576,0.0,0.0,9124309.075320011,1988509.033279058
109,111.86365876050701,290.87243600785615,742.2652597103591,198.94727714519559,89810.6231107506,721051.9386951562,33618.50488322993,1119898.7631114665,0.0,0.0,9997185.787560018,1964379.8298006034
109,112.33869306586527,326.0573006636405,1055.552239744057,200.26320307229167,90192.0081596211,808272.6984927424,47807.82565546307,1127306.2724739881,0.0,15576.59631143813,10870062.50520001,2073578.8047818146
109,196.97816017287622,343.30850049051946,665.2486261858099,196.0762229091611,158145.47369856713,851037.1874581137,30130.28549486017,1103737.2446735217,0.0,17569.45511560142,11742939.208800029,2143050.191325063
109,121.59931777612148,312.42655726570615,642.3676644494085,193.87967497843465,97626.97394599456,774483.0617439675,29093.966316769624,1091372.605428219,0.0,39.91500571591314,12615815.923200013,1992576.6074349508
109,135.2816960999503,379.1188072931047,557.4043214340287,181.79661151221782,108611.97959050797,939808.3735480016,25245.826417062253,1023355.5507361974,0.0,20461.016232826747,13488692.63760002,2097021.7302917694
109,100.14447341538569,345.9956711175407,1267.8684555405896,178.2026860977944,80401.78247512404,857698.4910068831,57424.00214246433,1003124.9012692523,0.0,0.0,14361569.352000037,1998649.1768937237
109,136.13294755713886,358.52670158377157,524.7416042655291,178.30446338394435,109295.41355504259,888762.018151407,23766.474255198656,1003697.8181671748,0.0,0.0,15234446.066399964,2025521.724128823
109,225.89916315849513,416.40745824889945,506.06374993055834,173.87415393817201,181364.92966761612,1032244.2689254398,22920.521236444292,978759.0598201555,0.0,14211.43755831616,16107322.769999983,2215288.779649656
109,122.28330317141565,212.60471413173295,574.1400046987336,184.26863234881463,98176.1170299119,527031.8611292377,26003.815077043746,1037270.860948109,0.0,0.0,8782751.236679992,1688482.6541843023
109,110.78165460406574,208.74058052532578,563.799521173758,188.9303747064376,88941.9275167109,517452.95064009895,25535.476310906422,1063512.3837030856,0.0,0.0,7909874.524439989,1695442.738170802
109,99.04241111580629,216.15053330413136,577.9172165770201,190.18717904833053,79516.98304223586,535821.6929318333,26174.891675758226,1070587.0903698765,0.0,457.77044376399135,7036997.81219999,1712100.6580197038
109,93.10413510356857,173.79652387400895,474.77178764584266,195.61836692503078,74749.39118289486,430829.1366406699,21503.252984815408,1101159.9168625134,0.0,0.0,6164121.099959991,1628241.6976708937
109,141.0601391250997,179.02143449726722,515.7683112069383,198.1171669215969,113251.24827212433,443781.3159056296,23360.057960535207,1115225.97026909,0.0,0.0,5291244.387719993,1695618.592407379
109,127.7539092010749,166.8327845064947,650.5617875278524,200.16954805292764,102568.23634516698,413566.52544096747,29465.09262656613,1126779.0768176815,0.0,7905.944131665863,4418367.675479995,1672378.931230382
109,156.54085047243265,161.8928733224762,501.02816468529056,194.06617104014353,125680.05980669297,401320.8393762961,22692.450684922034,1092422.4147637875,0.0,0.0,3545490.9632399976,1642115.7646316986
109,99.2058263139542,144.59750330678918,447.2316998273253,161.247616879103,79648.18222643966,358446.85567601735,20255.913755746966,907682.7252367346,0.0,176517.70079852827,2672614.2509999922,1366033.6768949386
109,95.38759765215153,124.54977375844248,372.8834194011396,108.95928990255452,76582.68714881137,308749.96979824675,16888.548793061254,613345.2829430758,0.0,492841.2784847107,1799737.5376800029,1015566.4886831951
109,75.54263010439094,69.65742908736304,197.50179474662227,56.09747151136631,60649.99800896506,172675.778349128,8945.205186791165,315779.58673649025,0.0,895492.0079197998,926860.8258719989,558050.5682813745
109,81.21891333178519,74.39382180152164,221.11036960174988,62.876575915786326,65207.24688902189,184416.9567015293,10014.479248415593,353940.00162858627,0.0,801045.5337280673,1026015.8864760015,613578.684467553
109,122.18451443879957,113.8886497028475,452.9892695638488,118.22751937237027,98096.80371465939,282321.8067365921,20516.684260321545,665517.2898607918,0.0,326270.1255993796,1898892.5990399986,1066452.5845723648
109,144.02799428314714,108.35872294267367,527.8504437923183,168.7753792637572,115634.01425707527,268613.51431125595,23907.27908938061,950057.4282462092,0.0,13912.929311640444,2771769.3112800024,1358212.235903921
109,167.00871485666718,110.64398139252401,560.0224516523243,167.64529983531025,134084.2675127871,274278.5063548457,25364.406159785292,943696.0717486693,0.0,0.0,3644646.0235200054,1377423.2517760873
109,160.44657867076114,121.14588329401263,684.4856617730079,164.1695612937253,128815.804579212,300311.96909880335,31001.564820366315,924130.7107672318,0.0,0.0,4517522.735760003,1384260.0492656133
109,215.25363210628555,122.84644588724726,768.9285123207144,165.9212561947405,172818.0808720596,304527.5419855074,34826.130696721186,933991.2174358597,0.0,0.0,5390399.447999997,1446162.970990148
109,166.77152973723454,129.69788018261346,1493.1253899112432,162.02263769796363,133893.84156386968,321511.7569538272,67626.28663450187,912045.4130245863,0.0,0.0,6263276.160239992,1435077.298176785
109,216.6959075616089,134.90569494863334,616.1289636827677,162.25357377260943,173976.02312761598,334421.556812974,27905.56920628498,913345.380674633,0.0,0.0,7136152.872479988,1449648.5298215079
109,224.56801443878058,173.09986810940862,618.8241746828626,163.5380255222891,180296.20639059017,429102.17688964464,28027.640073785074,920575.7180101513,0.0,0.0,8009029.584719985,1558001.7413641713
109,248.88039236473494,174.4170080521904,622.7825910791416,157.1150689589916,199815.59128312956,432367.27248381765,28206.92374523171,884420.1032464172,0.0,0.0,8881906.29695999,1544809.8907585961
109,223.93336421461086,195.77113745742525,970.0912992297422,160.128809846375,179786.6724389778,485302.63005195785,43937.14868598316,901384.8224451419,0.0,0.0,9754783.010280015,1610411.2736220607
109,201.96285620504727,205.12577904495174,707.1580627483702,152.30359230076303,162147.4763295147,508492.1166360429,32028.437913150137,857335.70764367,0.0,0.0,10627659.722519994,1560003.7385223778
109,202.44222022393453,172.51219756697617,840.1290724975403,144.85664608131333,162532.33752313352,427645.38369964465,38050.929848613814,815415.9287967709,0.0,0.0,11500536.437999995,1443644.579868163
109,304.37712710416537,222.02466320137526,744.4614715502345,147.91961475737185,244371.58366516966,550383.2402846409,33717.97519724175,832657.7572901745,0.0,0.0,12373413.141600015,1661130.556437227
109,330.39537329730763,245.2323379180994,1048.9694875842513,143.17342603218418,265260.5383868973,607913.4039425289,47509.6811811873,805940.875515753,0.0,128.40366637910483,13246289.856000029,1726624.4990263665
109,212.8710611106656,209.5517475927764,642.6223530882021,141.9706960263743,170905.2149056393,519463.77571042336,29105.501615148434,799170.5599568198,0.0,0.0,14119166.570400013,1518645.052188031
109,192.4096325706535,250.06003198011368,1128.6584613311932,133.690097448569,154477.59518287587,619880.911797926,51118.935579131954,752558.0491540767,0.0,0.0,14992043.284800023,1578035.4917140105
109,226.02395049194715,209.38269940479734,2935.8441369730494,133.87350935327126,181465.11616515997,519044.71735842497,132969.56736698662,753590.4973894254,0.0,0.0,15864919.999200039,1587069.898279997
109,227.8653401870233,243.65863795809605,1235.894317691767,129.61924029251608,182943.4904445009,604012.314438626,55975.836954419334,729642.6920841738,0.0,0.0,16737796.713599956,1572574.3339217203
109,236.84978269166442,279.62422120619453,1321.7105428845862,128.82574534688166,190156.7211629065,693168.4197171716,59862.60539462752,725176.0111579369,0.0,0.0,17610673.417199977,1668363.7574326424
109,429.0079635439962,308.3534691110226,922.2861866419006,115.41041566472298,344432.4363451193,764386.1678934565,41771.970685324966,649659.4656019132,0.0,13828.27848043514,18483550.131599985,1800250.0405258138
109,200.0871627239349,272.58290857417575,1365.51987855136,118.77514360616146,160641.56098426276,675713.5099499956,61846.80759967104,668599.9342220164,0.0,0.0,19356426.845999982,1566801.8127559456
109,230.05383112110053,273.1881949586478,620.1625441509802,111.90183744265443,184700.5376986275,677213.9715508932,28088.25719133283,629909.246008273,0.0,0.0,20229303.560400024,1519912.0124491267
109,218.58200855950062,276.97427756566157,897.0068620894416,108.76485115403923,175490.29423002218,686599.3992019807,40627.02541839543,612250.7632437472,0.0,0.0,21102180.2748,1514967.4820941454
109,269.5679781162951,331.169280125781,663.424030900662,108.83846097063989,216424.7831117509,820944.9294965996,30047.646351102325,612665.1219811315,0.0,0.0,21975056.978400026,1680082.480940584
109,282.81445939751336,348.88976171357245,1588.471283721316,93.39881932559643,227059.8253683083,864872.7343407264,71944.67060130727,525753.4746880184,0.0,0.0,22847933.69279999,1689630.7049983602
109,273.53650844885317,292.7999079366232,953.0219949286209,91.13872619066944,219610.94907440746,725830.0035750489,43164.04973989412,513031.13164999726,0.0,0.0,23720810.40720004,1501636.1340393478
109,278.7406647070101,323.8236934103199,1644.2725253011556,88.24517410500574,223789.14708339123,802735.7460664669,74472.00740981444,496742.9700413897,0.0,0.0,24593687.121599987,1597739.8706010622
109,252.93703279884835,371.5175695541731,1674.1432025464742,86.86640103129142,203072.49713763944,920965.4495385524,75824.90315119534,488981.6863383855,0.0,0.0,25466563.836000066,1688844.5361657727
109,254.4660218483265,307.4498606716875,567.6264583635573,83.92929736235642,204300.05808803835,762146.187282209,25708.805056823057,472448.3674954747,0.0,0.0,26339440.539600033,1464603.4179225452
109,260.8099408133873,392.33159246390596,814.2578466742652,79.33523366352956,209393.32360008472,972561.9217828421,36879.17632748809,446587.81625899486,0.0,0.0,27212317.253999956,1665422.23796941
109,289.3643767652861,389.9620167232632,678.69770834002,73.78648838211146,232318.47832711248,966687.9132135691,30739.418184503633,415353.2446345458,0.0,0.0,28085193.968400054,1645099.054359731
109,259.94540143469976,327.68566879879563,733.5728570979167,73.72292854632127,208699.22132268702,812309.3064879095,33224.810613087975,414995.45847880444,0.0,0.0,28958070.682799984,1469228.796902489
109,263.27310770971354,382.09616936912994,5219.667438888647,73.2615336273856,211370.8966227806,947189.040917451,236407.9592672674,412398.2095672505,0.0,0.0,29830947.397200085,1807366.1063747497
109,282.36721372487625,340.27613421189795,1250.2097079497055,71.61813897428097,226700.75064298467,843520.168609429,56624.20626848321,403147.3383529002,0.0,0.0,30703824.100799937,1529992.4638737973
109,306.67679353811445,344.96240185606484,472.8410997345177,73.21557001017946,246217.88904860098,855137.0905029138,21415.808718596887,412139.4746964047,0.0,0.0,31576700.81520004,1534910.2629665164
109,314.6830099203749,485.1242379058032,508.24670629612507,85.81502634310901,252645.74318834208,1202588.24469893,23019.391186607823,483063.3685319906,0.0,23501.072732279892,32350422.470400054,1961316.7476058705
109,319.26919410631865,366.2518545699136,782.0263574094806,82.63741249343485,256327.79743191105,907912.119184782,35419.355239182325,465176.1882148717,0.0,0.0,31477545.75599995,1664835.460070747
109,326.4988163784645,362.5044745843835,2099.1967326020385,91.91145024045855,262132.15684864426,898622.6325607524,95076.32841846853,517380.8906414397,0.0,0.0,30604669.041600022,1773212.008469305
109,319.3861063225505,432.74967377893506,1509.2615585261708,92.2374864286424,256421.66132931426,1072755.4509137806,68357.12221690438,519216.1885611503,0.0,0.0,29731792.338000048,1916750.4230211496
109,299.9844853527255,492.9167027478783,673.3402406255624,87.19161583546507,240844.91649577447,1221905.2070027776,30496.769007320636,490812.36058618536,0.0,26505.02093324694,28858915.62359995,1984059.253092058
109,296.463640872342,370.0280134171806,546.7998581762847,98.42610927527576,238018.17866006432,917272.9465461248,24765.531542486537,554052.7099288187,0.0,0.0,27986038.909200035,1734109.3666774943
109,293.9621020514407,461.59117630152997,476.4453100582796,97.40236463990226,236009.79843425864,1144251.4702486503,21579.049771285867,548289.9250978404,0.0,46398.014595969114,27113162.19479995,1950130.2435520352
109,286.17964061009656,452.0512699530978,678.0445215559201,99.80089748085864,229761.58771840038,1120602.7255895948,30709.83420114505,561791.5623175793,0.0,38930.262009122525,26240285.480400007,1942865.7098267195
109,288.12283639863307,440.676322722527,444.6511631431588,108.67717723441362,231321.69782501052,1092405.0459959991,20139.03669059662,611757.2359356342,0.0,40897.53713681537,25367408.766000066,1955623.0164472405
109,286.35003378920453,401.70203070353557,687.9298303427472,116.45595825720025,229898.38922980343,995790.5671362494,31157.557299289052,655544.9538221973,0.0,0.0,24494532.062400036,1912391.4674875392
109,274.89398829355343,333.46291668340103,1929.2878620482047,122.11867901533155,220700.8125033682,826630.6902693714,87380.85551347623,687421.107463891,0.0,0.0,23621655.347999975,1822133.465750107
109,270.66289270681506,332.0179150692102,535.9248030358233,125.55960063948838,217303.843949893,823048.6347482981,24272.981083520343,706790.4797224738,0.0,0.0,22748778.63360001,1771415.9395041852
109,264.89127639429756,344.23236086351335,547.7631352049647,125.38774389449817,212670.0561485023,853327.371162605,24809.160060821367,705823.0769064683,0.0,0.0,21875901.91919995,1796629.6642783969
109,255.04717037900147,302.0164093447462,405.1510000383967,124.830004521697,204766.63778190978,748677.0505469876,18350.004523384592,702683.4931800584,0.0,0.0,21003025.20480006,1674477.1860323404
109,262.8605417405988,312.52977487898954,453.48791833207184,129.03370621829302,211039.66477169472,774738.9308156022,20539.2689439373,726346.6485549957,0.0,0.0,20130148.50120003,1732664.5130862298
109,146.51708619191228,311.8070677299429,519.0493451092749,134.2675528620243,117632.40138103593,772947.3915481452,23508.66178218084,755808.6169052939,0.0,0.0,19257271.786800012,1669897.071616656
109,129.5848171563325,336.17591525339515,416.8793567592073,138.10799506126276,104038.19527679963,833356.019439161,18881.20251835029,777426.9397617024,0.0,0.0,18384395.072400022,1733702.3569960133
109,132.7827927541659,305.54767182334297,498.4932870256397,141.6896982814833,106605.71527674259,757430.7973480936,22577.64159765232,797588.7889898771,0.0,0.0,17511518.358000007,1684202.9432123657
109,246.0078257207086,315.92761346310874,382.23923283231636,153.94835840337308,197509.32843525062,783161.9293371472,17312.290111151957,866594.2989164541,0.0,849.3878067680635,16638641.643600002,1864577.8468000037
109,213.7415843011796,284.6247698979939,637.4686238109472,156.49307846007326,171604.12133368492,705564.4218212144,28872.080111706593,880918.842005745,0.0,3526.0515783459414,15765764.939999979,1786959.465272351
109,208.61702287514385,281.51163156369404,444.6453081952771,158.41229968258642,167489.8266651462,697847.1748308104,20138.771509663824,891722.3750023849,0.0,0.0,14892888.225599967,1777198.1480080052
109,196.10940316135225,252.28525507003897,432.13482943306656,162.9973308885239,157447.9852612915,625397.0804835573,19572.149825761986,917532.0812222363,0.0,5487.686498076306,14020011.511199983,1719949.296792847
109,161.83458026249068,254.30899250138611,544.3987599710139,164.9779055030934,129930.17263415667,630413.7806505109,24656.781563037803,928680.9800306759,0.0,0.0,13147134.79679998,1713681.7148783812
109,187.5626670635252,240.98082488952411,397.48386485714013,168.76908268863045,150586.1705932021,597374.2076071321,18002.746426417965,950021.9840481408,0.0,0.0,12274258.082399972,1715985.1086748932
109,178.759295194626,232.5518705946762,556.7262993573848,173.05670612309228,143518.31386670086,576479.433530606,25215.11759943083,974157.545237235,0.0,0.0,11401381.378800012,1719370.4102339726
109,181.42505458860134,219.12447600966775,491.8283986783742,178.80279734338572,145658.53987833913,543193.8839267113,22275.77703034634,1006503.00149415,0.0,513.9132508394541,10528504.661160005,1717631.2023295467
109,136.67432519748434,210.70008265007414,463.38349278347516,177.41861805569079,109730.06287508449,522310.4160820596,20987.456992165073,998711.2855457948,0.0,0.0,9655627.948919987,1651739.221495104
109,134.97034219323479,239.04225420386092,628.2132792151689,72.2056493883531,108362.00664415592,592568.6297037061,28452.889204657324,406454.5069428693,0.0,0.0,3671738.4834000086,1135838.0324953888
109,132.71966240311679,242.87380078610752,583.8010137298919,72.53759609356904,106555.03057513577,602066.7592935965,26441.37924301005,408323.0758920133,0.0,2620.9625982973957,2798861.7711600047,1143386.2450037557
109,128.58315623234577,176.8534980363038,378.7957886397079,60.899327847105766,103234.00388233134,438407.15667074296,17156.330440549147,342809.8283572836,0.0,184877.32971296087,1925985.058919999,901607.3193509071
109,104.871848967486,95.75152659024397,228.38180872747742,37.006556851050284,84197.19332362518,237361.17738929196,10343.81557199858,208314.47325745018,0.0,535666.17005493,1053108.346355998,540216.6595423659
109,98.52272280551736,81.72082311536208,192.58879183908627,33.53382441770988,79099.74717236013,202580.06825199575,8722.68660589628,188766.0340301234,0.0,600479.4150206756,899768.3659920022,479168.5360603756
109,136.27351460870045,151.55272938817998,328.05442003059613,65.81628860761984,109408.26892406475,375688.3630490793,14858.164217556525,370488.00698321464,0.0,229170.572182173,1772645.0777999994,870442.8031739153
109,216.52034914818265,200.56410961402008,396.6484620068399,90.59749563520325,173835.07466699122,497184.0647903504,17964.909555521917,509984.4780927215,0.0,3615.3884280504426,2645521.791119998,1198968.527105585
109,150.51106605405843,181.39638032625757,515.3011954157198,100.9104607900635,120838.99969979012,449668.6365393497,23338.901461153517,568037.4310492509,0.0,0.0,3518398.503359995,1161883.9687495441
109,232.74661477818017,170.83248309504634,704.2555667432176,103.60983404905826,186862.4603536207,423481.4918126643,31896.97874158544,583232.5360906642,0.0,0.0,4391275.215599991,1225473.4669985347
109,226.2480657800272,186.00034844617426,406.7617897066145,118.43625730008374,181645.04889661307,461081.54380591155,18422.960033046955,666692.3014036246,0.0,3319.0486949881306,5264151.927839989,1327841.8541391962
109,255.4621757633529,169.8812566806811,695.2603490881622,113.16271077959034,205099.8281368106,421123.4696513703,31489.56944321656,637006.8575500697,0.0,0.0,6137028.640079987,1294719.724781467
109,216.29563782409593,172.79138054818227,362.577292041072,120.83662367204255,173654.66340331643,428337.458317,16421.766078325527,680204.2597955414,0.0,0.0,7009905.352319986,1298618.1475941835
109,185.42081021028622,149.40676200991936,543.6104889556026,128.29205620514867,148866.5638796826,370368.66359694704,24621.079376206028,722171.8091487956,0.0,0.0,7882782.064559984,1266028.1160016311
109,190.46871562688986,147.69214605596392,465.6630834211381,124.34050518561786,152919.31466481392,366118.2534354155,21090.70367922401,699928.0410377361,0.0,0.0,8755658.776799982,1240056.3128171894
109,303.2356272524881,158.48503377358864,405.501945530043,133.80461943637337,243455.1214816874,392873.0491792867,18365.89946467453,753202.7075496656,0.0,0.0,9628535.489039995,1407896.7776753143
109,204.05162410293434,131.71225323353866,767.455280921439,134.0124919023209,163824.4601553754,326505.2434923237,34759.405444066906,754372.8473014636,0.0,0.0,10501412.201279981,1279461.9563932295
109,333.1740083839816,114.5207805558819,351.2877456531435,138.78896987155758,267491.3875410972,283888.81385265023,15910.44257852961,781260.2309668022,0.0,0.0,11374288.909200024,1348550.8749390794
109,273.32699173151224,100.44625251855709,577.1780206869932,145.66245853934768,219442.73692092524,248999.06676345447,26141.41218805025,819951.9465196667,0.0,0.0,12247165.623600006,1314535.1623920966
109,312.6661031731232,150.9348785420533,847.7971681996421,153.74746169979872,251026.4536555836,374156.75504751515,38398.23144926636,865463.4265915119,0.0,0.0,13120042.338000022,1529044.866743877
109,300.3754659115427,134.55176147267775,275.36775919838044,154.52007563482005,241158.8183294945,333544.1810722215,12471.892273265228,869812.5657333438,0.0,0.0,13992919.05240003,1456987.457408325
109,356.66918072215844,124.18115776569884,961.2835182976091,155.24406199697904,286354.6724646107,307836.1971498317,43538.22872791739,873887.9742693435,0.0,0.0,14865795.76679996,1511617.0726117033
109,265.0305070740308,185.14221384127717,998.9379545536173,161.3485374283074,212781.83860083338,458954.2895737308,45243.66466552525,908250.8194567127,0.0,0.0,15738672.47039998,1625230.612296802
109,195.22177904817897,164.36438063926303,435.27563771692525,167.68561726220096,156735.34922224606,407447.5290232322,19714.40258142698,943923.0235177744,0.0,0.0,16611549.184799967,1527820.3043446797
109,346.6335857139546,139.48052756896152,405.80180034868124,170.02666337272356,278297.51564566954,345762.2392625286,18379.480419128176,957101.060840938,0.0,0.0,17484425.89919999,1599540.2961682645
109,242.07023439771484,194.52733943970057,801.1734758937882,175.33272791411528,194348.00210110424,482219.3438377861,36286.56206025281,986969.5526452134,0.0,0.0,18357302.61359999,1699823.4606443564
109,236.6908828766183,158.7267059307577,865.621327134638,177.21727814637302,190029.14718973593,393472.13715010666,39205.51909523466,997577.9183610538,0.0,0.0,19230179.32799998,1620284.7217961312
109,196.66192722548834,185.92794988365998,756.4841466340382,175.62732362757663,157891.58357582532,460902.0729540971,34262.50339080433,988627.8682545421,0.0,0.0,20103056.042400014,1641684.0281752688
109,171.98423633885696,247.4577271707763,332.3895639558589,181.05939357770842,138078.90428372516,613429.9845337222,15054.510544310144,1019205.6600473284,0.0,0.0,20975932.74600004,1785769.059409086
109,366.71356441881727,189.94207543470824,487.9311674307764,185.81577918166306,294418.8853515834,470852.80273266905,22099.264542371937,1045979.9413101098,0.0,0.0,21848809.46039999,1833350.8939367342
109,386.4854139335803,253.7295413899625,375.83001225763746,182.9578289375715,310292.8711003829,628977.362841366,17022.005188923995,1029892.1868591837,0.0,0.0,22721686.174800046,1986184.4259898565
109,274.3119921831638,210.99775261439504,889.6445600540967,186.3706213547337,220233.55232341975,523048.31860665325,40293.57375311928,1049103.216341868,0.0,0.0,23594562.889200006,1832678.6610250603
109,361.3218723027566,306.5710915953079,1591.5128502450905,195.78356910437702,290090.1226959524,759967.781672914,72082.42852233954,1102089.8603076711,0.0,6480.065137217753,24467439.60360001,2224230.1931988774
109,370.9914467893063,271.6149710263372,481.2992575672505,193.7815286033225,297853.4170444065,673314.062085551,21798.893628853653,1090820.1273763997,0.0,0.0,25340316.30720004,2083786.5001352108
109,314.13134165909855,277.4875188036725,393.9324513830011,198.46696628377302,252202.8319619023,687871.6874764052,17841.896636318263,1117195.0340263804,0.0,0.0,26213193.02159997,2075111.4501010063
109,384.0597098734867,341.1907235340672,1784.9119525086637,205.91316260343348,308345.37541203166,845787.3700428513,80841.81551883901,1159110.591594866,0.0,6880.246982571203,27086069.736000057,2394085.152568588
109,390.041437346548,234.63984340698636,3848.4772690804803,202.58490355732033,313147.85262033116,581655.3686068961,174304.33415955256,1140375.4108849717,0.0,0.0,27958946.4504,2209482.9662717516
109,332.28637586828114,286.40638001079407,1299.276523375463,195.93098846538825,266778.74475601636,709980.9057048877,58846.52901956959,1102919.7020749182,0.0,0.0,28831823.164799925,2138525.881555392
109,362.33402469618954,359.4111498149618,1391.2608703965382,193.23586514838436,290902.7372496375,890954.5019787779,63012.66259386002,1087748.5204812002,0.0,0.0,29704699.868399948,2332618.4223034754
109,377.4834553743848,341.14308283575053,1429.884054799993,183.0344669101595,303065.5774790524,845669.2721634046,64761.97484643683,1030323.5914601425,0.0,0.0,30577576.58280004,2243820.4159490364
109,333.56812944248037,396.59841675889203,620.3081379562899,182.4360573835122,267807.81074982334,983139.0736511897,28094.851391978405,1026955.070421087,0.0,8153.609943455667,31450453.297199957,2305996.8062140783
109,398.67193405124107,375.86752067507155,2155.042500072648,175.5228200405798,320076.91515406454,931748.666855398,97605.68188322723,988039.6046728644,0.0,0.0,32323330.011600066,2337470.8685655543
109,374.62908047658016,295.79851153710473,2227.47356907705,177.13395247720095,300773.9200184972,733263.3271624619,100886.21295371304,997108.8678910987,0.0,0.0,31603793.274000067,2132032.328025771
109,304.2823112014516,337.9951527011979,766.5678846427368,173.87546643867367,244295.4599678234,837865.7787917097,34719.213698947984,978766.4480473758,0.0,2051.7298655834747,30730916.570400037,2095646.9005058568
109,361.96940654273993,407.8042858622196,946.194055089912,167.06091285878318,290610.00068155414,1010917.6206754951,42854.80028249717,940406.485373916,0.0,0.0,29858039.855999947,2284788.9070134624
109,296.5939518177546,327.0544700428842,1358.0572883109583,164.65755023062104,238122.79983315428,810744.6099738692,61508.813704420725,926877.6606862437,0.0,0.0,28985163.141600024,2037253.8841976877
109,277.19183507855735,376.0717122733688,789.6135429286795,156.56949551449108,222545.65696725313,932254.8432048598,35762.99227471689,881349.0030310738,0.0,0.0,28112286.42719993,2071912.4954779036
109,183.23005497508177,431.55788561603225,610.8113933931882,155.0763616227221,147107.69871348876,1069801.0934051448,27664.727053956707,872943.9681768821,0.0,22245.6155264416,27239409.7128,2117517.4873494725
109,303.96195004416035,394.0364834643769,1076.8392970655489,151.73182175769887,244038.25547911267,976788.2244811159,48771.95408684274,854117.1407291109,0.0,0.0,26366533.00919997,2123715.574776182
109,317.3323505504956,447.22081936689233,710.9899274049214,146.44836238135557,254772.78726557165,1108628.38450813,32201.98983274073,824375.8961872305,0.0,9676.624297370436,25493656.29480004,2219979.0577936727
109,320.89454920206697,388.37153335897926,1551.7999722748605,139.86561856965443,257632.72662466983,962745.2188523599,70283.76212309265,787320.8192925437,0.0,0.0,24620779.58039996,2077982.526892666
109,327.249705241894,424.11775595655087,1130.7492471061973,133.59804562965132,262735.0139110608,1051357.5447872637,51213.63096042218,752039.878110837,0.0,0.0,23747902.866000008,2117346.0677695833
109,320.66646421874333,396.32558901450255,2013.1450861894841,132.2343171512304,257449.60679199605,982462.7532107868,91178.89733532813,744363.2822904837,0.0,0.0,22875026.151599936,2075454.5396285946
109,305.8562599811312,425.93214555052003,937.8626670592656,125.1928580889194,245559.11719317903,1055855.2866573269,42477.457000525894,704726.0406677849,0.0,0.0,22002149.437200047,2048617.9015188166
109,298.450653431256,424.99655669953967,1142.2702824357261,125.77155709490756,239613.46740729737,1053536.0288958154,51735.43900332691,707983.608754766,0.0,0.0,21129272.73360004,2052868.5440612058
109,293.68740396959896,430.6218741638555,944.0253811011596,121.4363587700383,235789.25490679944,1067480.7880455311,42756.577206410526,683580.2426392261,0.0,5531.399018912693,20256396.01919999,2029606.8627979672
109,285.2353142763326,398.6919118384436,1288.5357323689489,115.39677874155312,229003.42785312363,988328.6980325066,58360.05962041821,649582.7016792814,0.0,0.0,19383519.304800015,1925274.8871853298
109,294.8046548246459,448.65618014915856,893.3685218882028,111.29350305731315,236686.24859156358,1112186.5410972682,40462.23856326237,626484.8567154019,0.0,6794.9464004093315,18510642.59039998,2015819.8849674962
109,256.10297032080166,385.54090791950733,1265.3061231247648,105.59190111217369,205614.29511498858,955728.3010967155,57307.949580786466,594389.8360760616,0.0,0.0,17637765.87599999,1813040.381868552
109,250.44288838141827,405.2844422811089,1233.1813765343743,104.78627376523059,201070.05356713932,1004671.1088907918,55852.96305677349,589854.8603663318,0.0,3137.40254769125,16764889.172399966,1851448.9858810361
109,238.88583399227437,400.36144487543186,879.6620830869679,96.83714719420772,191791.38105173354,992467.350871387,39841.44973643405,545108.2463766967,0.0,0.0,15892012.457999978,1769208.4280362513
109,226.04777105865648,363.0106386451723,1165.6727495101097,93.69326893663941,181484.24069552775,899877.3770196594,52795.37807945556,527410.9678688124,0.0,0.0,15019135.743599974,1661567.963663455
109,239.7367740191034,349.87230329736775,822.924843648527,89.210785695768,192474.56498194102,867308.3845644728,37271.719931395746,502178.51679356524,0.0,0.0,14146259.029199965,1599233.186271375
109,206.9913583118986,332.64868861675893,808.7066358590328,87.98685021636244,166184.6490139601,824612.2772012576,36627.75218300831,495288.83300807583,0.0,0.0,13273382.314800028,1522713.511406302
109,193.0443877489392,342.37911832707096,816.9877829049892,83.12675090833228,154987.21339773026,848733.3156305159,37002.81996202827,467930.73451201257,0.0,0.0,12400505.611200005,1508654.083502287
109,172.18433323019175,340.9510889170456,1277.8914080976758,80.26821432231387,138239.5536554016,845193.3329881431,57877.95937012209,451839.6794700551,0.0,0.0,11527628.896800023,1493150.5254837219
109,182.32584598383932,314.87300762200783,917.8657233532423,73.16870990057416,146381.7473739238,780547.636980258,41571.76009387968,411875.6933592621,0.0,0.0,10654752.18240001,1380376.8378073236
109,183.21587055594978,320.2241006901802,1134.997454955229,75.76148339241021,147096.31064041101,793812.6134898909,51406.039798703765,426470.7351623035,0.0,0.0,9781875.46908,1418785.6990913092
109,180.57227282323558,319.9043540960705,642.7691334936019,70.27233396232276,144973.877293782,793019.9845810184,29112.149559008318,395571.6359361174,0.0,11241.102319693659,8908998.756839987,1362677.647369926
109,211.01792686121883,295.97685715577853,1043.139707336136,66.83657582241213,169417.41141793996,733705.4331793382,47245.64013497708,376231.32956727,0.0,0.0,8036122.044599989,1326599.8142995252
109,146.01522715863592,282.76148104693914,597.0111880364375,70.74684572724271,117229.47988721274,700945.4621946453,27039.691374182963,398242.7211916741,0.0,0.0,7163245.332359992,1243457.354647715
109,189.1686661576387,269.65952194695296,573.2760633924947,65.54701216318824,151875.55966697124,668466.6438527984,25964.685649062772,368972.21666237543,0.0,0.0,6290368.620119996,1215279.1058312077
109,149.13310880671662,269.45609250516407,718.6884506589847,72.8925321570259,119732.69582617292,667962.3568347407,32550.669550974315,410321.0547744229,0.0,0.0,5417491.907880001,1230566.7769863107
109,135.94737443370133,254.49661813238075,865.8741401740102,72.81514857368605,109146.42470528383,630878.8911533635,39216.96944440228,409885.45303857117,0.0,0.0,4544615.195640007,1189127.7383416207
109,287.2258812851256,233.7878433316718,730.9335855894216,124.1158105624599,230601.57031855243,579543.3214342401,33105.27334398402,698663.2072879948,0.0,0.0,31776836.846400045,1541913.3723847712
109,109.20037152585866,237.77470268932123,705.9457151766917,126.24789767053932,87672.38189177912,589426.4602719827,31973.52854991987,710664.9886114026,0.0,0.0,32150286.449999936,1419737.3593250844
109,290.6779345467676,295.71923277494375,1412.6727760970505,135.30891046345764,233373.07858025987,733066.8007884332,63982.44562888017,761670.5472947748,0.0,0.0,31277409.73560002,1792092.8722923482
109,116.4956090265771,238.42111933520025,1958.1045131447054,136.54863575051718,93529.42101369055,591028.880845458,88686.01254855566,768649.1138552146,0.0,0.0,30404533.021199916,1541893.4282629187
109,113.08649231013985,340.6709275456751,712.9938005174896,142.87328397259563,90792.38469686483,844498.8330116355,32292.748786011067,804251.338839935,0.0,4558.1422834626865,29531656.306799997,1771835.3053344465
109,223.12766385193348,332.7927988798663,823.403555852707,145.9726519657204,179139.80953091278,824969.5162233721,37293.40165280645,821698.0635789447,0.0,0.0,28658779.592400063,1863100.790986036
109,236.00441407022996,333.7709757977081,819.4011955597127,143.8793379343023,189478.01027958156,827394.3467527853,37112.127684647174,809914.5406867058,0.0,0.0,27785902.888800044,1863899.0254037199
109,261.1639111256045,327.08143654162893,604.8830007574355,153.94459130245198,209677.51146462612,810811.4579931129,27396.219678503723,866573.0934406989,0.0,0.0,26913026.174399953,1914458.2825769417
109,218.43772495295934,281.5552997405293,1825.9741935412285,156.7237635830353,175374.45499544215,697955.4251139878,82701.59695493682,882217.3970178091,0.0,0.0,26040149.460000016,1838248.874082176
109,272.14317873964,337.4223144415778,1803.9673123438126,162.63965297002798,218492.30329820357,836445.7537686211,81704.8664285901,915518.6680996051,0.0,0.0,25167272.745599996,2052161.5915950201
109,255.70260314924647,348.8499632622612,594.2134634876991,167.06361268225206,205292.85716499767,864774.0768300014,26912.97748696642,940421.6830132443,0.0,387.7791650025174,24294396.031200048,2037401.5944952099
109,136.86283854721987,367.99699615538634,736.8888790048173,165.30273544333863,109881.4123087794,912238.2002008214,33374.99910326942,930509.4878319497,0.0,0.0,23421519.327600036,1986004.09944482
109,197.79961348400826,312.12220766055736,607.5355241003128,171.31116596011023,158804.98398588132,773728.6008681087,27516.35714659727,964331.6843481798,0.0,0.0,22548642.61319997,1924381.626348767
109,188.51936994468696,369.3934026108662,1736.1437347684268,171.75915491147413,151354.26706743726,915699.7918034818,78633.01678442655,966853.469414652,0.0,0.0,21675765.89880001,2112540.5450699977
109,156.62022388405816,371.76655479920123,1120.9153370662627,181.15860375199097,125743.78537794194,921582.6661304648,50768.23580232494,1019764.1263558973,0.0,0.0,20802889.184400037,2117858.8136666287
109,294.8274320650308,402.38680130709605,1671.2133283353498,183.35400203593815,236704.5354791406,997488.0644241857,75692.20397231639,1032122.2940976712,0.0,0.0,19930012.469999988,2342007.0979733136
109,282.66681431058834,396.07262755203556,1665.1819135143076,183.8566464144663,226941.2873426179,981835.6798605913,75419.03054009471,1034951.7413053742,0.0,0.0,19057135.7556,2319147.739048678
109,205.08968533038313,343.93114657858035,747.3712383177249,193.5992915481579,164657.87582135038,852580.6825210324,33849.76367447711,1089794.2925140157,0.0,1383.3169590553734,18184259.051999986,2140882.6145308753
109,330.1845565968508,369.60485537566274,599.1273638814,197.11439933176436,265091.28253168956,916223.9680647033,27135.5367165952,1109581.2678149713,0.0,0.0,17311382.337599967,2318032.0551279597
109,193.61855342034258,393.3437470662822,743.1754018272155,200.6391978600544,155448.1868478115,975070.9805589817,33659.7268275412,1129422.7935131,0.0,0.0,16438505.623199953,2293601.6877474342
109,251.6558648005962,381.72768606489774,1469.7557713178608,205.69603531382367,202043.9012781126,946275.5971943536,66567.83532410723,1157888.3552990945,0.0,1506.8653760957532,15565628.908800034,2372775.6890956676
109,252.18236455527236,401.85704629506904,646.9565439955202,196.05590630595162,202466.605769983,996174.8396865716,29301.804778035756,1103622.8800080114,0.0,0.0,14692752.194400026,2331566.130242602
109,267.2791045671081,444.901566946602,654.0234127041474,196.20975641071522,214587.14288120653,1102879.1238462203,29621.875746038266,1104488.92122507,0.0,3173.152285916847,13819875.490800023,2451577.063698535
109,249.07928964620137,435.68812250188483,653.7512681749216,191.92813504657897,199975.27753853603,1080039.6548676472,29609.549839544554,1080387.1464301914,0.0,0.0,12946998.776400018,2390011.628675919
109,201.59145281217067,389.9808168156138,493.9198987353563,183.60260849380268,161849.29217829622,966734.5172961804,22370.50476272919,1033521.7305144903,0.0,0.0,12074122.062000005,2184476.0447516963
109,249.90967563621302,414.3336094064577,663.4994197435194,182.15312895356035,200641.9594977329,1027103.3461589975,30051.060844975753,1025362.4313897877,0.0,0.0,11201245.347599993,2283158.797891494
109,293.91781011631144,403.0470154934097,487.6096824171418,181.3821630027609,235974.2383038569,999124.6881123189,22084.703918175437,1021022.5689544188,0.0,0.0,10328368.637520006,2278206.19928877
109,312.38031020901144,363.91286912306845,551.9512371388163,173.89544871792145,250797.00251414994,902113.941763179,24998.846596022537,978878.9307620671,0.0,0.0,9455491.925279995,2156788.7216354185
109,290.380619600471,366.0887677605527,537.8765240238375,174.23318240003178,233134.37692430738,907507.8386634676,24361.377974938732,980780.0753179707,0.0,0.0,8582615.213040007,2145783.6688806843
109,301.1863463477401,363.80350936080157,481.60966787526763,175.94476606379104,241809.84010055172,901842.8467440702,21812.952660068386,990414.7908843812,0.0,0.0,7709738.500800008,2155880.4303890713
109,227.4257644593003,333.54925192592947,459.36397965431973,171.53201770308328,182590.5735951094,826844.7091528971,20805.4061417542,965574.8860513427,0.0,0.0,6836861.788560009,1995815.5749411033
109,247.77562274683464,336.84810203118855,426.54646591522356,169.26670803496134,198928.6182583166,835022.3223241828,19319.042969747763,952823.1785045101,0.0,0.0,5963985.076320008,2006093.1620567571
109,280.4702061957737,337.06383938287604,411.6019377613379,160.6181951144897,225177.72314574145,835557.119769476,18642.178888954033,904139.6324848222,0.0,20803.80097607104,5091108.364080009,1983516.6542889937
109,196.06129284075888,317.383300180857,390.8383173053876,155.45086490278715,157409.35950992216,786770.4724647497,17701.75783790783,875052.093335187,0.0,0.0,4218231.651840009,1836933.6831477666
109,183.16898812181887,297.5271563073082,346.5022791752032,144.0662040119477,147058.67070739882,737548.5137548305,15693.700347834421,810966.432887622,0.0,60945.954760287976,3345354.938520004,1711267.3176976857
109,153.12387146947339,203.12785084226738,291.63385470990954,119.098271715042,122936.7111909541,503539.39569867507,13208.612474341067,670418.8622046183,0.0,395189.6411195619,2472478.2262800043,1310103.5815685885
109,123.6964438035236,128.80884555664323,217.67852016125855,83.47027246157182,99310.66816223675,319307.90378224093,9859.044724619225,469864.45970843395,0.0,748585.3604171254,1599601.51404,898342.0763775308
109,82.16860069315358,58.42809468611422,113.80006576101698,39.84718129338279,65969.71089770862,144839.0625316898,5154.206015234372,224304.6986331444,0.0,1146857.4867810293,726724.8020159996,440267.6780777772
109,108.35459621909227,96.46343442258909,178.81912739263157,65.53406147350407,86993.34449791916,239125.94592401435,8099.034177902803,368899.31563268125,0.0,844931.386608887,1226151.9104400005,703117.6402325176
109,139.88696769977096,172.4360584051535,267.1260810970261,107.22665537664766,112309.35831526105,427456.64017001924,12098.612112471354,603592.0694770217,0.0,358098.6115202274,2099028.622679997,1155456.6800747733
109,164.42940664782967,257.6927550378128,338.888144031819,125.24615773101974,132013.44951883683,638801.8856578503,15348.842716211839,705026.0709276557,0.0,0.0,2971905.3349199947,1491190.2488205545
109,199.3163736618348,257.06312578100096,355.19043173019634,131.39276547106678,160022.7268899626,637241.0798196818,16087.202125366428,739626.0840778043,0.0,22900.207653836347,3844782.0471599936,1552977.092912815
109,212.66972458961766,260.9948412264292,396.04464505512715,122.16663205815881,170743.57028744402,646987.520848034,17937.56161908791,687691.0410569529,0.0,982.1661571930163,4717658.759399998,1523359.6938115188
109,149.736660644178,228.63260464427495,398.5419670412175,124.16780348604564,120217.26219207459,566763.8539088834,18050.669743556966,698955.8818681637,0.0,0.0,5590535.471640004,1403987.6677126787
109,242.21285862946192,218.1445741141589,433.50615256691106,115.6619835539757,194462.50909350757,540764.7773011917,19634.259473045797,651075.5722813078,0.0,0.0,6463412.183880008,1405937.1181490528
109,149.17047538069562,224.12212711854167,797.4469906097548,107.6201268455146,119762.69587560589,555582.7031301858,36117.782958604635,605806.9689098104,0.0,0.0,7336288.896120011,1317270.1508742068
109,141.82897391851466,201.09699410475258,440.30093111455614,110.86936264284174,113868.51336635528,498505.04728156474,19942.006996988395,624097.3180048044,0.0,0.0,8209165.609439996,1256412.8856497128
109,193.50855539915383,205.44052906932498,882.9928520302011,99.85158162326093,155359.87406657965,509272.3594063566,39992.30614594282,562076.8696070289,0.0,0.0,9082042.321679996,1266701.4092259079
109,287.5701005557973,212.2746891404518,412.3190415381805,108.09902370519936,230877.9294822728,526213.7528098413,18674.65778582841,608502.7384046977,0.0,0.0,9954919.03392001,1384269.0784826404
109,152.48740287266162,200.99273275695765,410.3095829228836,92.63661549067118,122425.71734448543,498246.59086682054,18583.64585527225,521462.9352837086,0.0,0.0,10827795.744000005,1160718.889350287
109,153.150830329324,173.2302633921309,711.2452698471602,91.01065049960111,122958.35532478959,429425.4174575514,32213.55474303257,512310.1777868921,0.0,0.0,11700672.458400022,1096907.5053122656
109,223.40939568370328,191.57826595108864,575.9919508289252,96.09185497603339,179366.00016012823,474908.8018507114,26087.69298889108,540912.9045491185,0.0,0.0,12573549.172799975,1221275.399548849
109,292.7035563614112,197.24174373559984,462.4055599099047,90.5081121450614,234999.3650737971,488948.1577014269,20943.16468472443,509481.327401298,0.0,0.0,13446425.887199983,1254372.0148612463
109,222.17078782241504,149.79360731839094,750.8717891735116,90.57930322005225,178371.57404315015,371327.62541360065,34008.309806738755,509882.07074381004,0.0,0.0,14319302.590799972,1093589.5800072995
109,254.16121294116854,152.30535861990936,465.15305864073224,83.9533941510224,204055.33984634225,377554.07701670483,21067.603755919863,472584.01129120396,0.0,0.0,15192179.305199977,1075261.0319101708
109,250.97109797271068,164.4471831862457,1260.5715054726422,73.72326878664717,201494.13081485932,407652.790607486,57093.510383241075,414997.3737335674,0.0,0.0,16065056.01959999,1081237.805539154
109,193.5742005492737,130.1252748033043,1224.826928827563,80.59959759805812,155412.57779450875,322571.23761162563,55474.57536133194,453705.07680520427,0.0,0.0,16937932.734,987163.4675726705
109,251.26284179897743,112.48160603196959,3026.623390318154,81.09775591388924,201728.3596530366,278833.8462387199,137081.120119798,456509.27141263185,0.0,0.0,17810809.448400017,1074152.5974241863
109,264.34797441682974,156.92456527827872,726.515546757953,72.83868102123304,212233.8618591831,389004.7595288176,32905.17256048786,410017.92008853046,0.0,0.0,18683686.15200002,1044161.7140370191
109,162.62282873331858,130.70982825061776,1265.4766543113835,71.46564210526044,130563.02415283189,324020.3037460493,57315.67323948541,402288.91466676036,0.0,0.0,19556562.866400007,914187.915805127
109,142.75768764863938,119.119449414119,1067.071664858741,78.20423534944112,114614.13852932783,295288.584629003,48329.56076889291,440221.2872408349,0.0,0.0,20429439.580800045,898453.5711680587
109,205.8195822229546,161.03848663478095,1238.3162115497596,79.61246679314443,165243.87931394836,399202.87596246006,56085.52880571703,448148.3957421844,0.0,0.0,21302316.29519994,1068680.67982431
109,247.5791136626495,132.2798253019795,3645.730520918108,82.5202604956623,198770.84938598445,327912.214004605,165121.5757669324,464516.7251687614,0.0,0.0,22175193.009600002,1156321.364326283
109,249.55970820870954,165.9810173101795,884.5311570427641,82.49014200702649,200360.98538084078,411455.0555586737,40061.978697500635,464347.18448112777,0.0,0.0,23048069.713200014,1116225.2041181428
109,207.16873944648316,146.49396399706876,2813.7712046872025,89.02860612508982,166327.0608606818,363148.04591649893,127440.66861216232,501153.00551844604,0.0,0.0,23920946.427599974,1158068.780907789
109,283.2770878532201,199.7247444311753,1472.7510193079477,89.90822085693813,227431.25028267427,495103.3386113078,66703.4953969234,506104.46534411947,0.0,0.0,24793823.14200005,1295342.549635025
109,213.1567659648102,212.32179485810107,1055.8603477323747,96.61518557588174,171134.595307289,526330.5245105249,47821.780410551386,543858.7970482695,0.0,5428.08770560805,25666699.856399998,1289145.6972766349
109,275.16069275334905,215.67859211648567,923.5231703259628,100.58922987088822,220914.93828815,534651.7845246551,41827.99586160676,566229.1825815174,0.0,0.0,26539576.57079994,1363623.9012559294
109,290.700526420194,199.7751311358074,2873.3032667708567,102.05460568140909,233391.21664450836,495228.24364376144,130136.98087208008,574477.963772416,0.0,0.0,27412453.285200022,1433234.4049327658
109,295.9405645950848,220.6943627572171,868.294063513859,103.74212594408489,237598.22273411436,547085.5207500153,39326.57204745216,583977.2234859174,0.0,0.0,28285329.988800038,1407987.5390174994
109,120.96294225832823,194.75544302785923,1726.4312202446033,112.71911317611395,97116.054828752,482784.79629771144,78193.11984370888,634509.7919225272,0.0,0.0,29158206.703199968,1292603.7628926993
109,153.66036617340492,214.7898319432337,3084.4152272346814,116.08298559743214,123367.44020687931,532448.611701703,139698.61450764962,653445.4447143453,0.0,0.0,30031083.417600065,1448960.1111305773
109,289.3786067903687,249.50324443223016,863.7438643757636,121.47289636380113,232329.9030152883,618500.6753397973,39120.48549019711,683785.9172614136,0.0,4281.630637036054,30903960.131999936,1573736.9811066962
109,385.42836780426586,162.47337800243903,915.1418761943747,127.72906371104462,309444.2132558028,402759.86890640086,41448.392244160714,719002.6549546017,0.0,0.0,25723183.694400046,1472655.1293609662
109,224.51578451742986,163.756150508527,784.9408998577179,126.0602439977578,180254.2731851729,405939.7700861558,35551.36001543533,709608.6629403154,0.0,0.0,26596060.408799984,1331354.0662270794
109,483.9744494509107,265.1383416811096,567.9435102550152,123.68404809277207,388562.7142584958,657258.9617478203,25723.16489708471,696232.7630884069,0.0,0.0,27468937.12320001,1767777.6039918074
109,502.11198448799007,178.99312516275964,498.83952135536515,123.59848454702889,403124.57770389435,443711.139092694,22593.32316209622,695751.1153351918,0.0,0.0,28341813.837599948,1565180.1552938763
109,220.84247762718226,212.72184996357123,1559.7607584914197,124.97057784632989,177305.12969795289,527322.2324679485,70644.32019420617,703474.7977640762,0.0,0.0,29214690.54119996,1478746.4801241837
109,192.31351720112704,213.85436761410998,1622.2064041636838,133.83124159287405,154400.42819832216,530129.6626209568,73472.5938019305,753352.5669524395,0.0,0.0,30087567.25560006,1511355.251573649
109,194.4704470455414,318.4025817517082,1123.991058214585,133.00619547282193,156132.13638201173,789297.1984853572,50907.54064663987,748708.2805735817,0.0,6673.063658411615,30960443.969999988,1745045.1560875904
109,202.1691824912557,217.02526222364438,3372.991917944058,137.00010155227372,162313.12702013066,537990.0832815829,152768.76262368183,771190.4705414147,0.0,0.0,31833320.684400097,1624262.44346681
109,195.28823100305732,295.24493946941016,1746.3337766450254,140.78748704254537,156788.7006997561,731891.0616494523,79094.54178254168,792510.1306385269,0.0,0.0,32093802.60119999,1760284.4347702768
109,194.6024425487164,219.475217961426,1721.4538938076673,140.72044918271882,156238.11001562356,544063.3481075325,77967.6879365348,792132.7662564721,0.0,0.0,31220925.897599958,1570401.912316163
109,220.6813096887995,267.53119625938945,854.4849763044066,148.58660479734291,177175.73474402403,663190.6768885346,38701.13409287905,836412.3264981065,0.0,0.0,30348049.183200046,1715479.872223544
109,175.04996699477226,330.26528030502925,1106.900650818785,152.72358058285764,140540.25038618868,818703.9786788484,50133.485904112524,859699.8734889546,0.0,0.0,29475172.468799945,1869077.5884581043
109,283.88827586770793,322.29332102589166,1153.6331851853363,155.65449682370894,227921.94741369245,798942.0625196089,52250.08494233326,876198.3625359657,0.0,0.0,28602295.754400015,1955312.4574116003
109,161.93706166729626,254.29453350561008,437.47272116002495,160.0035686821449,130012.45064048006,630377.9378354303,19813.912371888593,900679.8244832469,0.0,0.0,27729419.03999998,1680884.1253310458
109,153.1283835655191,302.7683648047579,396.59172359589877,164.39284395973027,122940.33376294834,750541.0942827755,17962.33977265745,925387.5964359947,0.0,0.0,26856542.336399954,1816831.364254376
109,148.59820186628033,321.8362469780813,504.4200693850093,171.48257022858118,119303.24155872669,797809.008687406,22846.076040843232,965296.5401180456,0.0,6580.691330407048,25983665.62200003,1905254.8664050214
109,149.5875120020887,360.53188776679093,1613.4367581674924,170.75915523753105,120097.51702522965,893732.7311022615,73075.40104248194,961224.3479004962,0.0,0.0,25110788.907599952,2048129.9970704694
109,466.2690698975676,287.7885306930648,1135.0193497305895,175.08148947049733,374347.81026092084,713407.1582666575,51407.03145175871,985555.3004559339,0.0,0.0,24237912.193200003,2124717.300435271
109,448.39116937593946,380.784050235314,383.79348632664505,176.61443410950588,359994.3964395745,943936.3915491505,17382.68499762321,994184.4349169757,0.0,23775.97713264008,23365035.47880005,2315497.907903324
109,448.5545057897225,317.99014435953893,1291.3383390327385,186.37855741482176,360125.53237112786,788274.7957259358,58486.99462725006,1049147.8894030135,0.0,0.0,22492158.775200017,2256035.212127327
109,431.854277733953,313.3481690341426,338.1317008327608,186.45555616291531,346717.6222026307,776767.6713187895,15314.582067409083,1049581.3248537946,0.0,0.0,21619282.06079997,2188381.200442624
109,160.17723283714733,338.34897969692975,325.51108260311076,196.5500339588256,128599.5581465709,838742.8905756128,14742.97197245673,1106404.3855164726,0.0,14851.985368092428,20746405.3464,2088489.806211113
109,234.93091235760795,364.5543340074862,420.63395786115007,201.1983300678001,188616.14093980382,903704.0872746011,19051.255035060414,1132570.2176792182,0.0,18723.60260533588,19873528.63199995,2243941.7009286834
109,159.19969875549072,349.0738850517977,316.601358287043,202.11019861625093,127814.73717827469,865329.1629106123,14339.434818441416,1137703.2382170416,0.0,0.0,19000651.91760005,2145186.57312437
109,210.79737102650114,362.2076446161416,330.45934885162336,206.25653020088987,169240.33642176882,897886.8123262842,14967.087692359957,1161043.4501551937,0.0,0.0,18127775.214000024,2243137.6865956066
109,194.0495934495482,353.7102775086095,403.0698621410395,202.05693389724675,155794.25074414368,876822.4477863421,18255.74611151674,1137403.4045435868,0.0,0.0,17254898.499600027,2188275.8491855897
109,118.9430840015112,412.18530610038454,391.48853781562906,195.5449866918478,95494.39565319699,1021777.8561091002,17731.207473483202,1100746.8504785062,0.0,40810.55835042079,16382021.785200018,2235750.3097142866
109,167.8368994503328,373.2598923508472,396.5456004242332,195.1541065258664,134749.18206351777,925284.542979021,17960.25077273245,1098546.5378092963,0.0,26425.67002564296,15509145.070800012,2176540.5136245675
109,152.9587803231183,388.1272446901994,462.3746218681338,183.05298656234072,122804.16645847792,962139.6447366324,20941.7634461581,1030427.8408666619,0.0,0.0,14636268.3564,2136313.4155079303
109,115.40222563438874,401.7897389269539,473.3530206957515,191.77369801548525,92651.5895102385,996007.9895410783,21438.99452328049,1079517.8013324235,0.0,8108.874722606968,13763391.641999986,2189616.3749070205
109,129.0205416713588,395.9474609254241,472.5266001088921,188.71098784563054,103585.16224111013,981525.4007567449,21401.564474963565,1062277.4280023277,0.0,2901.124774180702,12890514.938399965,2168789.5554751465
109,161.321016709188,371.8311496840938,512.2405944025599,182.54980748687655,129517.85407386506,921742.7922242976,23200.281434471024,1027595.3837839512,0.0,0.0,12017638.223999988,2102056.311516585
109,212.79940695311495,416.38771790782033,587.5804249297771,168.79088753343947,170847.6867985721,1032195.3340335644,26612.555452885015,950144.726209189,0.0,24596.136006377637,11144761.50959999,2179800.3024942107
109,122.09215917801247,405.79728553100597,574.2088225131322,171.88590723305686,98022.65556314394,1005942.410581183,26006.931957430035,967566.9738676854,0.0,21783.009287065826,10271884.79844,2097538.9719694424
109,175.79986427387863,366.40183301117554,656.407705350209,165.17262906516024,141142.31134728945,908283.9050003054,29729.864572022052,929777.1029806177,0.0,0.0,9399008.085120002,2008933.1839002345
109,107.9799390172602,360.96977104807866,700.4254800336923,161.45492461265908,86692.548000448,894818.2123985579,31723.50734835654,908849.6860402417,0.0,0.0,8526131.372880014,1922083.9537876043
109,102.01697749857148,346.7742064874395,795.5017068423966,154.06114927284094,81905.13718702724,859628.4244358215,36029.677620281625,867229.2126333939,0.0,0.0,7653254.660640013,1844792.4518765244
109,99.0609241038626,356.79473863293885,616.4679135733287,147.96685128873406,79531.84634110703,884468.6060268825,27920.92084561058,832923.6575518183,0.0,29355.795296677155,6780377.948400013,1824845.0307654184
109,95.23913533363658,342.2819497089426,609.8921325117204,149.4530267098423,76463.49300227589,848492.4415846854,27623.092104687163,841289.5223163363,0.0,36871.952320375945,5907501.236160013,1793868.5490079848
109,92.54956279489014,335.5955295100276,606.3286239037222,137.9239185816754,74304.14841903167,831917.2847443586,27461.69450460796,776390.7505523504,0.0,24997.04857734102,5034624.523920012,1710073.8782203486
109,89.69782773297034,323.4671260391935,1078.979550271253,140.41895754399258,72014.61037159375,801851.8410882063,48868.88993545755,790435.632633218,0.0,27466.58446957101,4161747.81168001,1713170.9740284756
109,88.58941854271376,295.3161758054956,519.7567576636609,126.5130949018872,71124.71528733095,732067.6514251799,23540.701746469837,712157.8165386243,0.0,82126.02310993092,3288871.0994400075,1538890.8849976049
109,87.45263720197501,212.41804257525664,460.6145272002503,94.22319162904036,70212.04139767212,526569.1157087921,20862.045649301654,530393.9680700738,0.0,417692.80867985636,2415994.3872000026,1148037.1708258395
109,83.59189605239905,135.76005363532872,349.43097453097397,62.20585825554794,67112.4148330246,336539.45081433654,15826.34613427186,350164.44918636914,0.0,736135.525246655,1543117.6749599997,769642.6609680022
109,69.43052704576607,60.562914042772874,173.6092635548229,30.017507245510995,55742.84773071918,150131.12683661105,7863.070241047292,168972.25093160346,0.0,1058820.297563057,670240.9622879982,382709.295739981
109,85.50873650528833,112.30344356200081,299.3945328780417,53.13651437862623,68651.36534997888,278392.1942343676,13560.107298434456,299111.9938035062,0.0,755867.218697136,1282635.7495199994,659715.6606862871
109,98.60214288030322,191.21399508992155,445.3687312974298,86.73252981876108,79163.51020749642,474005.8004723079,20171.53661994509,488228.1087700957,0.0,336142.3418206764,2155512.4628400016,1061568.956069845
109,107.20483603198974,247.53869971837145,1478.9376146285488,106.15966541150783,86070.25043881382,613630.7096805456,66983.69722810887,597585.8513504958,0.0,0.0,3028389.175079997,1364270.5086979643
109,114.40833279422989,257.45660040309,603.4567576387066,107.13594745482587,91853.63478330537,638216.4752300499,27331.622608083948,603081.4633963037,0.0,0.0,3901265.8873199928,1360483.196017743
109,121.20974047953271,261.3684346223563,989.0705413155708,117.35402141660555,97314.19873245226,647913.6321224953,44796.752088399444,660600.2621221946,0.0,4566.79069760628,4774142.599559996,1450624.8450655416
109,128.4579804771246,249.3867712997213,999.3851623776674,109.25761696592315,103133.5055372983,618211.9467852664,45263.91949790487,615024.6027812929,0.0,0.0,5647019.3118,1381633.9746017624
109,133.49476283383515,232.78594931843983,813.8048906269827,108.108744850163,107177.32608582762,577059.6979238003,36858.66114792357,608557.4599287972,0.0,0.0,6519896.024040003,1329653.1450863488
109,163.4009973688514,241.27488535300074,824.0895839580227,118.28792368045497,131187.78299602392,598103.1624376191,37324.47307761972,665857.313161846,0.0,0.0,7392772.736280006,1432472.7316731086
109,261.3896474456548,211.99520606333263,1113.1869851731926,116.4635579309015,209858.74565441647,525520.9342762082,50418.205092336066,655587.7333228781,0.0,0.0,8265649.448520008,1441385.618345839
109,254.26778946104452,206.25525834022332,2136.3114048709585,105.76068974763713,204140.90564818616,511292.01492392883,96757.31749156491,595339.9681250909,0.0,0.0,9138526.16076,1407530.206188771
109,182.14291793054664,230.30667920725588,1163.396191941295,105.06972398539715,146234.88213964942,570913.7648654687,52692.26876544291,591450.4366191122,0.0,0.0,10011402.873000009,1361291.3523896732
109,277.9833207666284,192.1535543711944,1188.5045486256922,120.92760056656851,223181.10751139355,476334.9006461811,53829.470595599516,680716.379956789,0.0,0.0,10884279.58199997,1434061.858709963
109,187.33684965693013,174.81407393807493,1131.974110269475,103.44798355714072,150404.87130243803,433351.5703799546,51269.10717690577,582321.4597074717,0.0,0.0,11757156.29639998,1217347.00856677
109,267.6439010479407,204.22432670895327,1225.728297562245,119.69054763464581,214880.02262083962,506257.48085056257,55515.39994366565,673752.8564130483,0.0,0.0,12630033.010799985,1450405.7598281163
109,161.08384402039553,184.66279863643126,753.5153661961157,108.70584917810932,129327.43810498543,457765.8536131479,34128.042080182735,611918.6338433693,0.0,0.0,13502909.7252,1233139.9676416854
109,146.0844340030983,197.29001951925412,1169.2242511318207,120.65278486805794,117285.0431496124,489067.82991194533,52956.231861914515,679169.4084914746,0.0,0.0,14375786.439600011,1338478.5134149469
109,275.3201583427985,152.57645937590598,1273.1645406114483,122.58256117057724,221042.9664977747,378226.11637655605,57663.871191281374,690032.3573354335,0.0,0.0,15248663.143200034,1346965.3114010454
109,219.5318442070127,144.0274577398207,769.2305300443052,121.422696874148,176252.8772914121,357033.75353802,34839.80961296108,683503.3381420707,0.0,0.0,16121539.857600022,1251629.7785844638
109,192.97306882011702,169.6431012789927,3005.1048678525303,124.16419199597729,154929.95443169892,420533.09946554253,136106.5082231389,698935.5523450932,0.0,0.0,16994416.57200003,1410505.1144654737
109,175.5736952185613,120.92776991307399,1107.8003799954831,127.34895754232416,140960.72973256768,299771.2816471504,50174.23622796873,716862.9904449416,0.0,0.0,17867293.286400046,1207769.2380526285
109,262.7334785939403,174.8168611445853,2308.5484051074245,120.02540938968714,210937.6511195197,433358.4796652943,104558.23550271093,675637.8345372296,0.0,0.0,18740170.000799954,1424492.2008247545
109,273.21670649808243,104.42106351792435,1262.762816271009,123.9170618056536,219354.19354907423,258852.33858383136,57192.75872042489,697544.4260203583,0.0,0.0,19613046.704399977,1232943.7168736886
109,294.8776771721389,167.0943141624411,1386.4768705015413,121.66039786889928,236744.87516074628,414214.83872920676,62795.98678729717,684841.3863618412,0.0,0.0,20485923.418800008,1398597.0870390914
109,236.51574552231443,188.54543980043678,1231.3478223932063,119.88742897630972,189888.53677975753,467390.6430121963,55769.91815059995,674861.1257705034,0.0,0.0,21358800.133199982,1387910.223713057
109,298.28586848644363,144.11034967172327,2532.8823570062855,126.18188249285312,239481.16851115137,357239.2367010892,114718.71648807863,710293.3810332632,0.0,0.0,22231676.847600043,1421732.5027335822
109,371.22708078293425,182.53203576054537,3581.937596340484,123.56951922392892,298042.59765970457,452483.84503356664,162232.28151750835,695588.065958602,0.0,0.0,23104553.562000003,1608346.7901693815
109,311.4709383383349,168.97346259072145,1060.01619755579,127.55063376477668,250066.90611600064,418873.1131119706,48010.00619069497,717998.2507778022,0.0,0.0,23977430.26560003,1434948.2761964684
109,190.42112528914635,145.88986528600137,1353.5269904396162,126.16943227293808,152881.10638578786,361650.5284729189,61303.62851069412,710223.2972096321,0.0,0.0,24850306.979999963,1286058.560579033
109,109.54922348760745,373.1944310065397,247.7654297081059,193.5228487342117,87952.46044816841,925122.2689943479,11221.734008928011,1089363.986485124,0.0,11793.634069001419,5203542.601079988,2113660.4499365687
109,110.12952482088778,373.71558042490193,497.1660909399927,190.8179892828076,88418.35996291149,926414.161081537,22517.530542335335,1074137.9989899192,0.0,2910.5768863698468,4330665.887760009,2111488.050576703
109,110.34212317479589,335.73310423027715,233.40607615203132,164.53540050554744,88589.04623268286,832258.3226237565,10571.373519426874,926190.0648166882,0.0,193006.7868599518,3457789.175520007,1857608.8071925545
109,108.32610306038684,252.34555911735436,214.0503011398844,127.98581860017038,86970.46854011407,625546.5698983149,9694.716275602103,720447.9598960958,0.0,553875.7770960343,2584912.463280002,1442659.7146101268
109,100.38318727082844,166.75400206362653,162.40558546283094,85.35894750090016,80593.4357818372,413371.2294069228,7355.635868067557,480496.04447206773,0.0,957561.4636869271,1712035.7510399981,981816.3455288953
109,76.92387378305352,85.78069006829439,91.95066193985949,44.98851165234462,61758.940419958926,212644.18769017165,4164.60791745478,253245.8814046314,0.0,1358253.9301929437,839159.0389079993,531813.6174322168
109,89.58972986944717,111.14023127060858,115.23273800294999,58.40536797566247,71927.82314697113,275508.6742648104,5219.094272001618,328771.02061205066,0.0,1171346.6841615937,1113717.6734400007,681426.6122958339
109,115.29606032189045,194.68308702011015,189.42485913626143,101.41425879495789,92566.3538494898,482605.4309361125,8579.386504445172,570873.3721620688,0.0,668028.0495115543,1986594.38568,1154624.5434521162
109,126.33222674005788,279.1536910305232,270.08523878598805,137.63975327071094,101426.82733794933,692002.0091076313,12232.637591793173,774791.1489652626,0.0,218803.9575219748,2859471.0979200066,1580452.6230026362
109,129.78557335806568,332.1359937530931,1512.3832902060442,155.30008127940107,104199.37398104357,823341.3433497073,68498.51095947453,874203.3137200517,0.0,13169.109254704555,3732347.81016001,1870242.542010277
109,230.50313904032333,305.9446002254933,750.5171188450987,146.32646081245824,185061.26811493177,758414.7544318989,33992.24616101143,823689.6972194012,0.0,0.0,4605224.522400008,1801157.9659272432
109,225.8218315240317,299.82461328354754,562.006425419362,146.31230730651714,181302.84335330914,743243.7450717689,25454.263836542767,823610.0253886299,0.0,0.0,5478101.234640001,1773610.8776502507
109,147.74826330266504,307.82971446163515,580.4143754899324,141.18799450288833,118620.8616611804,763087.8176251237,26287.992414354965,794764.6365352205,0.0,0.0,6350977.946879997,1702761.3082358795
109,236.85242907846475,283.1942055718894,448.6939724747606,134.32438804891186,190158.84583547813,702018.1553034139,20322.142667170894,756128.5491828799,0.0,0.0,7223854.660200007,1668627.6929889428
109,248.6723520587886,291.8566106198142,450.83933355010464,135.2324307528656,199648.56447821166,723491.6370787725,20419.309860225152,761240.0335701129,0.0,0.0,8096731.372440009,1704799.5449873223
109,259.4767273427586,277.8876701074263,647.670001674129,131.78443418285528,208322.94262145826,688863.6339024848,29334.118536680005,741830.8355686292,0.0,0.0,8969608.08468001,1668351.5306292523
109,176.87036090026226,291.5876554364971,661.9266717361147,131.0159141174967,142001.76802981496,722824.9164399435,29979.82830933525,737504.7413241058,0.0,0.0,9842484.796919996,1632311.2541031996
109,169.21076943719578,273.30860807588425,935.9536321430074,137.76494484069613,135852.20444773542,677512.4670454107,42390.9934367057,775495.8677550355,0.0,0.0,10715361.509160021,1631251.5326848873
109,303.87063967562466,277.5978183755937,585.4323119512333,137.05923847139158,243964.9462276048,688145.1122163447,26515.263621273378,771523.3595536428,0.0,0.0,11588238.21600002,1730148.6816188656
109,191.85823746798752,240.10939883673535,688.7443209877613,135.71714635506913,154034.90326398672,595214.0048274647,31194.447019464606,763968.5574843778,0.0,0.0,12461114.9304,1544411.9125952937
109,180.27947386080373,272.4185816977815,497.72891595089817,131.85855197631645,144738.80133119004,675306.15539131,22543.021881354638,742248.05377042,0.0,0.0,13333991.644800017,1584836.0323742747
109,292.6358182694838,236.69795308443565,1957.2437751273285,136.1181179119454,234944.98101098585,586757.2751104467,88647.02820318611,766225.6758377036,0.0,0.0,14206868.359200027,1676574.9601623225
109,337.2101799133893,244.56375310804864,563.9870798340266,129.13690938170532,270731.8597735856,606256.0300775944,25543.971173967366,726927.5918919094,0.0,0.0,15079745.073600043,1629459.4529170566
109,194.770242545726,265.98796829086973,1102.8427193305527,133.58008605290254,156372.8295702707,659365.1252693373,49949.69501834995,751938.7814380119,0.0,6986.521674303513,15952621.787999963,1617626.43129597
109,244.98549780660716,230.53189765689936,577.0165102187441,128.77146421588048,196688.5443843236,571472.0652736275,26134.097093622087,724870.4559759771,0.0,0.0,16825498.491599984,1519165.1627275504
109,302.24764945084456,242.37306777267733,956.2348002668767,121.44657570680349,242661.91569020547,600825.4780121596,43309.56336934132,683637.7550365322,0.0,0.0,17698375.205999985,1570434.7121082386
109,273.77090212429135,247.0646765290564,1188.4610992622902,123.31695508039523,219799.13389043778,612455.6401403268,53827.50269717426,694166.3512409723,0.0,0.0,18571251.920399982,1580248.627968911
109,237.44198283441588,191.622913039993,634.1532282390025,114.45469735918378,190632.17373093535,475019.4787868055,28721.919989341775,644279.6093725907,0.0,0.0,19444128.634800024,1338653.1818796732
109,304.64020417137743,215.53845072106407,905.263251416936,125.77773056667459,244582.79716912852,534304.3840413124,41000.97187660975,708018.3599888377,0.0,0.0,20317005.349200007,1527906.5130758884
109,306.6144805648409,223.84976516369557,3485.809363677687,110.05516771895093,246167.86058520552,554907.5373487046,157878.46404199893,619514.114347629,0.0,0.0,21189882.052800033,1578467.976323538
109,320.9211992466315,169.61136684484848,984.9036165562192,120.43601767455928,257654.12282371058,420454.4320758884,44608.02470484255,677949.1992211305,0.0,0.0,22062758.767199982,1400665.778825572
109,387.0626591803805,189.9316387773339,3682.298729871024,117.88995546906563,310756.3170119263,470826.9310064355,166777.8145510758,663617.1010107275,0.0,0.0,22935635.481600042,1611978.1635801652
109,436.88977250154755,221.2734255967014,911.619310341679,102.99476588437474,350760.40900005534,548520.9760608278,41288.84901379781,579770.2415232668,0.0,0.0,23808512.196,1520340.4755979478
109,299.2189865699447,141.40630207879684,1112.4986476158122,105.9272311614352,240230.32974406402,350536.0963624463,50387.029068358956,596277.4502861721,0.0,0.0,24681388.910400003,1237430.9054610413
109,194.52299301950836,167.0443100730082,1587.6520384423568,113.2712774154159,156174.32333277148,414090.8821724318,71907.56553536089,637617.9925347796,0.0,0.0,25554265.614000037,1279790.7635753439
109,201.9016833196886,130.62679744843848,1210.0772401792744,100.53339588658747,162098.3631947181,323814.476333509,54806.53590594627,565914.8861967905,0.0,0.0,26427142.328399964,1106634.261630964
109,169.3023398919326,125.78413657357908,1808.6273247530019,107.87435955342148,135925.72251150676,311809.8668208832,81915.92662288691,607238.0761821135,0.0,0.0,27300019.042800054,1136889.5921373903
109,216.787865842611,141.2921086931775,767.259993746434,100.57053948873266,174049.8525607715,350253.0191371957,34750.56054292052,566123.9721149132,0.0,0.0,28172895.75719999,1125177.4043558007
109,196.42319181509058,136.7734445984481,775.1170828071356,97.90973044058947,157699.91296354606,339051.5744402192,35106.42198665593,551145.9497732623,0.0,0.0,29045772.471600085,1083003.8591636834
109,201.72739244306268,151.59922633240927,1909.440578369168,98.43687419357308,161958.43238603784,375803.6256440508,86481.93697383864,554113.3069817624,0.0,0.0,29918649.17519994,1178357.3019856897
109,206.74006674610143,162.20164655057164,1432.7788729669498,110.81599794333297,165982.89759301796,402086.26609665185,64893.086275146125,623796.9215287569,0.0,0.0,30791525.889600046,1256759.1714935726
109,211.69603725539866,160.9645697214941,1289.407397590191,110.96086929510149,169961.83771075017,399019.64122781367,58399.53887815459,624612.4202376808,0.0,0.0,31664402.603999954,1251993.438054399
109,204.5964508914864,145.54446573830245,1488.1790523107366,98.01148093429985,164261.87865133258,360794.3077291767,67402.25826647395,551718.7158532377,0.0,0.0,32262720.68159994,1144177.160500221
109,212.16225411722672,192.19366986665366,1021.5028578246694,108.43351574876114,170336.14360534959,476434.3440866446,46265.66899737757,610385.6353773569,0.0,0.0,31389843.967200074,1303421.7920667287
109,207.11118544566284,235.041490898437,1459.3131171171804,105.12658596976917,166280.8531759568,582651.0239751302,66094.86906757456,591770.5197430436,0.0,0.0,30516967.25279997,1406797.2659617052
109,250.12980326229678,212.54956557038545,670.7309805608456,106.60087432726675,200818.6907032158,526895.1517949961,30378.591009523025,600069.470760233,0.0,0.0,29644090.549199957,1358161.904267968
109,165.34304992894735,218.4132086584847,842.7583500073566,113.82112747735997,132746.9752526393,541430.7030989231,38170.01447186241,640713.1663572317,0.0,0.0,28771213.834800027,1353060.8591806563
109,159.21025598780903,272.5731476700239,1942.0963904114126,113.65520338403678,127823.21313573344,675689.313367608,87960.9763903357,639779.1591692498,0.0,0.0,27898337.120399937,1531252.6620629271
109,155.1526484884542,201.6823075453239,934.0846446549369,120.05264529222656,124565.53086524642,499955.9973848495,42306.34369165511,675791.1487921609,0.0,0.0,27025460.406,1342619.020733912
109,365.2066556154604,208.8976489376108,725.1691770758302,122.87002414548469,293209.05170140485,517842.31198605616,32844.1930991148,691650.521879622,0.0,0.0,26152583.691600062,1535546.0786661978
109,332.7358602368978,289.8787787772273,708.3805158680627,123.88734431335553,267139.61683611193,718588.7335789312,32083.80497450222,697377.1425905726,0.0,0.0,25279706.988000028,1715189.2979801178
109,318.3426949700258,313.4467170178166,1888.0683643055802,128.31561993440374,255583.95027311053,777011.9647130275,85513.95164317326,722304.4522873483,0.0,9968.321225705091,24406830.273599964,1840414.3189166598
109,302.9143098293398,298.0521797238338,1373.1127273997888,131.70568335951654,243197.14924737072,738850.0092060389,62190.701137391145,741387.5374701752,0.0,0.0,23533953.559200015,1785625.397060976
109,302.9186651166375,247.91410598963614,1816.0894280703253,135.81156506959843,243200.64592422152,614561.314943144,82253.89846453082,764500.0520749711,0.0,0.0,22661076.844799943,1704515.9114068674
109,266.3649616655026,317.4428965856336,734.0751013912212,142.45372027585674,213853.21602314417,786918.2076843298,33247.55814438645,801889.56303799,0.0,17847.397142763948,21788200.130400054,1835908.5448898505
109,220.95407634741483,333.61855286365676,634.3797963929667,145.4860729816557,177394.7276130712,827016.501214694,28732.18166128558,818959.0504583358,0.0,5493.376827050815,20915323.426800024,1852102.4609473865
109,240.75492536453856,256.88158210040865,541.5233405335268,147.99579417918784,193291.99584168388,636791.0460363314,24526.5487370556,833086.5806522757,0.0,0.0,20042446.712399997,1687696.1712673465
109,229.78500395090427,306.27494769617755,1705.2428776759896,158.83460555714345,184484.70767901305,759233.662154642,77233.46237787456,894099.5868615145,0.0,0.0,19169569.998000022,1915051.419073044
109,182.9807704832825,349.2759593782224,648.2302553555018,156.96344012951315,146907.5586877788,865830.0906947257,29359.49341564231,883566.565861932,0.0,3197.9304334779736,18296693.28359999,1925663.7086600787
109,114.81001964187506,326.9620885502722,541.9759230341697,167.1104254183199,92176.1322456818,810515.6028693746,24547.0469980329,940685.197678901,0.0,16482.721456378233,17423816.569199998,1867923.9797919905
109,207.22561634611523,282.02471904236285,666.6086230013984,164.40860518477524,166372.72492936294,699119.0819468369,30191.882153181323,925476.3183159131,0.0,0.0,16550939.865599973,1821160.007345294
109,108.17948927018924,324.55620890641427,500.79401754729787,175.36106790045733,86852.75849915728,804551.5995238527,22681.845747402698,987129.081924058,0.0,18864.129756620736,15678063.151199985,1901215.2856944706
109,179.50843870780858,324.4762471349918,526.5498550459063,178.41594918786137,144119.76966086857,804353.3800187769,23848.373127461567,1004325.3855091498,0.0,0.0,14805186.436799975,1976646.9083162567
109,165.43239007204377,318.8859728623714,439.51349382512774,182.35814689155626,132818.70269307168,790495.4904317355,19906.342571079233,1026516.5026516413,0.0,0.0,13932309.722399972,1969737.0383475279
109,208.30282855114476,314.26913725900073,441.1884408451491,188.9543732936032,167237.57326731452,779050.6855951669,19982.20388054387,1063647.474710456,0.0,14852.502332847449,13059433.008000035,2029917.9374534814
109,182.4678071241166,320.9684578584151,532.1827138694788,192.88618444420217,146495.72199809653,795657.8216044987,24103.4952544768,1085780.124664394,0.0,18840.443594220094,12186556.304400008,2052037.1635214658
109,101.33239632682957,363.09822055859263,398.0623717715934,194.1468272314731,81355.51577927712,900094.4863110486,18028.948026552287,1092876.4384136882,0.0,0.0,11313679.59000003,2092355.3885305664
109,194.1105777999431,366.22979363652485,369.79234741778913,205.4817866523895,155843.21251215355,907857.431710755,16748.54868230943,1156682.3231564013,0.0,6565.424532832112,10440802.87451999,2237131.5160616194
109,151.4453627628765,399.2596434312288,797.3865870554922,204.58897183489543,121589.10720135969,989736.0639942137,36115.04717492437,1151656.558420403,0.0,3408.411867112154,9567926.162279993,2299096.7767909006
109,165.9053100308144,371.94908338675714,339.82510382336363,204.54342958425838,133198.39022206297,922035.141427646,15391.279280385304,1151400.19547395,0.0,0.0,8695049.450039983,2222025.006404044
109,150.93114804112753,356.65238566019235,331.4809273024585,205.25155734510352,121176.2658453312,884115.7232017285,15013.356785098318,1155386.3339870023,0.0,17192.985473321984,7822172.737799983,2175691.67981916
109,186.91902700944456,394.7338102288967,407.74932206779914,199.5891502632731,150069.4190855496,978516.8475928893,18467.687118239908,1123511.946067898,0.0,51324.021007161704,6949296.025559984,2270565.8998645768
109,138.90971535739274,399.0982245438762,933.036292188681,191.73523622398605,111524.76354357267,989335.9181321132,42258.8619564599,1079301.2951638289,0.0,53798.70084780303,6076419.313319986,2222420.838795975
109,142.1497032777802,257.4511512654255,1363.3914411390738,130.50218845522653,114126.013468933,638202.9672080071,61750.40690921368,734612.9162033474,0.0,0.0,21738755.786400057,1548692.303789501
109,147.97551290706977,283.87474207856394,478.7453581277433,132.8356438478237,118803.31080328255,703705.156568385,21683.223011570753,747748.224438997,0.0,0.0,22611632.490000013,1591939.9148222352
109,236.80617736028236,336.2078296698708,930.2610380312866,120.9315341867366,190121.71227775322,833435.1329921258,42133.16579296307,680738.5227899255,0.0,17188.55072146468,23484509.204399973,1746428.5338527677
109,152.48264551403904,270.4695478388385,1057.832531725355,125.07796580935452,122421.89786149167,670474.6400306196,47911.10410761423,704079.2978542009,0.0,0.0,24357385.91880003,1544886.9398539264
109,156.90902489459214,282.68793927877755,466.24715692416555,117.84447886877142,125975.65155323486,700763.1574178993,21117.157399988682,663361.1076181523,0.0,0.0,25230262.63319998,1511217.0739892754
109,162.32817887233622,234.1582285562353,575.7683325401703,127.16321644289775,130326.46218170077,580461.479881637,26077.564921553778,715817.4308851855,0.0,0.0,26103139.347600065,1452682.937870077
109,165.18395556479314,278.4352442241266,4344.527930918976,118.11780078697402,132619.2450841787,690221.0309245092,196771.34494738642,664899.6704098559,0.0,0.0,26976016.051199947,1684511.2913659303
109,196.65214542200377,238.83761384390968,982.537061543377,121.78031836141439,157883.73017753824,592061.3409062412,44500.83924760222,685516.43360635,0.0,0.0,27848892.765600033,1479962.3439377318
109,161.24895092432433,233.7051474214212,4489.988714262274,123.60488190852574,129459.99548855428,579338.3241948085,203359.52079311208,695787.1268721694,0.0,0.0,28721769.479999952,1607944.9673486443
109,160.62530357216062,297.430233186794,3164.42189930867,127.19881245605144,128959.29527974826,737308.2482800047,143322.25802406573,716017.8052339805,0.0,0.0,29594646.19440005,1725607.6068177992
109,159.58501200997307,290.1765611389333,946.5724863633384,123.95603677440685,128124.08897188962,719326.9147285934,42871.940103399764,697763.8209270161,0.0,0.0,30467522.908799972,1588086.764730899
109,159.29463607515885,182.39212236831088,4766.445591012861,126.02205096264194,127890.95835618301,452137.0097537969,215880.74112433003,709393.6696345538,0.0,0.0,31340399.612399947,1505302.3788688637
109,169.03674791558302,223.4217991062805,3524.3109515603433,123.87289452009865,135712.48989285764,553846.6401401891,159622.2689733388,697295.8029219538,0.0,0.0,32213276.326800052,1546477.2019283394
109,149.01804065062672,221.25555320873744,1460.8741407530893,120.72237413620655,119640.31244703845,548476.6716909556,66165.57058571799,679561.1350656895,0.0,0.0,31713846.95880004,1413843.6897894016
109,163.63850123706922,206.77451048903558,1792.6177108789466,109.11788132444796,131378.46485492436,512579.2038157721,81190.82292826759,614238.0136190978,0.0,0.0,30840970.244399935,1339386.5052180616
109,129.37707776075754,148.87158432861915,4577.163303825639,116.96052477864694,103871.41006015317,369041.99645053694,207307.81195532158,658385.2210094844,0.0,0.0,29968093.530000012,1338606.439475496
109,319.28014833667606,139.29185317362882,4501.9224918629525,109.9970158137303,256336.59212238516,345294.5289479867,203900.02266261942,619186.7701001295,0.0,0.0,29095216.826399986,1424717.9138331208
109,307.85832578529556,151.5132106896339,1048.7285412880958,118.65103168896111,247166.49155741007,375590.3990254253,47498.768297783514,667901.2929309439,0.0,0.0,28222340.112000052,1338156.9518115628
109,278.92261679298497,190.0356337202729,1473.309718289248,114.44110309570848,223935.22875458605,471084.72702261986,66728.79986077292,644203.0855866417,0.0,0.0,27349463.397599958,1405951.8412246206
109,240.3304048240382,140.23326504791012,1246.400463165531,113.73039720382634,192951.16616841816,347628.22156725865,56451.678842872374,640202.4344559707,0.0,0.0,26476586.683200035,1237233.5010345199
109,243.99709385413573,125.74957727863509,821.6173186438983,104.13554454603658,195894.99645427926,311724.1968036024,37212.49981408862,586191.8253243191,0.0,0.0,25603709.968799952,1131023.5183962893
109,272.51865886914135,130.35084543953818,1248.2614015607837,113.2611098850529,218793.76048966212,323130.411065121,56535.964030289884,637560.7582522058,0.0,0.0,24730833.2544,1236020.8938372787
109,133.14598989292662,175.8431549126987,3915.5513895548124,108.32308916238966,106897.31097194485,435902.58842075214,177342.23956763349,609764.0305015999,0.0,0.0,23857956.55080004,1329906.1694619304
109,254.43752272208775,150.9968059651459,1598.7901120384677,104.61345207573726,204277.17733915194,374310.2686945701,72412.02856482659,588882.0257586926,0.0,0.0,22985079.836399972,1239881.5003572414
109,241.23165412748145,179.82346802925989,844.426634346251,109.59557163679173,193674.74129922682,445769.49959563115,38245.57401672865,616926.9913101756,0.0,0.0,22112203.122000027,1294616.8062217622
109,125.8665397665396,164.13092300981677,824.1632169383736,106.97207095239118,101052.94686837004,406868.8042783723,37327.808045378355,602158.9823500026,0.0,0.0,21239326.40759998,1147408.5415421233
109,189.43930453137273,201.62841263562694,757.160134082168,106.98909588863042,152092.84382566993,499822.3957632722,34293.120056516025,602254.8178161118,0.0,0.0,20366449.693200003,1288463.1774615701
109,197.5664788056325,176.02790790389835,743.2117628102077,109.08212905740452,158617.8099655994,436360.5778552706,33661.3736806955,614036.7596978834,0.0,0.0,19493572.989599984,1242676.521199449
109,182.47324794479087,174.37971377664957,746.4158007210516,113.11256065755737,146500.09020400365,432274.8226454967,33806.49021786685,636724.5563271501,0.0,0.0,18620696.275199987,1249305.9593945174
109,150.84658517236412,196.54885259109486,993.5697924398228,115.77023554137412,121108.37387737818,487230.5301740233,45000.53112010378,651684.9360712096,0.0,0.0,17747819.56079998,1305024.3712427148
109,147.20237277313035,196.6788698996295,674.9346982158453,119.44307561466553,118182.58913236271,487552.8337709867,30568.98480832141,672359.805887012,0.0,0.0,16874942.846399974,1308664.213598683
109,136.1335449116317,206.6732832194819,1410.7714199612058,118.93432064293722,109295.89314582133,512328.2686637093,63896.32985059008,669495.9613964462,0.0,0.0,16002066.131999962,1355016.4530565669
109,241.044718195932,221.1696684720903,1094.1023431312747,126.26491064591859,193524.65830819763,548263.7695792476,49553.82793971104,710760.7567483557,0.0,0.0,15129189.428400025,1502103.0125755118
109,151.42677633549098,226.29117991961726,687.4312589023989,127.79548807329085,121574.18494114227,560959.6296922663,31134.97611798935,719376.5658831022,0.0,0.0,14256312.714000016,1433045.3566345002
109,289.25267540782335,249.4682115311965,1034.8336600190617,130.9128368304075,232228.79800888215,618413.8312869364,46869.44457868987,736924.5065605418,0.0,0.0,13383435.99960003,1634436.5804350502
109,286.1351566971624,218.6668788557053,1367.181988634688,136.5708151402459,229725.87345709975,542059.5333518184,61922.08750159536,768773.9643758157,0.0,5798.638920023455,12510559.285200017,1602481.4586863294
109,268.7154911031254,262.2065023934648,707.02037544178,139.705708986596,215740.35717132542,649991.142110755,32022.201811799026,786420.6685247294,0.0,0.0,11637682.57080001,1684174.369618609
109,275.28331662592836,261.089292669221,1166.217814312123,141.80018753772217,221013.38783402246,647221.6592107894,52820.06502723931,798210.746642048,0.0,0.0,10764805.862880006,1719265.858714099
109,196.4080292156104,235.05666518878027,626.1571989291631,149.43311057809777,157687.73955063985,582688.6399542189,28359.76569627385,841177.4119541,0.0,4920.10881213902,9891929.149559991,1609913.5571552326
109,250.85904409679648,261.68756733522355,757.5868856344505,152.7876722655008,201404.1674744024,648704.7392637295,34312.44838820965,860060.6534762345,0.0,0.0,9019052.43732,1744482.0086025763
109,245.8420021279052,280.6918168809653,733.544417781998,157.81267323249935,197376.19565235084,695814.9129414909,33223.522546229695,888347.0037511798,0.0,11038.4356021618,8146175.725079993,1814761.634891251
109,243.907390853777,268.6411840973812,603.4080971010866,163.60624906243484,195822.9776910242,665942.2572496602,27329.41868637241,920959.7567329761,0.0,1101.730403511785,7273299.012839993,1810054.410360033
109,252.17572612800433,275.1820387280465,638.123481102725,163.36580804401729,202461.2760561508,682156.5674706433,28901.739755308994,919606.2845820073,0.0,0.0,6400422.300599994,1833125.8678641105
109,191.56275815378638,273.2600432464519,601.1555239040912,166.46956354972545,153797.67535977918,677392.0783111078,27227.395666929777,937077.7071705468,0.0,0.0,5527545.588359995,1795494.8565083635
109,196.30367846552343,308.84612044079716,559.0746038750976,173.1374929753903,157603.96072567356,765607.4152598626,25321.47645950579,974612.3043938441,0.0,4075.45148916787,4654668.876119995,1923145.156838886
109,179.92854529293774,294.2795312983329,505.19245170606797,161.2709272395469,144457.0555551567,729497.8839288637,22881.058600639124,907813.9421309963,0.0,127457.04100098822,3781792.1638799952,1804649.9402156556
109,168.61242121113693,237.5336226954052,434.6782886043269,118.43252089401665,135371.81584240106,588828.8402314606,19687.347584852418,666671.2687129888,0.0,556339.0593768844,2908915.4516399964,1410559.2723717028
109,140.70093000846194,170.52894337966052,350.33832804521893,82.07895647636782,112962.85439202277,422729.0385955296,15867.44177784457,462032.5704094916,0.0,988117.1995029727,2036038.739399997,1013591.9051748884
109,101.48346845221951,100.32047866848497,230.8205650873068,48.87356652226465,81476.80522990187,248687.28239613405,10454.271155793414,275115.3344872603,0.0,1419115.1260555645,1163162.0271599984,615733.6932690896
109,82.29537473384065,68.8792790547625,163.5802552807353,35.07493749141828,66071.49243886801,170746.80014375702,7408.838739268627,197441.14961766353,0.0,1633435.7363529452,789714.6855119978,441668.2809395572
109,125.49452875664532,136.90174133095897,270.38749836402235,73.4591885849461,100754.27488702358,339369.6128524348,12246.327462048064,413510.8337040127,0.0,1269122.4852487152,1662591.3973200019,865881.0489055191
109,158.42034833317092,205.6526619331568,322.7416107465899,117.14111111597184,127189.02952821454,509798.2215843828,14617.537699581364,659401.7637775333,0.0,874869.6355970385,2535468.1106400047,1311006.552589712
109,180.22024724459632,280.49423697530904,338.58788888385743,160.61833738742783,144691.25077397362,695325.1265046048,15335.243630135927,904140.4333567403,0.0,437389.26579143276,3408344.8228800055,1759492.0542654546
109,197.32103493642472,366.29339672169766,383.3884469434802,196.94662030018887,158420.7534141106,908015.0992041081,17364.34004842521,1108636.8189507613,0.0,41732.02452763461,4281221.535120005,2192437.0116174053
109,183.48812527005762,355.22844080013743,396.2169846030619,198.9945274393776,147314.89249076167,880585.8658662267,17945.367181665468,1120164.7408457205,0.0,2594.149699290283,5154098.247359997,2166010.8663843744
109,229.99916631180093,357.7649543714678,327.4720678435761,193.1966189628483,184656.64962416413,886873.7013629011,14831.78845823467,1087527.5988618175,0.0,14293.034530090168,6026974.95959999,2173889.7383071175
109,175.4991663237287,415.6626792420363,351.9895463499322,184.62171029081944,140900.8936199388,1030398.0151030817,15942.228371874233,1039258.3802356664,0.0,4946.379505224293,6899851.671839985,2226499.517330561
109,248.03187891945282,413.32364398133325,273.96545422508285,180.48834876739656,199134.35555310763,1024599.7141964922,12408.37940374069,1015991.178371951,0.0,39387.89255230292,7772728.3840799825,2252133.6275252914
109,228.65522919217887,371.1063664897387,257.4402889159869,182.87010778242737,183577.65907913525,919946.1065891923,11659.925473865529,1029398.3936565106,0.0,10810.066641873098,8645605.096319983,2144582.084798704
109,164.94945709961542,389.96756920402424,294.8889057945493,180.94058302136415,132430.97613687726,966701.6774157474,13356.039488272483,1018536.8607704354,0.0,3902.40967704542,9518481.808559977,2131025.5538113327
109,263.92147619229183,362.9664519277441,329.98992540862736,167.2250729002382,211891.4443866473,899767.8413114861,14945.82667535261,941330.5624963368,0.0,0.0,10391358.520799993,2067935.6748698228
109,202.4154454192495,406.1035041953156,807.5975221139335,171.65209807816595,162510.84115944334,1006701.5047208531,36577.51846215463,966250.8332945458,0.0,12530.196942864568,11264235.235200008,2172040.6976369964
109,156.697932949748,369.6011083852367,281.1853947125339,164.30300659926928,125806.17471589395,916214.6795437695,12735.383263019668,924881.8908525599,0.0,0.0,12137111.94960002,1979638.128375243
109,220.36883233538958,359.16930285430715,314.6008171908638,153.5537733358802,176924.85982960855,890354.9806826354,14248.826778079609,864373.1308996382,0.0,0.0,13009988.65319998,1945901.7981899618
109,235.35422266716313,372.69848310950016,402.9697970400159,159.26085784043514,188955.99896958406,923892.8496737683,18251.213986318377,896499.0135421995,0.0,57845.68626863882,13882865.367599983,2027599.07617187
109,252.23153988955772,348.39047385465193,367.88455411540195,147.58456112609943,202506.08657601764,863635.0354938275,16662.14135337486,830771.6990710207,0.0,0.0,14755742.081999965,1913574.9624942406
109,256.9491559960232,374.2752233792603,394.67217941902186,149.65794970336174,206293.66197640816,927801.4758878333,17875.400225858382,842443.0591240204,0.0,29789.765334239928,15628618.796399977,1994413.5972141202
109,392.58901729527247,371.42756575139197,673.4200119983119,135.03105453468729,315193.1973297264,920742.3365568757,30500.381993714975,760106.461998317,0.0,26880.172407796606,16501495.510799985,2026542.3778786343
109,366.7677251975829,343.37487058465877,757.9944609941685,134.24489611900378,294462.36876114644,851201.7141685416,34330.90819626575,755681.0793041318,0.0,0.0,17374372.2252,1935676.0704300855
109,132.3355739828511,343.67676461155935,346.51411881887486,132.2143263292438,106246.6621493583,851950.0878417736,15694.236586211986,744250.7514876617,0.0,0.0,18247248.92880002,1718141.7380650057
109,244.58211618965214,320.31632637251346,520.774597463919,135.26848005202055,196364.68626300368,794041.2343518625,23586.80150911894,761442.9595217216,0.0,0.0,19120125.64320001,1775435.6816457068
109,129.1199884141437,272.7840068127253,1106.8137209072117,133.5462965747107,103665.00384503056,676212.0180821667,50129.54869484873,751748.5762973524,0.0,0.0,19993002.35760003,1581755.1469193986
109,135.92323313636066,344.84719349503985,2603.1601846678063,127.67977818561255,109127.0426737922,854851.4972263178,117901.7234542723,718725.2206525961,0.0,38100.64877792285,20865879.072,1800605.4840069783
109,100.82227146548416,278.5553645108735,510.0560536568754,92.30472539152495,80945.95800001833,690518.8005132135,23101.33972493303,519594.6849771134,0.0,285716.4376639528,2791494.98856,1314160.7832152783
109,100.83984887660311,334.057066653725,870.2114739117114,118.98557321846151,80960.07016354632,828103.5454971048,39413.41495162972,669784.4684660556,0.0,0.0,3664371.7008,1618261.4990783364
109,190.46347527367166,311.5194920300023,734.2992461967996,125.83644084233077,152915.1074057893,772234.5119820726,33257.710058600824,708348.8473723937,0.0,0.0,4537248.413040004,1666756.1768188565
109,99.77992534422269,323.1138098888253,690.0017487506314,128.6974522104965,80109.10217315871,800975.9956533766,31251.398144191702,724453.8332683216,0.0,0.0,5410125.1252800105,1636790.3292390485
109,94.98158075522689,300.11556448395953,964.219841836237,129.87153794481526,76256.71327212668,743964.9922617814,43671.22000823222,731062.9066897728,0.0,0.0,6283001.8375200145,1594955.832231913
109,112.43706092594431,298.3034625633652,1013.7389454263065,136.63575649634475,90270.98357402877,739472.9213701879,45914.02768928351,769139.5272797844,0.0,5121.662130066659,7155878.5497600185,1644797.4599132845
109,104.15289698614117,316.41298368811704,831.3059523548541,140.9600217406824,83619.97703956346,784365.1273662574,37651.31515060415,793481.3497364211,0.0,3376.3394440379925,8028755.262000021,1699117.769292846
109,109.16360599714434,302.644215695553,1105.352121087011,145.33270669536498,87642.86439629029,750233.3375317128,50063.35025695885,818095.7327151399,0.0,228.1094605892431,8901631.975320002,1706035.2849001018
109,131.56551220944152,301.6041044642088,682.4918339622848,145.3949194871184,105628.4119645351,747654.9762744121,30911.260836562367,818445.9361938409,0.0,0.0,9774508.687559988,1702640.5852693506
109,116.13027820309263,286.7125142763706,896.2389136259143,151.3343887947376,93236.11227283352,710739.7906261424,40592.2436758399,851879.9415574168,0.0,8656.510099961888,10647385.3998,1696448.0881322324
109,123.70575564981255,258.96588210774,598.6306175270599,154.06971385043806,99318.14425167267,641957.8764920987,27113.03819666497,867277.423697125,0.0,13061.047254947829,11520262.108799987,1635666.4826375614
109,250.98333725663187,246.0641590455239,598.3480470873651,159.57356101749676,201503.95722074996,609975.428948435,27100.240082267912,898259.2582976819,0.0,4836.532012559124,12393138.823199995,1736838.8845491349
109,130.21241995164684,260.85172670665787,743.4914904080193,163.1622554767443,104542.07114442081,646632.7502023418,33674.04303776156,918460.462072706,0.0,8052.127162904129,13266015.537599973,1703309.3264572301
109,165.09064389902744,230.52055445393668,964.3286641047936,166.02943456943575,132544.32907536245,571443.9462858008,43676.14876101839,934600.1668507754,0.0,15171.414776096586,14138892.251999978,1682264.590972957
109,136.4566724708441,256.2530168337693,491.8496558982529,171.8334354714328,109555.31866219259,635232.8777536054,22276.739807387225,967271.6038491344,0.0,7088.389285935671,15011768.966399992,1734336.5400723196
109,238.70181997463118,217.64414916354977,563.4133567835663,174.92938604938405,191643.64394239197,539524.259685427,25517.98624348436,984699.0915365957,0.0,12747.986385387718,15884645.67000002,1741384.981407899
109,246.92105238583693,254.32436445400737,515.7103171214078,180.4230405847232,198242.51968561122,630451.8866202316,23357.431305950344,1015623.5505559464,0.0,8590.746552840457,16757522.384400027,1867675.3881677396
109,249.55067597466262,218.89675952089638,534.7861890578212,184.51838759637343,200353.7337803047,542629.3910584458,24221.411245003972,1038676.7640438199,0.0,7224.6385841581505,17630399.098800007,1805881.3001275742
109,249.8651761134829,196.27633175729977,885.006011255257,189.5262728461504,200606.2327039841,486554.9705430053,40083.48568365238,1066866.7678353083,0.0,1806.4579326674575,18503275.813200034,1794111.4567659502
109,252.19383536743197,214.6562063146371,446.61740770020737,191.914207730898,202475.81520224237,532117.3633377077,20228.09138011362,1080308.7478522947,0.0,13506.439909135457,19376152.527600016,1835130.0177723584
109,162.70877392073768,213.7112502250191,418.5356379635311,197.4763493416602,130632.02592624968,529774.884862427,18956.218420047328,1111618.7290670532,0.0,4957.649307415122,20249029.23119996,1790981.8582757772
109,257.9021140447174,187.97094001844303,500.44894319150313,199.24623057426192,207058.7518822807,465966.4991941298,22666.216720227305,1121581.6088394579,0.0,18385.175473711686,21121905.945600007,1817273.0766360955
109,258.7870587005302,166.99259930826386,564.0713395606926,197.4909156133525,207769.2366977938,413962.6948897795,25547.787445839615,1111700.7244071525,0.0,20174.723934017355,21994782.659999963,1758980.4434405654
109,243.75901551437943,154.2299615183732,387.85223226636987,195.24856608637126,195703.85337636096,382325.02977593493,17566.51277133267,1099078.2623269244,0.0,8726.835602714913,22867659.374400027,1694673.6582505528
109,281.44488960448774,177.2373400788855,484.6631600681193,193.287076839231,225960.2554287211,439358.6736063276,21951.250715720813,1088036.7974059158,0.0,444.6682617091574,23740536.088799987,1775306.9771566852
109,239.12147498625583,153.1666334736702,840.4796912909883,186.29275618558268,191980.56728732074,379689.11570093705,38066.80999316522,1048664.9037000819,0.0,14721.68198993872,24613412.792400014,1658401.3966815048
109,297.3568737746339,202.55616055782684,616.0921196191964,182.00739495336057,238735.31775981086,502122.21642384713,27903.900473557853,1024542.0767264368,0.0,0.0,25486289.50679996,1793303.5113836527
109,315.5134378266742,127.63763394178902,1646.8532216979813,177.8318657284955,253312.45880036196,316404.5540626748,74588.89170863327,1001037.5076699355,0.0,0.0,26359166.22120004,1645343.4122416056
109,320.1069787846766,129.98793253833506,1652.1578870904639,175.05243927837054,257000.41948655932,322230.77597222093,74829.14937537449,985391.7733411235,0.0,10554.900541623007,27232042.935599964,1639452.1181752782
109,337.93991045962764,175.17515077175594,587.7413698162244,170.77842576499881,271317.72971371445,434246.6539929531,26619.844931114225,961332.8240766235,0.0,0.0,28104919.65000005,1693517.0527144053
109,134.67711995516794,147.4608516797884,288.1225793832654,165.5942368798452,108126.5908513729,365544.89124049735,13049.580611848658,932150.3853746222,0.0,0.0,28977796.353600025,1418871.448078341
109,335.1812665210594,115.25545274606267,250.3511629356761,162.64753939687876,269102.9306108714,285710.01360022946,11338.84643470922,915563.0617691355,0.0,0.0,29850673.067999955,1481714.8524149456
109,386.4883527086756,131.40043481861352,279.2972453057684,160.39637122969404,310295.2305192095,325732.2679718912,12649.865640820319,902890.9584754265,0.0,528.2874392910162,30723549.782400057,1551568.3226073477
109,304.9433276700121,148.53409988053852,885.7113183427749,155.9036357366564,244826.1622672626,368205.39667192666,40115.43028762745,877600.7962081248,0.0,0.0,31596426.49679997,1530747.7854349418
109,155.4783875208107,155.6967283097227,373.81788942972787,151.8870087059286,124827.05302348429,385961.0396125207,16930.872591472064,854990.7072029395,0.0,0.0,32330696.788799927,1382709.6724304166
109,392.254367543623,266.045619316845,1785.769399194421,146.33300390834262,314924.5211300337,659508.0380341827,80880.65079398511,823726.5291132225,0.0,15559.628055787936,31457820.085200086,1879039.7390714241
109,365.65575528080575,161.00036127330523,784.821522951094,148.77480399287558,293569.6149194366,399108.3659216229,35545.95322444548,837471.7229840498,0.0,0.0,30584943.370799977,1565695.6570495549
109,347.3147964974937,259.38680211995694,417.0324859231707,145.100611365643,278844.43111059634,643001.3070591546,18888.138008701106,816789.2394752756,0.0,0.0,29712066.656400055,1757523.1156537277
109,337.6235670980716,258.60373291665854,1698.5046610918957,136.43169437134196,271063.7509440845,641060.1345818989,76928.27664518243,767990.8364071683,0.0,0.0,28839189.941999964,1757042.9985783342
109,274.7129218418433,178.86305833645392,380.4225966640064,134.3608830593982,220555.44187064684,443388.7127447222,17230.011449856112,756333.9840985512,0.0,0.0,27966313.227600034,1437508.1501637762
109,190.88738088058892,261.8768062659813,961.0664612392102,134.99157496754628,153255.4433747646,649173.8490211621,43528.39783029385,759884.2266450927,0.0,0.0,27093436.51319994,1605841.9168713135
109,322.78563129284225,207.53314121876062,440.07384584990206,135.00930159548003,259150.9968368906,514459.7950671452,19931.72190418793,759984.0120203038,0.0,0.0,26220559.809599977,1553526.5258285275
109,312.5025152604437,217.5038291248606,534.6117148681631,125.73770801752316,250895.11580615223,539176.4163582171,24213.509000731745,707793.0681229001,0.0,0.0,25347683.095200036,1522078.1092880012
109,262.64752721300033,213.27935497954596,449.3629909083337,130.89571557134352,210868.6443735847,528704.2474780953,20352.44369390199,736828.1288813705,0.0,0.0,24474806.380799975,1496753.4644269526
109,247.87130386681744,267.4920363897677,1510.6499473390413,123.35217310285329,199005.43660218987,663093.6023760873,68420.00479893916,694364.5978335165,0.0,0.0,23601929.666400023,1624883.641610733
109,242.80611234673393,282.39237722131713,510.4474509493776,125.09116185339637,194938.80753217242,700030.4802434598,23119.066799745076,704153.5800138388,0.0,0.0,22729052.95199996,1622241.934589216
109,258.6346552377777,238.76118527421224,1021.1125532401406,132.83290435657335,207646.87837243857,591871.8799552196,46247.99141324,747732.8035048337,0.0,0.0,21856176.248400033,1593499.5532457319
109,224.27005097912567,251.17291439631055,580.715067574851,134.4521181700489,180056.9840705592,622639.6676111334,26301.611290077548,756847.5577902157,0.0,0.0,20983299.533999976,1585845.8207619858
109,216.8034642170024,274.8763169478881,3802.2320443579133,134.17687451269006,174062.37583901154,681398.705071201,172209.80623597934,755298.177291756,0.0,0.0,20110422.819599994,1782969.0644379477
109,222.6602475902656,279.14186949303524,496.2009562509591,135.36472915047037,178764.54068866652,691972.7043627712,22473.81788728138,761984.7575691806,0.0,0.0,19237546.10519997,1655195.8205078999
109,397.4562723003315,270.610364168113,1363.269876420564,136.47647298774888,319100.9115032735,670823.7136266498,61744.90102835857,768242.900762346,0.0,0.0,18364669.390799977,1819912.4269206277
109,196.85751269981537,307.46453661345447,804.0300523182544,140.3553032789448,158048.61092067847,762182.5678908653,36415.94145288761,790077.3149235378,0.0,0.0,17491792.68720004,1746724.4351879691
109,446.01833426512854,348.84302221589894,608.2338741149216,129.3435239529133,358089.34700526943,864756.8704731367,27547.986652450058,728090.6507990577,0.0,14269.852811849327,16618915.972800028,1978484.854929914
109,353.5084503978298,296.3819229092634,851.226919334767,118.7883797838967,283817.05512705573,734709.562174364,38553.570937105855,668674.4422991648,0.0,0.0,15746039.258400012,1725754.6305376904
109,406.9336438660821,306.9338113384682,860.6164933097463,119.16959302855649,326709.89421672537,760866.9379408585,38978.841329866074,670820.3386758447,0.0,0.0,14873162.544000024,1797376.0121632947
109,193.8493788128265,312.6645159328568,597.5490894700584,115.58498762855857,155633.50683965217,775072.9442389648,27064.05388035756,650642.1527197204,0.0,0.0,14000285.829600018,1608412.657678695
109,189.39216806735342,335.62640753717454,621.6774084180736,113.8129743348145,152054.99994275282,831993.8291623961,28156.868070118377,640667.2713121566,0.0,0.0,13127409.12599999,1652872.9684874238
109,313.86116708098734,337.81142550645575,640.933570551213,107.09695962459428,251985.92016518736,837410.3322331492,29029.01367067878,602861.9960907979,0.0,0.0,12254532.411599984,1721287.2621598132
109,186.66087625339648,344.005471703618,624.6960413215814,120.53445850006739,149862.16070946853,852764.9291833759,28293.5872869747,678503.3347705491,0.0,0.0,11381655.697199974,1709424.011950368
109,305.27960663620973,363.99563526074456,821.1742096607923,116.7022448859893,245096.14649474,902319.1130913693,37192.43062545628,656931.3316350008,0.0,0.0,10508778.98388,1841539.0218465663
109,197.8790939944777,378.01747691116617,1933.5218166294376,111.16843492361811,158868.79554228415,937078.2544004478,87572.61879607967,625780.832763732,0.0,0.0,9635902.271640012,1809300.5015025435
109,162.8299226133418,369.45046315106606,772.4055169276756,110.05918064543879,130729.29111221257,915841.2407963764,34983.61037777719,619536.7036058219,0.0,0.0,8763025.5594,1701090.8458921881
109,197.59653630776893,356.7416704719608,842.6425894633837,107.64718437462119,158641.94186889968,884337.0538561735,38164.771472325614,605959.2790786859,0.0,0.0,7890148.84716,1687103.0462760846
109,265.0195220525798,363.991482801247,703.9768645769298,117.12847512001977,212773.0191894863,902308.8194416438,31884.355828124597,659330.6341976745,0.0,0.0,7017272.13492,1806296.828656929
109,272.13475185645325,388.8061893075936,728.5223912992744,98.86276884140794,218485.537708393,963822.6998220772,32996.066095015696,556510.7204883466,0.0,0.0,6144395.422680001,1771815.0241138325
109,236.22216615590196,380.85210765795614,720.8213101461279,98.54380001571984,189652.8342636579,944105.1010261027,32647.2705250139,554715.2056238807,0.0,0.0,5271518.710440001,1721120.411438655
109,246.6747125429285,393.8867317221783,1011.9947565314889,96.4563816477594,198044.74379455103,976417.0006363362,45835.030292988034,542964.8701484726,0.0,0.0,4398641.998200002,1763261.6448723478
109,127.26028426750558,365.79383984271016,661.7719689178548,90.06748926002615,102171.92566341307,906776.7334757284,29972.821545401355,507001.00683079095,0.0,85524.80872827535,3525765.2848799964,1545922.4875153338
109,112.84842053406398,263.9751589088029,493.4830815235965,77.78105463520441,90601.24688864927,654375.5149539621,22350.720539536047,437839.1508012372,0.0,395594.457175396,2652888.572639997,1205166.6331833848
109,97.35817627158289,177.5864875524692,348.4898149461974,56.05634683209767,78164.7817777628,440224.185189939,15783.71935404365,315548.09084417555,0.0,735740.1841453587,1780011.8603999973,849720.7771659209
109,72.80504972043748,97.14853581425147,195.85012374029455,31.415810082682633,58452.10994752585,240824.26321196655,8870.398089105649,176843.4700820968,0.0,1091475.480787283,907135.1483759993,484990.2413306949
109,77.30579486555607,111.63331982394965,222.0055989290594,36.533180555009295,62065.568781472844,276731.005477127,10055.02576614365,205649.77969627272,0.0,1022334.6876936656,1045741.563864,554501.3797210162
109,94.4162505845413,193.27205721649594,365.6846264762196,63.34512562054183,75802.83347367238,479107.5891006448,16562.502744248166,356577.52571205975,0.0,657344.9974184181,1918618.2763200009,928050.451030625
109,271.93953807178,430.4123985575953,733.4354747801119,125.45700882189941,218328.8087775179,1066961.5130187315,33218.588325217745,706212.9777266089,0.0,0.0,22063847.50439999,2024721.887848076
109,247.8860202264657,432.01885903094126,1035.9068946210161,111.54016293499096,199017.25174791797,1070943.813489141,46918.05326976715,627873.3355922402,0.0,0.0,22936724.218799956,1944752.454099066
109,306.875630295307,391.5445224368262,843.5895443395716,122.89686020878975,246377.5267116155,970610.8315499421,38207.66073153969,691801.585390183,0.0,0.0,23809600.922399964,1946997.6043832805
109,273.33967641797,438.86983593619453,1746.759425843248,106.46863424915284,219452.9209217648,1087926.8946201259,79113.82018667253,599325.075048773,0.0,0.0,24682477.63680004,1985818.7107773363
109,278.1432017690482,445.7511228941289,829.0322045245341,109.27160897836556,223309.46923860678,1104985.1122011216,37548.33309461156,615103.36554524,0.0,41155.83861349849,25555354.35119999,1980946.28007958
109,122.87879854772912,373.36892809336206,1545.0759564466534,113.11327718139229,98654.21520226638,925554.8347763683,69979.2195677214,636728.5897281998,0.0,0.0,26428231.065599926,1730916.859274556
109,477.917616439566,381.06907655942075,1553.2138745772086,110.07801615389855,383699.9379748125,944642.9513950988,70347.80025613749,619642.7310062938,0.0,0.0,27301107.780000012,2018333.4206323426
109,120.42270992654822,339.9027803993285,2344.1643245194296,107.92739869455592,96682.32502874958,842594.651244954,106171.34341125084,607536.6400499145,0.0,0.0,28173984.483600043,1652984.9597348687
109,127.57759017517309,406.39876732422016,1740.9144367524466,101.21884148545682,102426.6772208009,1007433.4408728096,78849.09030510942,569773.3440222462,0.0,0.0,29046861.197999958,1758482.5524209663
109,135.13107538686307,433.4227597694771,764.1452905740867,100.7799758682024,108491.05255982047,1074423.9828828112,34609.49013387264,567302.9153288357,0.0,9737.503357879817,29919737.912400056,1784827.44090534
109,143.38362986024856,304.2860932254429,1761.6320058220406,101.96607325545015,115116.6811841886,754303.434348983,79787.42560751409,573979.6038262565,0.0,0.0,30792614.62679998,1523187.1449669423
109,152.16393855319782,410.43229388639884,1696.588242952765,103.41335614951944,122166.02145748308,1017432.2643686144,76841.47868215528,582126.5377586957,0.0,44860.72827716626,31665491.34120003,1798566.3022669484
109,159.5942258197463,337.30191404995554,2046.0112557299826,105.80233001503672,128131.48635193356,836147.28981999,92667.46421453444,595574.3663265923,0.0,0.0,32261631.944400046,1652520.6067130505
109,159.73649996877148,329.464113123522,2253.4108807911,110.59785148705139,128245.712277655,816717.9426096583,102060.95962157799,622568.9482180761,0.0,0.0,31388755.24080003,1669593.5627269675
109,159.4541699314514,262.59858753181805,984.9639530415777,109.73130809409909,128019.04137438259,650963.0930904468,44610.75745085366,617691.0685713924,0.0,0.0,30515878.52639993,1441283.9604870756
109,159.31655941686552,323.6198233384311,1016.3251270014556,114.47726689788387,127908.55968445318,802230.3667579463,46031.16042151861,644406.6560898763,0.0,0.0,29643001.812000003,1620576.7429537945
109,158.8939955838292,254.54955941851188,5082.402433184891,113.11003665781719,127569.30096924961,631010.1288104127,230190.98466933327,636710.3484212783,0.0,0.0,28770125.097600076,1625480.762870274
109,158.51067639717368,327.6760997215173,1349.00314204212,119.12744890385271,127261.55012875957,812285.5854306042,61098.73542503151,670583.1041994275,0.0,0.0,27897248.38319998,1671228.9751838227
109,158.09052361261166,343.7908949213448,3453.8943343919163,122.56019259536616,126924.22714289141,852233.008706549,156432.9759851946,689906.4418664163,0.0,31810.93833753164,27024371.679599967,1825496.6537010511
109,157.56927792191385,258.04978189773607,1830.6041392683876,125.68371461040711,126505.74091783784,639686.9296759331,82911.29537608929,707489.1325741803,0.0,0.0,26151494.965200022,1556593.0985440405
109,157.7312724538707,300.2624686604332,951.3899989571166,134.8103708166297,126635.7995089548,744329.157195051,43090.13375929328,758864.2061281292,0.0,0.0,25278618.250799943,1672919.296591428
109,154.1593849319215,250.84373834699065,3182.199722871091,142.41433913861528,123768.08136364925,621823.6637580639,144127.44705915498,801667.8817588115,0.0,0.0,24405741.53640006,1691387.0739396797
109,148.65846200714415,224.5818324035602,2997.291643744291,136.3749300486759,119351.62188938714,556722.2796109978,135752.63350059144,767671.3030330263,0.0,0.0,23532864.821999986,1579497.8380340026
109,144.10243977505,221.38255563784293,950.6143643778063,145.19777145561127,115693.7834090024,548791.5016177179,43055.003898975796,817336.1656063624,0.0,0.0,22659988.11839998,1524876.4545320584
109,205.21628243370162,227.6712222443219,499.3137536536139,148.62782025631543,164759.51530694411,564380.6557866151,22614.801980653192,836644.333400572,0.0,0.0,21787111.40400002,1588399.3064747844
109,145.1817304358154,193.1689338752751,863.1543792437641,148.34079003043777,116560.30045157904,478851.953722702,39093.786667196226,835028.6048540516,0.0,0.0,20914234.689599972,1469534.645695529
109,143.4926823526628,217.51050646059772,1310.7200942880506,158.00980193802306,115204.23484016609,539192.9689953272,59364.82856218396,889456.6655503139,0.0,5158.8552955372725,20041357.9752,1603218.697947991
109,140.2611278217515,236.95184953161137,491.45748387887375,162.0232908883523,112609.75572824223,587386.6662207784,22258.977643826307,912049.0899138548,0.0,4507.538854674669,19168481.26080001,1634304.4895067017
109,130.99451616640647,163.30090821476418,470.90387762140205,159.84874197245958,105169.98327565641,404811.2570410598,21328.06850683608,899808.2858366201,0.0,0.0,18295604.557199974,1431117.5946601725
109,121.73476292681866,177.32233599042618,473.99283108094494,165.0551886548409,97735.71715640112,439569.372384248,21467.972665902118,929116.0164247059,0.0,0.0,17422727.842799973,1487889.0786312572
109,109.88387007366022,178.15836006217683,435.3888784192056,172.39132269894125,88221.13410633679,441641.81618815433,19719.531452882016,970412.0198679293,0.0,2828.7327449212316,16549851.128399964,1519994.5016153024
109,104.13693266255486,180.66359718663048,2693.233321040899,175.49331815584208,83607.15995611816,447852.119612813,121981.29492200915,987873.5349246309,0.0,18303.234868919593,15676974.413999956,1641314.1094155712
109,195.0096357390943,147.0317043460486,372.27678299521415,178.22862238309088,156565.02828880993,364481.0657325672,16861.073158565163,1003270.8998184158,0.0,11012.772365426878,14804097.699600032,1541178.0669983581
109,182.20755401568871,152.96113239342893,831.8774883410098,183.77082665228832,146286.77573178086,379179.6932395117,37677.20102508117,1034468.6512782436,0.0,5091.515503959614,13931220.98520002,1597612.3212746172
109,170.5887306268798,119.69165179414203,525.453139686643,184.28527847574094,136958.51148649325,296707.03335210733,23798.70095140514,1037364.5640498697,0.0,18656.56952111656,13058344.281600023,1494828.8098398754
109,155.29954371697102,142.54270876206579,1743.0287560501633,192.9524118417284,124683.46686118355,353353.1671490886,78944.85156121716,1086152.9268541902,0.0,1288.2486436462495,12185467.567200014,1643134.4124256794
109,146.188057251782,112.85877908962624,1543.0123332436247,193.7012327200307,117368.23789432361,279768.83123825956,69885.7544273008,1090368.1319448873,0.0,14605.527252628235,11312590.852800002,1557390.9555047713
109,138.45192663160398,121.75695725698749,617.0066260027235,198.3735268373746,111157.2242446464,301826.7776923452,27945.32008321646,1116669.0518568882,0.0,7206.575928756967,10439714.14163998,1557598.3738770962
109,161.61411512029883,116.90440919461912,455.37389531391204,198.58885561396508,129753.17045119715,289797.6585499331,20624.68817317402,1117881.1641010281,0.0,22314.651226646733,9566837.429399993,1558056.6812753323
109,130.91420435563242,131.80721513484195,403.91406618848714,196.5247247271494,105105.50430322971,326740.64724517387,18293.98160417961,1106261.9167294845,0.0,11253.785956579493,8693960.716080002,1556402.0498820676
109,129.89820787721504,140.5425373370887,613.2482595674737,191.62696402204747,104289.80349551387,348394.8854243004,27775.097027909098,1078691.817583787,0.0,16836.698212331394,7821084.003840005,1559151.6035315103
109,163.17870449510457,141.05297865234112,511.36431910334113,188.82615394138176,131009.31340433084,349660.23289071664,23160.59337815901,1062925.7121609997,0.0,8605.917268666555,6948207.291600006,1566755.8518342061
109,141.32436135368113,158.30323543861735,274.7369883282087,183.31673924510028,113463.3811779451,392422.3841259674,12443.32354624796,1031912.5372516955,0.0,16200.78111448267,6075330.579360006,1550241.6261018561
109,140.99533467050404,157.54812554052955,272.28990479940995,179.00997806790605,113199.21950324552,390550.5207640866,12332.490810259891,1007669.2473481284,0.0,0.0,5202453.867120006,1523751.4784257205
109,203.3458545135668,172.7814624573008,244.44403760484988,176.1047311011631,163257.8274589657,428312.87207996636,11071.30229306675,991315.2538113672,0.0,10520.054158686195,4329577.154880007,1593957.255643366
109,177.2150649307445,187.6721785277811,258.8600846990497,173.09435760177925,142278.51638678293,465225.89085390395,11724.23053306325,974369.4900550577,0.0,4569.813810637454,3456700.4426400065,1593598.127828808
109,170.54313022351033,179.23069850685576,312.3447962134536,127.91545541427539,136921.90084201682,444300.06639943324,14146.647602571207,720051.8768434242,0.0,234338.03362930845,2583823.730400006,1315420.4916874454
109,140.45863015997293,168.19282986438623,197.02840000932764,76.94305257168791,112768.32204243257,416937.98048662377,8923.764302849426,433121.9338185083,0.0,558461.6120753131,1710947.018160004,971752.000650414
109,93.30220127331758,95.76132317696621,100.30995920276193,36.8078754015522,74908.41017368616,237385.4624262161,4543.215257858825,207196.07087095405,0.0,994923.2345950779,838070.3055959982,524033.15872871515
109,109.47619805375862,122.0266319846118,136.22484240914056,46.424922553110164,87893.8314010805,302495.28202998324,6169.863764789375,261331.6155457081,0.0,864876.8431396529,1114806.4063200005,657890.5927415611
109,156.45668456579313,196.15963875217778,251.14141924351463,82.58966901371377,125612.48654292051,486265.6969400122,11374.6385389422,464907.43427838397,0.0,448807.286926965,1987683.118560005,1088160.256300259
109,201.17206769519942,220.3695120877547,339.1725442644835,119.83207750919937,161512.5855204244,546280.2392038603,15361.723705164972,674549.5455345595,0.0,162292.987567554,2860559.8318799953,1397704.093964009
109,190.2922662178358,238.11704904176196,431.1654664789381,144.2602072697824,152777.65086130291,590275.1123633274,19528.245665112318,812058.5011561922,0.0,1763.3807980408892,3733436.544119996,1574639.510045935
109,181.75592397647878,256.30296010482823,555.3334027005667,141.96898523321272,145924.18098308044,635356.6835459865,25152.030849180184,799160.9296910877,0.0,0.0,4606313.256359999,1605593.8250693348
109,269.60484492370716,246.22656850948437,725.4368952937207,137.75432371479477,216454.38191964323,610378.0303790084,32856.318530148696,775436.0801272254,0.0,0.0,5479189.968600006,1635124.8109560257
109,270.6949593422686,273.9311639277789,652.3261323282661,137.2965583140314,217329.5889017662,679055.7384193353,29545.00291943307,772859.2622211629,0.0,0.0,6352066.68084001,1698789.5924616975
109,282.4233316546329,269.1408077876922,858.724170455269,133.81446482036083,226745.80536669897,667180.7885985264,38893.13468484713,753258.1284305549,0.0,0.0,7224943.393080014,1686077.8570806272
109,274.96073142534186,287.0470715149318,465.3961397816229,132.8577168679854,220754.39775456325,711569.1340619795,21078.613330213077,747872.4761921847,0.0,0.0,8097820.105320016,1701274.6213389407
109,315.23010549646654,289.2094547943713,972.2184507645967,127.29522817486126,253084.98319831814,716929.5273575467,44033.49113678004,716560.5412079985,0.0,0.0,8970696.817560017,1730608.5429006433
109,201.8081283145408,314.95883263350873,573.1175866991161,130.54713757808213,162023.25181895448,780760.3910376057,25957.5079596579,734865.9403603566,0.0,0.0,9843573.529800003,1703607.0911765746
109,216.3174014365929,312.73069241058704,754.6181851185224,132.5271023886702,173672.13649172735,775236.99098818,34177.990697396366,746011.4065069654,0.0,0.0,10716450.24204002,1729098.524684269
109,228.5695534609072,330.47396935291016,599.3876365018804,127.21374136747504,183508.8736407164,819221.3038837533,27147.324923369153,716101.8419178588,0.0,0.0,11589326.95320001,1745979.3443656976
109,206.46169465321398,342.6765972673522,567.6202266256543,124.52322272587067,165759.40435673474,849470.7446201949,25708.522810404564,700956.5806099493,0.0,0.0,12462203.667600028,1741895.2523972834
109,308.8077181903206,328.9184090610769,1371.9672148843924,131.1654707185345,247928.71875806386,815365.181318213,62138.81885192937,738346.6138790901,0.0,0.0,13335080.381999971,1863779.3328072964
109,304.96880047148716,315.7879353589298,592.273925037044,123.70590259716633,244846.61330737878,782815.6773196175,26825.13236418646,696355.7847893859,0.0,0.0,14207957.096399974,1750843.2077805684
109,311.64665400830614,371.4547151885618,649.8947273491023,136.08708443102054,250207.98083128617,920809.6380673746,29434.88029265538,766050.984545611,0.0,0.0,15080833.799999973,1966503.4837369272
109,248.10497486528757,397.5174342143891,687.2012267141052,125.14914820290389,199193.04121130108,985417.2521100207,31124.55755381127,704479.9923278079,0.0,17211.713323974982,15953710.51439998,1920214.843202941
109,303.8195952309045,369.9879003535313,921.3041992367006,136.45447873627828,243923.9647914757,917173.509133944,41727.49474098417,768119.0924078365,0.0,0.0,16826587.228799995,1970944.0610742406
109,297.99811582952265,425.20325867930495,1742.0701611977252,126.46672944271418,239250.14401484752,1054048.4283011612,78901.43510691576,711896.8196497799,0.0,7350.548129219678,17699463.943200003,2084096.8270727042
109,216.4515180131643,369.8502222749188,939.2684723215721,122.57167767590634,173779.81304589,916832.2150365663,42541.128404323186,689971.0928014567,0.0,0.0,18572340.6576,1823124.2492882363
109,313.4435916831134,426.5671450885805,722.9809781599922,135.40724393646127,251650.666454605,1057429.4050381302,32745.08570458809,762224.0785437039,0.0,0.0,19445217.361199997,2104049.235741027
109,305.6667750464455,375.95148730186827,848.2262771026262,115.46961590563362,245406.98771482304,931956.814110148,38417.66654953771,649992.7110603234,0.0,0.0,20318094.07560004,1865774.1794348322
109,323.65021027588944,380.9221051686409,876.7637614146071,112.28564583008064,259845.13091096166,944278.6198423776,39710.17962777579,632069.7507636949,0.0,0.0,21190970.790000007,1875903.6811448098
109,164.88914226965105,379.3248356026678,623.6511167798353,110.5118640254504,132382.55189863994,940319.1029731595,28246.26080853624,622084.9141902077,0.0,0.0,9449050.962960007,1723032.8298705434
109,157.33572023495705,334.423966583738,827.8483725744495,113.2499618192584,126318.22728177125,829013.0641489025,37494.71525425841,637498.0044147394,0.0,0.0,8576174.250720015,1630324.0110996715
109,175.86559733092608,347.19759325491503,792.0099659402783,120.11008449576224,141195.08565199055,860677.9699125123,35871.53050638511,676114.4811539643,0.0,0.0,7703297.538480015,1713859.0672248523
109,170.59926541027986,331.41238577892034,754.412827408235,117.58172882859292,136966.96942066043,821547.5710012733,34168.68968391663,661882.055231883,0.0,0.0,6830420.8262400115,1654565.2853377333
109,189.85048560947115,319.55771290499126,1604.9347996639563,120.04251032039019,152422.96380605095,792160.685892254,72690.3323224671,675734.0977855496,0.0,0.0,5957544.1140000075,1693008.0798063218
109,243.32775912518233,309.02735250831876,1170.3391161131071,121.40818312628377,195357.61577369855,766056.676576726,53006.72606641513,683421.6384650784,0.0,0.0,5084667.400679992,1697842.6568819182
109,247.33657218064678,318.0868049459334,546.3067805170305,127.14337634523461,198576.12303901682,788514.4103974795,24743.19918423779,715705.7485281721,0.0,1649.4699338437058,4211790.688439994,1727539.4811489063
109,175.77202029533393,302.40584249336484,744.1382327677119,127.94150844883218,141119.95658891046,749642.4274340435,33703.33514175414,720198.5325885749,0.0,0.0,3338913.9761999967,1644664.251753283
109,166.92938455915507,264.46287728839394,402.52000846921317,91.40120227543103,134020.57655604504,655584.5338901252,18230.842267359236,514508.6419074325,0.0,313509.2783218987,2466037.2639600015,1322344.594620962
109,130.9167807474321,192.10403122004845,245.24315518963454,58.377586696399675,105107.57277976151,476212.1363009782,11107.495740186774,328614.6363642715,0.0,707625.9823264935,1593160.551720003,921041.8411851979
109,76.6258534839565,97.75679145836098,106.32086205315423,26.047236999768266,61519.67246593234,242332.08539486869,4815.4596666937305,146623.1099871886,16828.095100604376,1171725.6111564415,720283.8395880001,455290.32751468336
109,112.49303338094329,153.29261474114261,197.2053946916875,46.61443305434323,90315.92150218342,380001.4142411391,8931.780704688766,262398.393533188,0.0,896542.3380220925,1232592.872759998,741647.5099811992
109,165.02446089538094,221.9205033643579,384.5232449394408,82.6388232526957,132491.1935274759,550125.0355078449,17415.737054373687,465184.12955276755,0.0,490474.4018627888,2105469.585000006,1165216.0956424621
109,201.5064101153356,247.2493911688226,673.2630635110304,133.07060624858653,161781.01497658115,612913.5345043881,30493.27351946394,749070.8567754021,0.0,124432.39784492285,2978346.2972400067,1554258.6797758355
109,219.03207973994373,233.01188717260322,1445.029074897055,158.71501625185576,175851.6374366334,577619.7816842456,65447.91956152206,893426.4039107608,0.0,6243.539998211083,3851223.0094800075,1712345.7425931618
109,247.80385537617082,236.67281496159208,1045.1231234267136,161.75277860881735,198951.28504805718,586694.959504127,47335.47255358249,910526.342924779,0.0,12630.249807809945,4724099.721720007,1743508.0600305458
109,261.3003963160655,226.24305770629252,1719.1847402647077,167.08741196532074,209787.08967918225,560840.3381715972,77864.91396393294,940555.6521132693,0.0,8211.012160466518,5596976.433960007,1789047.9939279817
109,256.69788604597164,210.99253403401946,963.5815376866576,170.55402693647832,206091.92790983833,523035.38211961894,43642.31008568244,960069.6553913825,0.0,6725.416378061083,6469853.146200007,1732839.2755065223
109,264.5626741008992,213.27205544910402,1603.6205387724908,174.45372994062683,212406.23519849285,528686.1524648691,72630.80712494566,982021.5646284246,0.0,12975.626142032212,7342729.859519989,1795744.7594167322
109,207.2510948480353,197.86982986512842,1800.6501473627031,179.17294824015184,166393.18054612647,490505.1382375678,81554.6261665584,1008586.6265500005,0.0,8533.56618875952,8215606.571759986,1747039.5715002532
109,261.1533665651472,202.04497476015123,724.4212656948308,183.0111499727392,209669.04568087123,500855.0234388182,32810.31887142406,1030192.3375432694,0.0,8811.799855910707,9088483.283999983,1773526.725534383
109,273.29013883507605,175.85218731966023,1017.354419819735,188.3983722402236,219413.14928156993,435924.97911077447,46077.77891158657,1060517.6761984914,0.0,697.1969177750871,9961359.996239997,1761933.5835024223
109,178.46189434093773,179.99688121699307,689.87845792026,189.77705997946208,143279.54323931958,446199.3784694305,31245.81408468107,1068278.4795432051,0.0,14928.10431527556,10834236.712799998,1689003.2153366362
109,175.7380835365191,191.77407703818838,794.8325388968187,196.13904148755705,141092.71019370676,475394.2035130658,35999.3698218877,1104090.8581999573,0.0,4376.091062398395,11707113.416400015,1756577.1417286177
109,173.1516970045008,184.5506764583271,655.2634278062878,198.62310952165856,139016.2093120118,457487.9107630026,29678.03822060006,1118073.9835726395,0.0,13049.514742549509,12579990.13080003,1744256.1418682542
109,198.17811048279682,180.5738092367271,937.9480043588644,199.35240954806028,159108.86329470607,447629.54171496246,42481.32207757989,1122179.3033800996,0.0,0.0,13452866.845200013,1771399.0304673482
109,175.44861828798904,133.8874466573043,902.4776948994987,195.61237124368643,140860.31072968556,331897.39221830614,40874.809101026636,1101126.1664326612,0.0,17472.87130746292,14325743.559600022,1614758.6784816794
109,250.83655028295738,168.41143828604132,1315.1098936233993,191.10489713637125,201386.10813806913,417479.89510876156,59563.65032901353,1075753.0386875896,0.0,0.0,15198620.27400004,1754182.6922634337
109,274.90016378050444,153.6364454206496,957.3111328773025,189.17597755783711,220705.7705419057,380853.74587298435,43358.312374695146,1064894.9124486197,0.0,12019.437269796967,16071496.977599975,1709812.741238205
109,295.35507059272356,160.11743906352433,1435.8836569762716,185.73897329651382,237128.15424393336,396919.6649920431,65033.707427777576,1045547.5915086318,0.0,10671.183553964715,16944373.691999983,1744629.1181723857
109,294.68019017820524,164.62960415847914,658.8109808193173,181.05379916620439,236586.32116583874,408104.99913398945,29838.713163596294,1019174.168414904,0.0,12502.226259889198,17817250.40639998,1693704.2018783286
109,324.12752328088493,101.69111377286269,726.184647738644,176.29384312722115,260228.34543185704,252084.98866496902,32890.18555934377,992379.788732935,0.0,9218.248882841319,18690127.120799977,1537583.308389105
109,127.6916554230886,175.640323292067,1120.8336280757767,173.6662588963318,102518.25540717605,435399.7833585316,50764.53505780036,977588.792985873,0.0,10897.360325031215,19563003.83520002,1566271.366809381
109,132.65368149704491,111.7766200345218,605.4564788711186,166.9244170260075,106502.0572828853,277086.2364370165,27422.193515367388,939638.1334945192,0.0,0.0,20435880.538799983,1350648.6207297884
109,137.35625720613746,125.18229300101603,1343.324243543356,162.61003838836433,110277.55738129784,310317.9397041588,60841.52807979409,915351.9639664745,0.0,0.0,21308757.253200028,1396788.9891317252
109,142.24582447720573,175.00234488394764,602.1472218823152,161.37748737194326,114203.18513406727,433818.2805721772,27272.311420277332,908413.782260402,0.0,0.0,22181633.967599977,1483707.559386924
109,146.50828757198715,180.20057661576803,1780.835008515271,159.37858140918658,117625.33733944505,446704.32477581064,80657.16352313061,897161.694031853,0.0,0.0,23054510.68200004,1542148.5196702392
109,151.6084080512664,188.4461830319125,612.0065687359049,150.23446514406874,121720.00940058882,467144.5925910725,27718.858656601184,845688.335652692,0.0,0.0,23927387.396399993,1462271.7963009547
109,156.293984421643,197.22620969587362,749.71460944181,147.16376865571283,125481.86144547383,488909.6499293805,33955.89909243944,828403.006350644,0.0,0.0,24800264.11080007,1476750.416817938
109,160.85019122051466,184.84051521644088,522.8552788286992,143.74295469934188,129139.84810675553,458206.4002882228,23681.03924381988,809146.8226343002,0.0,0.0,25673140.814400032,1420174.1102730986
109,165.71944857939252,249.13489080603202,528.9572366158814,137.7433291012256,133049.16988590173,617587.5530792597,23957.40769159783,775374.1900912639,0.0,0.0,26546017.52879996,1549968.3207480232
109,170.26602040912744,219.52883286169777,1523.9227698018344,135.51104524681043,136699.42103601375,544196.2556057969,69021.15437578151,762808.3889235064,0.0,0.0,27418894.243200053,1512725.2199410987
109,174.73803454448273,225.98860037238714,870.965737061888,140.61097770807004,140289.8129515528,560209.5566632294,39447.5768621674,791516.5378224147,0.0,0.0,28291770.957599986,1531463.4842993643
109,178.8416988538586,302.1259810917088,618.9710251273967,134.33950362157216,143584.47229620593,748948.6710609763,28034.29118984108,756213.6366058841,0.0,18816.793553163356,29164647.67200008,1676781.0711529073
109,182.9927759590108,237.09285210933248,615.8213720683696,129.2676613049191,146917.19737891268,587736.2015133699,27891.637838683702,727663.6105958733,0.0,0.0,30037524.37559994,1490208.6473268396
109,188.1510827477989,279.300584513783,626.034720295036,125.7665040406531,151058.58477881266,692366.1475331895,28354.21842256593,707955.1644890757,0.0,0.0,30910401.09000004,1579734.1152236438
109,192.51280982697972,286.22628074229374,627.9312698990409,127.42673325253696,154560.43185909573,709534.4525156751,28440.116504537873,717300.7995113299,0.0,0.0,31783277.80439995,1609835.8003906384
109,375.64814513045496,340.37437814816303,856.8615491419202,122.22519825701563,301592.0841351437,843763.7082919141,38808.77327509604,688020.7174144334,0.0,33986.659433846944,32143845.481199946,1872185.2831165872
109,187.08921859674433,295.8882150467404,388.1418295347119,130.60511975643408,150206.05874737512,733485.6957389358,17579.629143212616,735192.3291943765,0.0,0.0,31270968.766800024,1636463.7128239
109,180.3154825899763,253.04419773143223,2003.302826455277,131.0591032501331,144767.71122418164,627278.4449911977,90733.12400482688,737747.8582790771,0.0,0.0,30398092.06320005,1600527.1384992832
109,173.25208242977723,328.3912092363888,395.8254357202106,135.47764201748464,139096.80454459414,814058.2907070284,17927.633241058713,762620.3580253576,0.0,0.0,29525215.348799948,1733703.0865180388
109,163.68873309878185,304.33913672528234,636.1968707852966,128.25257474906866,131418.79390235952,754434.9253864952,28814.480170521445,721949.5631625005,0.0,0.0,28652338.634400032,1636617.7626218768
109,152.99027867694204,258.68255551884465,469.7672103372729,135.03962518421818,122829.45516095034,641255.5301680168,21276.586837524203,760154.7072417124,0.0,0.0,27779461.919999942,1545516.2794082037
109,141.5382136682164,275.76236686110036,402.91660586686436,123.36190342969779,113635.07419992294,683595.1593536037,18248.80486411988,694419.3710435559,0.0,0.0,26906585.205600005,1509898.4094612026
109,360.71087628359874,356.9317414499884,362.0879361153377,134.48963516442757,289599.57970990334,884808.226199203,16399.60228396264,757058.7455792784,0.0,0.0,26033708.501999978,1947866.1537723476
109,142.83873642331824,288.2988352274055,348.89430801920753,122.34547593908084,114679.20917905383,714672.1666629888,15802.039559889643,688697.7753229789,0.0,0.0,25160831.787600033,1533851.1907249112
109,306.4698946032587,320.27623523714834,582.5550690784486,135.84680911611449,246051.77860248968,793941.8512983279,26384.948208685302,764698.445160148,0.0,0.0,24287955.07319997,1831077.0232696508
109,147.00082330204825,323.54216962274916,565.9523982186374,139.811437831136,118020.77354554842,802037.868757765,25632.9839154985,787015.8292322528,0.0,0.0,23415078.358800013,1732707.4554510647
109,287.24193438923805,397.0211981101909,320.6481105983181,129.99206158836424,230614.45868014527,984187.1183445341,14522.719379530683,731741.3491458496,0.0,27892.861676470842,22542201.64439995,1961065.6455500596
109,334.4147310185718,329.4352415238541,607.9589030551102,127.67734318177244,268487.51152054546,816646.3719816556,27535.53272739283,718711.5137156235,0.0,0.0,21669324.940799996,1831380.9299452174
109,239.54717754799336,359.7840453359758,594.6110582769892,126.51613407115023,192322.34595568472,891878.8832713066,26930.985257356366,712174.9243972861,0.0,0.0,20796448.22640003,1823307.138881634
109,269.985483060202,339.91897274493834,576.0114580551199,107.56333940831452,216759.98025780864,842634.7909101428,26088.576505626515,605487.3054211051,0.0,0.0,19923571.512000002,1690970.653094683
109,172.02343266030385,371.18354397177063,410.8119445978796,111.91778858678981,138110.3733603833,920137.4240402596,18606.3987029949,629999.0369661779,0.0,0.0,19050694.79760002,1706853.2330698157
109,159.9406933144193,363.4000171737366,934.0200530610883,106.08618412129044,128409.65052007347,900842.618507512,42303.418224263485,597172.2161039766,0.0,0.0,18177818.083199997,1668727.9033558257
109,275.03673708739876,376.7473828870605,438.37691777940574,107.80832085844507,220815.41950143717,933929.7822695863,19854.865034115996,606866.3362222466,0.0,0.0,17304941.368800003,1781466.403027386
109,151.70923203043685,398.3391813966722,400.9811487953739,103.4886211200606,121800.95672963328,987454.3045273441,18161.14459421236,582550.2135617736,0.0,0.0,16432064.665199976,1709966.6194129633
109,188.90363448546483,419.5268766563594,844.2713829516994,110.17804679900165,151662.7768929608,1039977.0837674746,38238.5424068054,620205.8158463163,0.0,0.0,15559187.950799964,1850084.218913557
109,234.92256382142241,399.78958317700096,1124.0720088123164,109.33564799883077,188609.43825150278,991049.7466735526,50911.207042216825,615463.8490906243,0.0,0.0,14686311.23639998,1846034.2410578965
109,190.0485773003557,447.5859196655602,1118.3047000345277,113.55809037569672,152582.00328668777,1109533.4420026997,50649.99543925855,639232.4980664558,0.0,2687.089315644698,13813434.521999976,1951997.9387951018
109,220.1864380035874,389.3211701090714,733.8900053870985,102.68276622937725,176778.42309785375,965099.300349761,33239.17481937284,578013.9569802625,0.0,0.0,12940557.807599967,1753130.8552472503
109,213.05841963090907,376.9049140857194,993.7684847717262,116.89478898299423,171055.6371753435,934320.2908298231,45009.53024682158,658015.1861072731,0.0,0.0,12067681.104000013,1808400.6443592613
109,259.58956068482837,402.890840723786,526.2110410094285,102.23454426634409,208413.53176248263,998737.542042523,23833.027641207398,575490.8602623623,0.0,0.0,11194804.389599998,1806474.9617085755
109,262.2894224787376,388.82338460033594,663.0720960781865,108.77890663073134,210581.13715560696,963865.3257213837,30031.706601271395,612329.883255784,0.0,0.0,10321927.675200019,1816808.0527340462
109,220.68694801686146,302.10587576429185,1208.33996752542,135.8987276411842,177180.26152029933,748898.831394107,54727.85175842211,764990.700941893,0.0,0.0,24180088.528799962,1745797.6456147213
109,213.58925923754146,265.4495438049378,1165.1420301824464,145.36149784570986,171481.8259516787,658030.4095267575,52771.34086354755,818257.8016518073,0.0,0.0,23307211.81440002,1700541.377993791
109,174.1619783912786,334.0208205831857,1633.2859295817682,147.94952916901707,139827.32171320694,828013.6940839179,73974.40508098334,832826.1492032553,0.0,0.0,22434335.099999957,1874641.5700813634
109,199.1241319807476,318.4176727794676,1145.7342139566686,134.00137461214075,159868.38413595644,789334.608062463,51892.32658122246,754310.2667037266,0.0,0.0,21561458.396400005,1755405.5854833685
109,142.17415252754952,332.6469265356663,712.4540675435467,150.75062355306704,114145.64274246743,824607.9091284166,32268.30332613973,848593.8550048615,0.0,0.0,20688581.682000037,1819615.710201885
109,168.1238634485088,341.52039369774684,748.5343785214807,135.14697173274388,134979.57337891107,846604.5987700337,33902.44434908541,760758.9742045143,0.0,0.0,19815704.96759999,1776245.5907025444
109,366.10422657945304,299.42171466020295,537.9565107827688,141.22244494030906,293929.67364829534,742244.9882371668,24365.000716553735,794958.5622969086,0.0,0.0,18942828.253200028,1855498.2248989244
109,279.50363139002644,321.46714790062174,1421.281418696156,137.37484359625532,224401.70091878064,796894.0385065752,64372.34626004932,773299.9397312573,0.0,0.0,18069951.538800005,1858968.0254166625
109,287.8267571220941,319.19123826392047,1367.9846646721608,147.6719499007956,231083.98823629523,791252.2215012879,61958.44211732392,831263.6212631532,0.0,0.0,17197074.835199997,1915558.27311806
109,146.60468623787207,359.1747055664533,520.5835656185601,146.54288328256433,117702.73177072058,890368.3736191428,23578.149339369604,824907.9659992472,0.0,0.0,16324198.120799985,1856557.2207284803
109,140.25542675617436,352.6120576511646,975.3489893900618,148.72872278896685,112605.17858265669,874100.0394062549,44175.27876147421,837212.3262031509,0.0,0.0,15451321.40639997,1868092.8229535366
109,133.4879728453678,350.07749711334094,531.3403279493353,152.34195470423705,107171.87468988792,867817.0453397817,24065.3421080114,857551.6543448112,0.0,0.0,14578444.691999987,1856605.9164824921
109,234.05689494285676,394.8600808322045,443.4787428659061,153.13378895782355,187914.42914619524,978829.8633759072,20085.935705065654,862008.9870306647,0.0,4263.798780696234,13705567.977599977,2048839.2152578328
109,240.60512684225415,350.10237371359966,1192.1438896733175,151.1115114176204,193171.7289133847,867878.7126503418,53994.3027808335,850625.3373097952,0.0,0.0,12832691.263199976,1965670.0816543552
109,231.67995138118337,360.6958984963429,509.40766186560757,158.4806272783335,186006.08120962355,894139.3019555653,23071.97291527055,892106.9994670247,0.0,0.0,11959814.559600012,1995324.355547484
109,211.423543595273,359.45829696762905,446.5257482008702,158.36903492117708,169743.0640206994,891071.376393904,20223.939959464806,891478.832323722,0.0,0.0,11086937.845200004,1972517.21269779
109,222.73527187035438,369.5140642253502,526.5205362656877,163.40433947591208,178824.77452526605,915998.9033048804,23847.045228111503,919823.1827649787,0.0,0.0,10214061.130800026,2038493.9058232368
109,236.82930140397067,405.02771093683924,990.1273788552264,169.07152685772573,190140.27759910512,1004034.690273579,44844.61812755849,951724.4795823365,0.0,693.2854930144968,9341184.418560013,2190744.065582579
109,186.48621042932518,402.4315625371735,961.5161896544133,170.12561723202631,149721.92887126646,997599.0243080738,43548.76682469961,957658.0843208692,0.0,0.0,8468307.706320023,2148527.804324909
109,225.4679490646774,416.1421725972993,424.61649501540745,176.054495470658,181018.72602213355,1031586.644792952,19231.63117824714,991032.4712507104,0.0,4303.347874774248,7595430.994080021,2222869.473244043
109,242.66361376170534,396.447695245748,372.6351043743663,176.79414124625583,194824.4014162307,982765.445813684,16877.302166830337,995196.0285565393,0.0,0.0,6722554.281840018,2189663.1779532842
109,192.6154036576509,376.2989746770056,774.5211383615494,182.2505531946878,154642.80012741443,932818.210428595,35079.430609931806,1025910.8444603323,0.0,0.0,5849677.569600014,2148451.2856262736
109,182.68735586264913,381.95317847800607,642.7677126963115,184.61227555777114,146671.9884391308,946834.5767383225,29112.085208589084,1039205.2709595673,0.0,30532.229242263595,4976800.857360007,2161823.9213456092
109,182.41606881202713,356.21848957656874,315.1602409473031,188.76519097221973,146454.18348506253,883040.1258829073,14274.164068275555,1062582.5440878305,0.0,27469.932596713537,4103924.1451200005,2106351.0175240757
109,177.87656847823374,291.744788267772,279.0642638239145,141.88662054961543,142809.60974139217,723214.4374759634,12639.313497926732,798697.2887274701,0.0,488101.4975730791,3231047.4328800007,1677360.6494427524
109,165.63625395650186,214.74152822437827,248.3648170730719,103.05949429663579,132982.37642496845,532328.8702418214,11248.88132155304,580134.6057401061,0.0,905324.9257873085,2358170.7206400014,1256694.7337284489
109,132.3083505290949,139.4315350585541,190.42968122196876,62.75554244856741,106224.80558421317,345640.7903377158,8624.896671805438,353258.6893121848,0.0,1329574.8944114563,1485294.0084000018,813749.1819059192
109,76.24811633015534,62.630703501825565,98.58571971490248,26.192406180865003,61216.403204664966,155257.02882556088,4465.12140544671,147440.28521413825,0.0,1722605.5267843157,612417.2956199994,368378.83864981076
109,127.04504472067902,127.24459241873605,189.75498421022283,55.76545633137868,101999.11889101923,315430.23227380175,8594.33845223723,313910.6323344101,0.0,1317929.331837181,1340459.4171600023,739934.3219514682
109,165.34840462839082,195.49917183475526,261.67102384649496,90.87087856485668,132751.27431543518,484628.4467495588,11851.54293279987,511523.3843254076,0.0,881820.5394906752,2213336.1294000023,1140754.6483232016
109,183.8147522442942,262.3340598306588,306.2719407346522,135.9921262729244,147577.12754016023,650307.347862823,13871.597249751383,765516.4533606397,0.0,408728.21080169,3086212.8416400026,1577272.5260133743
109,193.9906128516048,294.355028274375,664.3427773815879,182.25575733384804,155746.89770463615,729685.0355259276,30089.258002262595,1025940.1392015937,0.0,10442.119317951147,3959089.553880002,1941461.3304344201
109,195.58640826797327,304.042572490085,371.1870371984253,176.7680049492263,157028.09467503178,753699.7638852145,16811.716646305485,995048.9041166591,0.0,16727.83674126549,4831966.266120001,1922588.4793232107
109,199.00603916646992,287.32395220616337,453.798338192399,174.12225717741836,159773.5723860754,712255.5014673612,20553.328407793026,980155.6635573013,0.0,11216.939928136067,5704842.97836,1872738.065818531
109,198.98546513301125,271.04690611490525,821.5110817699843,167.69266312175668,159757.05436060316,671905.8698507886,37207.68815839312,943962.6855303172,0.0,0.0,6577719.6906,1812833.297900102
109,196.75221675697185,256.11432089716874,400.80256250843655,162.20584988637415,157964.07324023254,634889.0604591668,18153.056105790012,913076.7370322937,0.0,0.0,7450596.40284,1724082.926837483
109,213.04656920438228,281.879804883076,499.0032276774328,159.32054296627373,171046.12296668725,698759.850123663,22600.737710622976,896834.9884776796,0.0,13423.77779110556,8323473.115079999,1789241.6992786527
109,222.05713481340786,241.44410349172438,583.4258296133173,159.26315571478608,178280.32682604276,598522.6420853426,26424.386491577636,896511.9485603627,0.0,1817.9987529274076,9196349.827320008,1699739.3039633255
109,240.20590382688485,242.29045179716024,521.864455283162,150.37066032858363,192851.2095582362,600620.678925208,23636.16309507346,846454.9951459437,0.0,0.0,10069226.53956,1663563.0467244615
109,221.0955130446419,223.73661947015384,470.7936576490171,149.75042977682864,177508.28118399353,554627.0572770863,21323.076449574368,842963.6408649428,0.0,8377.763935348717,10942103.25719999,1596422.055775597
109,270.02725791742523,256.2694724182803,833.2566571082189,145.78513679494347,216793.51953230723,635273.6699691789,37739.66601496001,820642.5175527256,0.0,14538.412832244881,11814979.960800016,1710449.3730691718
109,259.82313193262246,210.67224547420003,476.40108108335124,141.6429410142969,208601.0562859747,522241.40971656376,21577.04656287734,797325.586565396,0.0,7837.374345202465,12687856.67520002,1549745.0991308119
109,278.82189606827103,220.01052451781598,506.44130056626085,135.37557504173114,223854.3643241986,545390.334726061,22937.621171708655,762045.8104289235,0.0,0.0,13560733.389600007,1554228.1306508917
109,275.11151279203267,213.88558938560897,1188.2982046368086,133.45659541871962,220875.45376726694,530207.0591566266,53820.12491181982,751243.6374256796,0.0,0.0,14433610.104000023,1556146.2752613928
109,147.2529642094576,200.31762775258198,928.9224841084757,129.70909614050285,118223.20686712091,496573.0539070836,42072.5403211364,730148.5017361715,0.0,8356.631890975172,15306486.818400033,1387017.3028315124
109,176.17568937992064,236.47933294288015,782.3166363585808,124.37413300345625,141444.04550589193,586215.3314355151,35432.502485588055,700117.3361723253,0.0,0.0,16179363.521999966,1463209.2155993204
109,187.55671352623446,229.6888167574365,624.1634827928509,120.51517002368016,150581.39074870464,569382.1280991813,28269.466770401257,678394.7575577401,0.0,7346.564510723809,17052240.236399975,1426627.7431760272
109,207.90195817316828,226.6453643849477,969.4080349165072,117.89215834806467,166915.7313140687,561837.6276177051,43906.20243819569,663629.5012883373,0.0,0.0,17925116.950799976,1436289.0626583067
109,228.69783479258228,208.43271811049712,1363.5903413881265,108.92148709348847,183611.86532236595,516689.78176060575,61759.41545286647,613132.4862678827,0.0,0.0,18797993.665199976,1375193.5488037209
109,137.170684606199,180.91135874055072,976.7146420991602,108.5213298718048,110128.56895183446,448466.30276210076,44237.13158520401,610879.951907804,0.0,0.0,19670870.379600015,1213711.9552069432
109,262.70052426351964,137.06476857278616,992.466437906179,106.44073372186223,210911.19347472183,339773.74571009906,44950.55824411102,599168.0195391361,0.0,0.0,20543747.083199974,1194803.516968068
109,347.4090037757373,143.7650570261025,1438.886076627233,105.78003316391212,278920.0661689734,356383.28095994325,65169.692317784065,595448.854601305,0.0,0.0,21416623.797600023,1295921.8940480058
109,263.70476022444376,202.06151877054972,693.3686709177175,106.37013624913759,211717.45225796005,500896.0348558344,31403.89199707633,598770.6176570011,0.0,0.0,22289500.511999987,1342787.996767872
109,263.7951383091571,146.2248057624362,873.4740072794082,98.62954766796634,211790.01301802814,362480.82192799996,39561.180851378835,555197.8897353123,0.0,0.0,23162377.226400033,1169029.905532719
109,259.78750862560645,105.93891525526108,1430.4314468038624,97.08466821350322,208572.45583220958,262614.9843431872,64786.76719730382,546501.5727259225,0.0,0.0,24035253.940799985,1082475.7800986231
109,259.32131542033216,134.2204022771045,666.8380578721852,94.1596527341471,208198.16893046143,332722.76535593095,30202.27366379431,530036.2997932242,0.0,0.0,24908130.644399945,1101159.5077434108
109,296.57076021631417,149.17613008172876,1575.1339737793778,88.66687464531223,238104.1802725268,369796.9435631438,71340.60027261215,499116.7743993554,0.0,0.0,25781007.358800024,1178358.498507638
109,236.1426775921887,123.92280577922065,3080.5128153278397,94.32731470992609,189589.0162416446,307195.7610766425,139521.867378466,530980.0897359168,0.0,0.0,26653884.07319997,1167286.7344326698
109,235.5668485627571,167.40870095998304,1697.7307226395653,100.99084387277887,189126.7073514157,414994.18108621734,76893.2236054522,568489.9173370744,0.0,0.0,27526760.787600044,1249504.0293801597
109,236.07972949082358,130.564285221431,1040.527309431119,110.94495240046056,189538.4778606379,323659.5129994285,47127.320018849015,624522.8220744049,0.0,0.0,28399637.501999978,1184848.1329533202
109,238.60263132122884,195.24561998718158,3524.982716701144,114.72052383974587,191564.00954757343,483999.9098769629,159652.6944032925,645775.9794212568,0.0,0.0,29272514.21640008,1480992.5932490856
109,239.83792677449608,175.97783874823094,1877.8429477459686,115.3404957717835,192555.77627157563,436236.46000395983,85050.82446317226,649265.8778999681,0.0,0.0,30145390.919999935,1363108.9386386757
109,218.12534795030865,145.0123307535527,754.5232299576122,95.95809749670325,175123.66064842735,359475.1832096194,34173.69001041286,540159.9671990415,0.0,0.0,31018267.634400032,1108932.501067501
109,216.44793555184236,160.47812062142177,1354.0394499413278,111.64620247443122,173776.93683848577,397813.768744681,61326.83870682733,628470.2452396811,0.0,0.0,31891144.34879994,1261387.7895296752
109,209.07014755309294,212.40889828994295,5265.443586867907,108.78546034574154,167853.62139637873,526546.4476803467,238481.24187647464,612366.7749259744,0.0,0.0,32035978.93679995,1545248.0858791745
109,196.30965523293258,286.10477524967587,1932.5435586751396,105.31828356515352,157608.7592206553,709233.249100815,87528.31176515859,592849.6091532782,0.0,0.0,31163102.222400032,1547219.929239907
109,187.40101826406797,259.8796445990072,1334.5236716203187,101.9399607233198,150456.3895761567,644223.0282709263,60442.93463048555,573832.6131619251,0.0,0.0,30290225.518800054,1428954.965639494
109,154.44149231450467,192.50742829599633,646.7173376597501,105.5160700531603,123994.57350680525,477212.1287638884,29290.970700511607,593962.9736911467,0.0,0.0,29417348.804399956,1224460.646662352
109,214.40643502310488,219.97697096718446,992.9532661794117,114.11625382015247,172137.90199376128,545307.1578769067,44972.60755662681,642374.4689445182,0.0,0.0,28544472.09000004,1404792.136371813
109,131.02444323467333,288.9147572056509,742.5617727394576,124.8421219604983,105194.010459093,716198.9931392068,33631.93448213178,702751.7037377518,0.0,0.0,27671595.375599947,1557776.6418181835
109,120.1701284076525,264.82460690904395,984.4844715852411,120.74728719188747,96479.53795876064,656481.235715272,44589.040888653835,679701.373729132,0.0,0.0,26798718.661200013,1477251.1882918184
109,111.0219925442594,220.3291593568494,970.4495456928671,135.99291032927914,89134.88473271043,546180.2076737151,43953.37430116912,765520.8669105737,0.0,0.0,25925841.957599986,1444789.3336181683
109,169.88681969726238,315.2831499517691,1247.4228144548877,124.01360561240139,136394.9767455802,781564.3504443255,56497.982938832654,698087.8830171787,0.0,0.0,25052965.24320004,1672545.193145917
109,122.96880713650286,340.0822927788534,623.0766367050405,169.4485104119163,98726.47930959721,843039.6495784252,28220.241591083784,953846.5665096345,0.0,132380.1743838715,4049096.4201600063,1923832.9369887407
109,118.10487605611675,352.16900203728267,710.9873658448782,180.9905656916839,94821.43377526104,873001.7362678623,32201.873815161176,1018818.2193870064,0.0,4934.587373682065,4921973.133480012,2018843.2632452908
109,138.65285941740768,362.7630518969759,1109.5444940644682,169.18875634166145,111318.54472080785,899263.6272012426,50253.230235270064,952384.3788076171,0.0,0.0,5794849.845720014,2013219.7809649375
109,124.97438616143121,381.5101546246235,689.0098553980936,165.83473210939738,100336.67429090296,945736.3523319334,31206.47354199633,933504.1626867546,0.0,0.0,6667726.557960015,2010783.6628515874
109,134.39932677753282,376.580084832306,1032.3074001547452,167.88218354789873,107903.56240177838,933515.0623725199,46755.02580659489,945029.519386334,0.0,10569.06109163491,7540603.270200014,2033203.1699672271
109,184.3807203458372,381.93333093454964,1466.473910468267,156.41990950580532,148031.5195064485,946785.3760994308,66419.19404855945,880506.9649368117,0.0,0.0,8413479.982440013,2041743.0545912506
109,151.0789015460271,366.06048151717033,602.3190918176638,156.53210586626844,121294.89091524991,907437.7190917777,27280.09571327126,881138.5320892315,0.0,0.0,9286356.694680015,1937151.2378095305
109,162.56833825989793,412.80577983606037,761.5844691718017,145.5222491239068,130519.27604530765,1023315.9660660243,34493.50600866733,819162.6904253789,0.0,6938.921051452286,10159233.406919997,2007491.4385453784
109,120.56011775111735,372.4356175640589,1128.800514165862,141.8814425942588,96792.64398739606,923241.2248111378,51125.3694029618,798668.1413780692,0.0,0.0,11032110.122399995,1869827.3795795646
109,189.94750343596144,349.1662446195623,2797.8604663761794,143.83579971670738,152500.85533531514,865558.1156649804,126720.04316646431,809669.4586894435,0.0,0.0,11904986.836800007,1954448.4728562033
109,150.3074628787355,333.0550910502902,827.8741851417251,142.31819334553578,120675.53528028433,825619.7197303951,37495.88435103028,801126.6652300247,0.0,0.0,12777863.540400026,1784917.8045917344
109,211.97967805172325,385.513533583912,2865.581380890508,129.71924320862706,170189.56096725547,955660.4420791256,129787.24301923008,730205.6208342791,0.0,34073.978921548114,13650740.254800012,1985842.8668998901
109,123.63775229498881,375.03338346237814,762.5931934151193,128.8816636468745,99263.54722044722,929680.9004399715,34539.19291163924,725490.782166095,0.0,37817.73866354104,14523616.96920002,1788974.422738153
109,245.27775660412095,327.5435156476851,912.0881178864979,123.08892684470166,196923.18667123924,811956.9190062813,41310.08213568868,692882.7521750682,0.0,0.0,15396493.683600036,1743072.9399882774
109,267.6240768374949,326.95401822623165,3168.6100755016378,130.17874267054304,214864.10659670323,810495.597114016,143511.94792259345,732792.1999844655,0.0,0.0,16269370.397999955,1901663.8516177782
109,210.38586392092563,330.43066245496675,935.8754551610783,125.88359477690923,168909.9546876494,819113.9491850766,42387.45266308824,708614.2826865534,0.0,0.0,17142247.10159998,1739025.6392223677
109,121.04483061211,321.7942066400673,870.754921749029,124.55074969572915,97181.79954120058,797704.7937000924,39438.0286642259,701111.5333187226,0.0,0.0,18015123.815999966,1635436.1552242415
109,136.11007744528212,313.87923977568107,1361.1524204623533,119.20080230810154,109277.05210486987,778084.1576556395,61648.9977073559,670996.0195600551,0.0,0.0,18888000.530400004,1620006.2270279203
109,150.8574515853787,286.28817767195005,574.5702941796183,118.72035871525354,121117.09806300409,709687.8905716852,26023.3036477738,668291.5433134029,0.0,0.0,19760877.24479999,1525119.835595866
109,161.79361855523643,309.05099865682115,516.6918210909944,121.92446466858294,129897.28620354155,766115.2936854982,23401.88535463818,686327.8509497868,0.0,0.0,20633753.95920004,1605742.3161934647
109,171.67985723501886,347.9448415118708,696.3722583432758,123.55684027894618,137834.53111302352,862530.3448290202,31539.92977765728,695516.6946133517,0.0,5760.20962423156,21506630.662799984,1727421.5003330526
109,182.0052895277381,335.9142054556205,1515.6171551405905,122.41374502818381,146124.38608801897,832707.25959223,68644.97841524119,689082.0704465023,0.0,0.0,22379507.377200022,1736558.6945419926
109,193.48787359911043,243.7876110401936,657.2307627534813,118.4055070654583,155343.2695198526,604332.0294730318,29767.142295812984,666519.2045398897,0.0,0.0,23252384.091599982,1455961.645828587
109,192.32973259047915,250.49192226381788,553.2138204761357,111.16528209613995,154413.44685190308,620951.5368823877,25056.031225824176,625763.0851089575,0.0,0.0,24125260.80600005,1426184.1000690726
109,199.79576086061905,252.51093538274458,1654.0279992678836,121.8951119265633,160407.60669374504,625956.5258171719,74913.85005959256,686162.6207443102,0.0,0.0,24998137.52039993,1547440.6033148197
109,204.77665247386017,232.79487671529,608.3296834886805,124.26276290446785,164406.5549168674,577081.8283012767,27552.32602824252,699490.4201476658,0.0,0.0,25871014.22399996,1468531.1293940523
109,207.50188393608212,286.8471483922308,615.9471933923713,123.078536983681,166594.5285488329,711073.5389578436,27897.336508721175,692824.2663657981,0.0,0.0,26743890.93840003,1598389.6703811958
109,242.07282993819464,233.3966289814637,612.7019560936117,118.13474519187932,194350.08595130531,578573.5290760006,27750.353978489104,664995.0525551529,0.0,0.0,27616767.65279997,1465669.0215609479
109,202.6642285671839,271.61784509339935,1813.439297549606,123.01882073239653,162710.57867726652,673321.1866919784,82133.86937157992,692488.1162213439,0.0,0.0,28489644.367200065,1610653.7509621687
109,204.2464031617646,269.30086017208515,625.3326491476101,122.79726342766568,163980.84006316942,667577.5469976488,28322.42038003418,691240.9428240155,0.0,0.0,29362521.081599995,1551121.750264868
109,199.08325884588265,197.0908629666038,417.3294351848251,129.13987883061094,159835.56881638453,488574.135080069,18901.587365346055,726944.3072860794,0.0,0.0,30235397.785200022,1394255.5985478791
109,200.15295835066604,215.7902068325316,458.7319198931152,120.95552790313593,160694.38552352923,534928.4694126988,20776.779038585126,680873.5863791519,0.0,0.0,31108274.499599945,1397273.2203539652
109,201.1366641779978,189.17256983907936,599.0972468123226,116.4474202320608,161484.16152665002,468945.25346749905,27134.17266133247,655496.8922255256,0.0,0.0,31981151.21400004,1313060.479881007
109,195.82792387611394,183.55399648089872,559.2831409787419,131.76414641559526,157221.99739105615,455017.2124739287,25330.92147332731,741716.6332242351,0.0,0.0,31945972.071600042,1379286.7645625472
109,185.21034682936667,185.4821559722208,514.6823255226561,113.16774484261444,148697.59168985958,459796.981772157,23310.871750413502,637035.1949117818,0.0,0.0,31073095.357199933,1268840.640124212
109,323.81458938584376,171.48305934008403,341.2593710657691,119.28509674932558,259977.10397938237,425094.2237345738,15456.239777541645,671470.5233673883,0.0,0.0,30200218.642800067,1371998.090858886
109,157.20988888189717,172.572540729984,396.10115426474437,124.64971449429588,126217.20258482858,427794.9700794027,17940.12102101951,701668.6183771201,0.0,0.0,29327341.939200036,1273620.912062371
109,145.92369667115915,153.99219944882844,353.06761380238623,114.16438227466396,117155.99391147224,381735.63463232364,15991.055951288254,642645.3899515877,0.0,0.0,28454465.224799953,1157528.0744466719
109,396.8418299759145,153.13089529329895,378.6653495631901,114.22713996668661,318607.601623792,379600.52331110527,17150.422624342595,642998.6607411174,0.0,0.0,27581588.510400023,1358357.2083003572
109,374.59724127733125,154.03915205877627,591.326974564871,121.72524507984993,300748.3576655796,381852.0267899799,26782.243304437994,685206.419311158,0.0,0.0,26708711.795999933,1394589.0470711556
109,464.89468097823567,135.9257086758824,540.085445002755,120.5409263630741,373244.37124766654,336950.0977968599,24461.423908309487,678539.743169222,0.0,0.0,25835835.0816,1413195.636122058
109,310.2891602298986,127.90254199137989,493.51352286251046,119.56999556531142,249118.1062155384,317061.2421468228,22352.09928155252,673074.2539447191,0.0,0.0,24962958.377999973,1261605.7015886328
109,398.05117562958065,174.68804920992298,477.47452326534955,123.84182602010151,319578.53434596024,433039.1641038403,21625.664655621513,697120.9145031838,0.0,0.0,24090081.66360003,1471364.2776086058
109,255.64644125924568,140.7860683628592,439.95897981906427,124.09698196132953,205247.76714745365,348998.5813972646,19926.519418731255,698557.218769732,0.0,0.0,23217204.94919996,1272730.0867331815
109,214.11706606214528,138.40689106260433,479.11078686987753,122.06160990350227,171905.5798349775,343100.771249307,21699.77392486111,687099.8583939535,0.0,0.0,22344328.2348,1223805.9834030992
109,211.26548483469432,183.34500552298374,1208.5610393508991,118.5536595943564,169616.1652947595,454499.1388556698,54737.86449193912,667353.173399608,0.0,0.0,21471451.520400017,1346206.3420419763
109,190.49919305365862,154.3783985620116,445.22694076009753,125.96131141257217,152943.78370792625,382692.9945771331,20165.114676024987,709051.7592150137,0.0,0.0,20598574.816799995,1264853.652176098
109,327.38012792043423,196.7411136080635,662.1171060189986,128.89036137448926,262839.7247899759,487707.1314667529,29988.453414424454,725539.7427476994,0.0,0.0,19725698.10240004,1506075.0524188527
109,380.3081132017576,217.15334169211027,1435.6342237528647,129.25786732222966,305333.37635459367,538307.5831117899,65022.410156445745,727608.4790592309,0.0,0.0,18852821.388000004,1636271.8486820601
109,394.6521647677373,163.62399741331598,1049.4070698436865,128.43918355888056,316849.6115944175,405612.1720269712,47529.50005474117,723000.0071710483,0.0,0.0,17979944.673600014,1492991.290847178
109,275.41418337064823,170.90514342366464,491.1807727674743,136.73597189561437,221118.45523498178,423661.6115639048,22246.444908758716,769703.6521237995,0.0,0.0,17107067.959199995,1436730.163831445
109,356.93400786828715,240.53663477940688,578.8362606230652,140.33159224763344,286567.2910332683,596273.0921338166,26216.516804168423,789943.8426035406,0.0,0.0,16234191.25559998,1699000.742574794
109,226.6861111555726,230.4573665457001,556.9814271565696,142.87164501327726,181996.73709065598,571287.3079863407,25226.672788159565,804242.1129357669,0.0,0.0,15361314.541199965,1582752.830800923
109,317.0330660306134,247.745666540756,573.886387778068,146.91714599769148,254532.50432188957,614143.7656117784,25992.328318672226,827014.736987843,0.0,0.0,14488437.826799981,1721683.3352401832
109,248.22498235610917,223.67225196447023,1216.326096999623,150.22926426980686,199289.39017438766,554467.4948400293,55089.55767044522,845659.0592899463,0.0,0.0,13615561.112399979,1654505.5019748085
109,227.36229802906695,261.92718060142363,885.940052454494,155.17840796564076,182539.61906967164,649298.7233912802,40125.79005962431,873518.3996285439,0.0,16072.888614512864,12742684.39799997,1745482.53214912
109,358.8912504625133,224.87418201619656,766.6552801189396,163.55641184973172,288138.6787289157,557446.9933647703,34723.17199445631,920679.2169152715,0.0,1851.3906836151145,11869807.68360002,1800988.0610034137
109,199.34627115883114,265.3952495986982,736.8637075774833,162.86056327569358,160046.73033187076,657895.8180776458,33373.85904485812,916762.1994593882,0.0,19759.564363103942,10996930.979999999,1768078.6069137629
109,240.39501150816645,278.5849315322412,1125.2381715117374,168.0201951600676,193003.03615571314,690592.0950418089,50964.02461099328,945806.4037749056,0.0,13077.453695695032,10124054.264519988,1880365.5595834209
109,193.4417176028548,236.00654637372315,673.6182848253177,174.88652572435055,155306.21281323358,585043.3273881103,30509.362120314872,984457.8254801794,0.0,11662.943988975952,9251177.552279998,1755316.7278018382
109,183.49038496847155,263.3230898278558,1065.983646690418,173.5550039234819,147316.70670750414,652759.0823987393,48280.282503978444,976962.5250204477,0.0,0.0,8378300.840039989,1825318.5966306697
109,175.2055432828427,259.1814390141135,925.5298712307076,177.75504658817727,140665.1560394427,642492.2266263807,41918.882890580295,1000605.0832534761,0.0,0.0,7505424.12779999,1825681.3488098797
109,187.91501437941395,293.56774683079504,605.3703396893187,185.02988143964808,150869.0554223057,727733.421206664,27418.292119651916,1041556.0259801587,0.0,23706.355959096574,6632547.414480003,1947576.7947287802
109,164.39004152243174,265.6129323296577,924.0149627192624,191.41952205554858,131981.8449165916,658435.4379788405,41850.27000788989,1077524.1011664874,0.0,22584.837731827865,5759670.70224,1909791.6540698095
