day, ZRTC,ZSTC,ZLFC,ZERC,ZART,ZAST,ZALF,ZAER,TZDMI,TZDMX,SUMZ,SUMTZA
109,528.1840266478664,295.39664122877264,543.9922928168583,83.32353952092228,424056.7229429604,732267.1194471353,24638.371947569358,469038.48188607243,0.0,0.0,27863241.332399935,1650000.6962237372
109,179.30069004413892,248.84015978631993,1252.6145872807735,88.88445632707264,143952.97700325897,616856.9359878855,56733.12750179896,500341.5685245917,0.0,0.0,28736118.046800032,1317884.609017535
109,435.4966480168785,345.7997971955405,1844.8547279471436,86.7983559757495,349641.9279899997,857212.9335813103,83556.7297121548,488598.6523274117,0.0,0.0,29608994.76119996,1779010.2436108766
109,433.80105361659093,300.63428532469345,1290.4626895535732,97.12816341628736,348280.6066161033,745250.8640789468,58447.33491543382,546746.412587509,0.0,5456.582559667935,30481871.47560005,1698725.2181979928
109,453.65306346508646,277.8448101378234,1093.1644645170336,101.1011385134182,364218.9497227888,688757.3871071584,49511.349760434474,569110.7794740298,0.0,0.0,31354748.179200083,1671598.4660644117
109,456.3293238107297,326.2524633330691,1307.1966006625817,105.38183472041264,366367.60650652053,808756.492774125,59205.24331135317,593207.3464452395,0.0,0.0,32227624.893600002,1827536.6890372382
109,445.1836940343644,379.8469016672671,672.5753050662909,107.96329298393674,357419.24949523975,941613.2673607267,30462.123724521385,607738.6934323843,0.0,0.0,31699498.39200008,1937233.334012872
109,362.4886064326954,339.6434772797289,1775.335350934438,108.1466910426626,291026.8444193025,841951.8573808701,80408.07431570972,608771.0637270239,0.0,0.0,30826621.677599974,1822157.8398429062
109,420.1868485071909,376.77144157124945,726.5658698847326,115.579597671896,337350.33437594265,933989.4220247829,32907.45178379954,650611.811988818,0.0,0.0,29953744.963200048,1954859.0201733431
109,197.21985531796912,345.0911004110138,3377.6942584811823,118.92736755184015,158339.52055725348,855456.1250041779,152981.73993366884,669456.8215889999,0.0,0.0,29080868.25960003,1836234.2070841002
109,220.06897535997143,341.01562810233577,724.0653546604931,124.82900668310154,176684.11728547217,845353.3210066505,32794.1990319336,702677.8762235217,0.0,0.0,28207991.54519993,1757509.513547578
109,402.7178189995703,430.86791166093235,1696.5767285367363,125.32090933746498,323325.18588175275,1068090.6973813686,76840.9571739122,705446.8569409145,0.0,8786.185368434875,27335114.830800056,2173703.697377948
109,201.30647477326374,379.3727463614509,1103.9051419795196,133.48528777138313,161620.4953060081,940437.8703131627,49997.81401697625,751405.1502180118,0.0,0.0,26462238.11639997,1903461.3298541587
109,188.20064598855518,333.7365750971653,895.9023210542829,138.3302260369649,151098.37701862524,827309.0698796677,40576.99880365301,778677.905336025,0.0,0.0,25589361.40200003,1797662.3510379712
109,500.0801573773152,368.3669315786443,905.8768924932531,139.87844021150573,401493.30923936376,913155.2436229935,41028.76476500219,787392.9938960688,0.0,1371.4762372690893,24716484.698400017,2143070.311523428
109,433.94754251582503,441.4960929179787,2900.510369200629,140.55696614909812,348398.2163873624,1094437.1976045447,131369.23860464693,791212.5000946592,0.0,0.0,23843607.98399994,2365417.1526912134
109,183.82006279453265,368.34579311054097,762.481131004777,147.95641803168004,147581.3911574177,913102.8428743485,34534.117407107624,832864.9274609234,0.0,0.0,22970731.269599993,1928083.2788997972
109,396.0637312865956,423.92789487304987,1415.9079805341632,153.3302998591827,317982.898937471,1050886.8927577347,64128.9737530844,863115.1711339506,0.0,0.0,22097854.555200025,2296113.9365822407
109,291.9674526724768,379.5167667326687,3297.991086806435,153.42662981558985,234408.37840565265,940794.8864997202,149371.8424864921,863657.4243408251,0.0,0.0,21224977.84079997,2188232.53173269
109,225.897381116703,397.38754060980256,1386.7409997652778,160.16410344545366,181363.49894127002,985095.255166286,62807.94966825727,901583.4944678061,0.0,0.0,20352101.12640001,2130850.1982436194
109,276.16223432313353,429.33948746653067,3356.399984409583,160.04902259052548,221719.03385815313,1064301.8432580712,152017.28464292784,900935.6901402413,0.0,0.0,19479224.42279998,2338973.8518993934
109,275.8661727009383,430.59154647918575,733.1838429928408,166.55089259821796,221481.33844336736,1067405.607887083,33207.19147704456,937535.5184164143,0.0,0.0,18606347.70840003,2259629.656223909
109,257.23568982331807,386.3807289013158,764.8747389420869,171.17930618677872,206523.7079257075,957810.1571687482,34642.52813908825,963589.4294192503,0.0,0.0,17733470.994000033,2162565.8226527944
109,257.5904052324528,389.67744247901175,695.6145197972357,172.00088083608162,206808.49399720173,965982.4740412073,31505.61046030138,968214.1744610564,0.0,0.0,16860594.27960002,2172510.752959767
109,245.47888161559925,416.8635629323598,1171.7768153348038,180.1085885712258,197084.66147730377,1033374.9197728379,53071.84200397644,1013853.4613844488,0.0,0.0,15987717.565200033,2297384.884638567
109,272.7559729026026,377.06230495484476,1204.8873820318881,182.01117805968883,218984.28993822692,934710.4515231956,54571.47806215165,1024563.3722986031,0.0,0.0,15114840.86160001,2232829.591822177
109,147.10292447453267,356.2051483215825,2027.2676071839753,185.06743969381046,118102.7462793457,883007.0538672,91818.53125973149,1041767.4460256333,0.0,0.0,14241964.147199998,2134695.7774319104
109,159.93851133987576,372.99895020220526,1112.8295029595772,193.33721402260613,128407.89870455503,924637.6860793163,50402.0140913605,1088319.0257955345,0.0,0.0,13369087.432799984,2191766.6246707663
109,223.66682540743128,334.5284639340796,2474.377292092692,194.5591557130385,179572.67964970882,829272.1055970591,112068.91874426557,1095197.4862969609,0.0,0.0,12496210.71839998,2216111.190287994
109,214.4918792111226,362.74192750746556,702.4069998985533,199.50985693480052,172206.50153584755,899211.2613524216,31813.253883549416,1123065.594141128,0.0,0.0,11623334.004000003,2226296.6109129465
109,216.7897503292922,334.9465469149975,734.1412987438099,199.64007433398075,174051.36553580698,830308.5033666923,33250.55633942811,1123798.6039433738,0.0,0.0,10750457.296080008,2161409.029185301
109,242.1859134563578,305.48790972666495,452.08038301764196,198.90095431196136,194440.87594818475,757282.6513901554,20475.51918302306,1119638.0061692894,0.0,0.0,9877580.583839988,2091837.0526906527
109,183.7877354484211,288.6319179999568,2040.1159412339703,196.5002182622154,147555.4368919309,715497.8550031779,92400.45500646548,1106123.9668155091,0.0,0.0,9004703.871599995,2061577.7137170834
109,104.73091986119869,288.3231434843209,444.4021380880451,187.60484899387666,84084.04727610314,714732.4250911016,20127.757905927843,1056050.835964053,0.0,0.0,8131827.15935999,1874995.0662371856
109,197.6037490167662,278.11492936002054,876.1860441741071,183.98653693532032,158647.7326493599,689426.9933150111,39684.013793369835,1035682.9110692014,0.0,0.0,7258950.4460400045,1923441.6508269424
109,191.264478751138,269.0118398024552,471.5920149683542,185.25311734580922,153558.19938241725,666861.0861988729,21359.235462929202,1042812.6484319929,0.0,0.0,6386073.733800002,1884591.1694762122
109,101.59531922275711,264.57454112929236,475.6056234345607,178.4892599723466,81566.60550560094,655861.3405551603,21541.01888072406,1004738.0609578707,0.0,0.0,5513197.021559999,1763707.025899356
109,101.43038765711407,264.3756803891957,626.6214802189477,180.427033141316,81434.18889376146,655368.3790214205,28380.79381607823,1015646.0251494874,0.0,0.0,4640320.309319994,1780829.3868807475
109,100.71918302372018,249.18735353212915,405.90177610845524,173.48344442825467,80863.19262927213,617717.6044202556,18384.008497903516,976559.7077949806,0.0,0.0,3767443.5970799928,1693524.5133424117
109,97.19840032271865,231.62963673642548,350.5923772179191,152.92675698547805,78036.50439362743,574193.2818396839,15878.948113674342,860843.5785210269,0.0,108931.22847973718,2894566.884839997,1528952.3128680126
109,90.4284328203305,166.27816773258618,303.8218233493596,103.21928309090048,72601.18244397859,412191.6701760678,13760.627105043157,581034.0765729011,0.0,499041.09374135925,2021690.1726000041,1079587.5562979905
109,78.30134584287812,97.86598134294016,210.66085274144632,57.48098294454653,62864.85475694083,242602.7592993551,9541.202169905158,323567.5432494026,0.0,874288.6342965155,1148813.4603599978,638576.3594756038
109,70.73235689709507,71.46896504143798,162.1376233359954,41.87717600211133,56788.03212239323,177166.44625025024,7343.499389966647,235731.7892475525,0.0,980752.3963107883,804063.2520959984,477029.7670101626
109,89.04730809814734,134.9790228668088,280.794871684924,86.24571688662637,71492.335538135,334603.3314709188,12717.695785209055,485487.7787269433,0.0,538441.434090621,1676939.9641199983,904301.1415212061
109,100.20729366451934,193.9455953551138,338.6830881358951,137.76848975828088,80452.21820895556,480777.2419123757,15339.555372437804,775515.8225333842,0.0,66977.77595051029,2549816.6763600004,1352084.8380271532
109,109.88689001261834,204.97324185443074,358.6393678698776,144.83630447320002,88223.55868821254,508113.9878643454,16243.410535954128,815301.4233755724,0.0,3473.7989146960317,3422693.388600004,1427882.3804640844
109,120.26891577708525,191.35714881104263,384.3624037440371,140.75396121376943,96558.85017957064,474360.66829533875,17408.45227249502,792321.4096129506,0.0,0.0,4295570.101920011,1380649.3803603551
109,126.98648446310791,194.88595629565393,389.87427380418137,138.6105945783818,101952.10332510388,483108.3293421635,17658.094604678252,780256.134439,0.0,4075.7213420014596,5168446.814160013,1382974.6617109457
109,134.3199235568038,157.5020360361768,395.3856912270039,134.53932461517348,107839.81289805491,390436.2681833913,17907.716436117567,757338.4536266996,0.0,0.0,6041323.526400014,1273522.2511442634
109,139.12714013894293,150.1215066876886,412.3028152256344,129.33892045028395,111699.32474894632,372140.46446832153,18673.922867468118,728064.7371149169,0.0,0.0,6914200.238640014,1230578.4491996528
109,158.0440974288882,157.9301008461042,423.6087365361552,128.83890037338358,126886.95351412708,391497.410192313,19185.98801643585,725250.0624247831,0.0,0.0,7787076.950880014,1262820.4141476592
109,149.39394196570774,166.15856203488735,406.50436425722233,125.0073289504784,119942.10779067062,411895.1762167626,18411.30077968134,703681.674262561,0.0,0.0,8659953.66312001,1253930.2590496754
109,148.81709753664364,135.79829082212964,520.4348960124456,118.42820117179556,119478.9836788165,336634.2380621468,23571.41583027193,666646.9524637705,0.0,0.0,9532830.375360014,1146331.5900350057
109,152.01562214062085,135.3772189687781,406.7702859953994,112.57219091057958,122046.94445268379,335590.431091792,18423.344844975396,633682.748367036,0.0,0.0,10405707.087599995,1109743.4687564871
109,162.75938882091327,157.7886236248745,544.4015495197467,109.83485337034908,130672.6624991441,391146.6982924541,24656.907906627872,618273.937703669,0.0,11139.182127669803,11278583.801999994,1164750.206401895
109,171.54473811600917,114.82113941395484,483.85650554798843,109.91041285123484,137726.04965973567,284633.3819522962,21914.715907484362,618699.2713418044,0.0,0.0,12151460.516399967,1062973.4188613207
109,142.9108714047376,112.5038393051419,441.2750937498464,102.51803324970945,114737.1233193666,278888.9609307287,19986.1285436769,577086.6547179702,0.0,0.0,13024337.219999988,990698.8675117424
109,177.27498647045087,124.6842531388875,463.78691735318915,101.67712714944986,142326.6248688263,309083.3345519348,21005.72880360919,572353.0905542028,0.0,0.0,13897213.9344,1044768.778778573
109,199.65922674327143,121.04575245409292,1260.5623902416291,100.28880318514044,160297.98919785104,300063.75191728486,57093.09753832571,564538.0437099405,0.0,0.0,14770090.648800012,1081992.882363402
109,210.87820928997854,114.85781085677522,520.8446004909447,94.40051410659747,169305.23806091188,284724.2878329059,23589.97206987888,531392.1381688941,0.0,0.0,15642967.36320002,1009011.6361325907
109,247.46528404248406,193.03755418639523,580.6583048252003,84.37023565801357,198679.46037521193,478526.2728824266,26299.04040486993,474930.4635512781,0.0,1498.0220677754842,16515844.077600034,1178435.2372137867
109,223.69743085040218,201.76617849659576,579.6480762125645,82.47916164917056,179597.25147164147,500163.9074668249,26253.28536635402,464285.3746923343,0.0,8180.24990537524,17388720.781200033,1170299.8189971547
109,239.7706294052027,181.50087258502,541.8048292966598,83.25344037491021,192501.74604641652,449927.6653658462,24539.297860410305,468643.885146471,0.0,0.0,18261597.495600037,1135612.594419144
109,251.1650595156961,178.9684210813908,576.863588420715,75.97829526184,201649.854373592,443649.89944410726,26127.170995240762,427691.19591897476,0.0,0.0,19134474.20999998,1099118.1207319149
109,227.0069051176287,169.91818045346986,564.0439389945403,74.53190763085996,182254.289060095,421215.0010399016,25546.546425793284,419549.30153289525,0.0,0.0,20007350.92439996,1048565.1380586852
109,278.0453468090141,185.60721494481004,848.0538246327683,74.97925637192093,223230.9056100565,460106.99400939175,38409.85587252676,422067.48277660244,0.0,0.0,20880227.638800014,1143815.2382685775
109,286.9035806620344,230.5574162874791,1201.4209997009687,74.47532405690174,230342.80871438593,571535.324131376,54414.479482742674,419230.78561552486,0.0,0.0,21753104.35319997,1275523.3979440294
109,277.54807552354663,220.92902712066208,1057.8149837615254,74.50253603057888,222831.66742584392,547667.2369020404,47910.3093293325,419383.96517193876,0.0,0.0,22625981.056799997,1237793.1788291556
109,287.90851268308853,243.87044014021643,1222.6005168215538,72.0028549867205,231149.6263350043,604537.3568803706,55373.73722844491,405312.9522414771,0.0,0.0,23498857.77119995,1296373.6726852967
109,294.7054680934516,264.13106843633824,1242.8235779873683,77.47638487861842,236606.61574000496,654762.0035076159,56289.67539429964,436124.12716053106,0.0,0.0,24371734.48560002,1383782.4218024516
109,165.58034669470072,223.6835414683347,624.5804197749528,68.13643514664052,132937.49083768827,554495.4807116372,28288.35058287318,383548.39804044086,0.0,0.0,25244611.199999966,1099269.7201726395
109,404.54260247940414,293.88761120525623,710.277646843806,72.17156958252637,324790.227729856,728526.342084593,32169.729387827236,406262.6675121413,0.0,0.0,26117487.91440003,1491748.9667144176
109,513.845897818196,261.6224757057232,1765.5700137943707,73.68513664372054,412545.24281882256,648543.3817755873,79965.78494538697,414782.72319745,0.0,0.0,26990364.61800006,1555837.1327372468
109,156.5393917710047,149.22030082023048,519.7384834528611,158.66256052955987,125678.88867671537,369906.4396607025,23539.87407517986,893131.1241795664,0.0,30771.205521066324,5584516.449119994,1412256.326592164
109,164.75714269898165,154.90896430381875,281.0294852638816,161.14396037163473,132276.57499940807,384008.2290558134,12728.321848663698,907099.2299702101,0.0,39582.62031942501,6457393.161359989,1436112.3558740953
109,175.71494629843548,133.02187289342757,322.3470041622808,162.95960148887772,141074.13427913026,329751.6968437533,14599.665270273912,917319.6977777227,0.0,52025.96225562948,7330269.873599985,1402745.1941708801
109,181.48105275246652,134.52189274563662,322.5748955113905,166.93803197239023,145703.49844706032,333470.1386368675,14609.986872063384,939714.7737071055,0.0,53378.99274026905,8203146.585839981,1433498.397663097
109,176.66433454240305,144.11623450929548,782.2759403049273,176.72627043682687,141836.35813904615,357253.8247920014,35430.65928942525,994813.9753984284,0.0,23197.305734891328,9076023.299160002,1529334.8176189011
109,216.28225995833785,135.38472308425463,643.3556465368432,177.57666704590704,173643.92287799355,335609.03325666813,29138.713770858918,999600.9628069971,0.0,41613.906116107595,9948900.011400009,1537992.6327125179
109,202.00095787785267,153.4170886140551,417.29664180063577,183.88201854441164,162178.06655885399,380309.9760581757,18900.10209504398,1035094.5641544778,0.0,30529.96263308311,10821776.720399998,1596482.7088665515
109,196.43697980765754,136.0280469553094,550.1434523638685,189.82923616830342,157710.98276242093,337203.7870628362,24916.968829968762,1068572.1857461035,0.0,19485.765200585127,11694653.434799973,1588403.9244013294
109,210.97569266046293,179.977059532818,817.7141845976689,195.03385600216063,169383.5033558535,446150.24193384533,37035.71997793642,1097869.632778506,0.0,17853.64649630827,12567530.149199983,1750439.0980461412
109,222.80371744083706,153.80492372719664,1221.0387569486388,199.96067015229727,178879.72659283056,381271.39152972354,55303.00236482686,1125603.2773500339,0.0,12206.092097231187,13440406.86359999,1741057.3978374149
109,197.97486613966356,169.45642350181535,596.4204816576218,199.70981902067217,158945.6869664616,420070.33862442453,27012.93723875634,1124191.205387737,0.0,1140.2739695908967,14313283.578000002,1730220.1682173794
109,258.8335833996954,166.42332314609564,551.9907124540425,193.272029990149,207806.58942045958,412551.5000511828,25000.634502785437,1087952.096836411,0.0,15100.53514122963,15186160.281600023,1733310.8208108386
109,270.7579281326584,216.14123571118867,1382.5186443849784,191.42754462073185,217380.14389311994,535798.6448647544,62616.711733955024,1077569.261175484,0.0,9296.806113020051,16059036.996000012,1893364.7616673135
109,173.82323376301778,218.89292104741963,556.0711564280151,187.06659905829594,139555.35790944242,542619.8757575805,25185.445018797287,1053020.9606837707,0.0,9972.336692701676,16931913.710400026,1760381.639369591
109,304.5026749830432,215.84313058392166,1355.4483096878826,183.4976854151893,244472.3807726234,535059.6636023805,61390.64845361222,1032931.1055627589,0.0,9763.445619893842,17804790.42480004,1873853.7983913752
109,413.24303809921037,192.07237659791465,688.915623077683,178.35687666025598,331775.44127470057,476133.6667595823,31202.205593736002,1003992.858964688,0.0,0.0,18677667.139200035,1843104.172592707
109,278.56754593059117,268.729879263232,1590.6672115830802,177.84177928528635,223650.1573046317,666162.1262141018,72044.12805344876,1001093.312303944,0.0,3762.965274411952,19550543.84279997,1962949.723876126
109,370.5018747580482,277.10848216389024,582.578906027759,169.94584056111714,297460.3602673256,686932.0827902323,26386.027826229452,956646.0992649463,0.0,0.0,20423420.557199996,1967424.5701487334
109,395.26150856703487,291.8307631903204,807.0160262917734,169.93601668115951,317338.8280826851,723427.5631520622,36551.181489110124,956590.7994328935,0.0,6355.192986030015,21296297.271599974,2033908.372156751
109,435.8720328571514,317.49372382334747,1720.906985617085,165.08903146849752,349943.3086777476,787044.2047667454,77942.91749842626,929306.5217972756,0.0,2047.2888213355327,22169173.98600003,2144236.952740195
109,236.28772534503548,271.4372995829217,838.0413346927747,157.5328811555574,189705.46897712926,672873.6273008605,37956.37251528017,886772.0196378409,0.0,0.0,23042050.7004,1787307.4884311107
109,442.45032673766497,314.0834299524845,1813.3027579501013,158.03949465219003,355224.74394422164,778590.3304813197,82127.68525191022,889623.8095009433,0.0,0.0,23914927.40400002,2105566.569178395
109,444.11660730512466,305.4441586106764,1204.1447104728832,154.35373662425758,356562.5304756034,757174.1955067567,54537.841155255606,868876.2229250423,0.0,0.0,24787804.11839997,2037150.790062658
109,467.1035314874124,353.04880778886496,1927.3003998871322,150.7400287411707,375017.76434767566,875182.7117207458,87290.83984119039,848534.2155018314,0.0,28292.70329394692,25660680.832800034,2186025.5314114434
109,189.43089741022817,268.36696836753634,653.1954715194879,149.50680687085259,152086.09410197122,665262.496092711,29584.37682716072,841592.2574764229,0.0,0.0,26533557.547199972,1688525.224498266
109,194.9849344469797,381.815496028042,661.2987276618431,145.2541746740408,156545.1966610853,946493.2718046773,29951.38761289806,817653.6662802149,0.0,9837.909490761347,27406434.261600062,1950643.5223588757
109,199.99305513420117,385.96220315063374,646.6518713270505,135.90433714215874,160566.0059615942,956772.6618045776,29288.005614652127,765022.2775148083,0.0,27963.330730893533,28279310.96520003,1911648.9508956322
109,204.29930519794587,291.90232142126973,2102.3621488101076,144.13226345929658,164023.31288129385,723604.9508821056,95219.69571049287,811338.2896651535,0.0,0.0,29152187.679599963,1794186.2491390458
109,207.15404450126812,404.9607155334166,829.3640125446561,143.85571210637187,166315.2629077008,1003868.6134662176,37563.361266008294,809781.5479870497,0.0,38315.19295156235,30025064.394000053,2017528.7856269765
109,208.8806969581203,353.5763148226683,2146.2242020588774,130.988562169083,167701.519487933,876490.3638813271,97206.28558795483,737350.7738326341,0.0,0.0,30897941.10839998,1878748.9427898491
109,248.38677622606608,336.817942490512,2207.3380957308473,139.8695945813605,199419.28766243102,834947.5589826525,99974.24179493941,787343.2007528766,0.0,0.0,31770817.822800085,1921684.2891928996
109,190.99057715640825,393.60542980355626,731.1360158358,126.85154556491655,153338.29532093494,975719.6733248697,33114.441767451724,714062.9970685604,0.0,0.0,32156305.473600075,1876235.4074818168
109,178.14791098766867,324.0809393180057,2187.770932071275,131.7897258633947,143027.45922100698,803373.440249539,99088.0103858378,741860.6230911121,0.0,0.0,31283428.75919997,1787349.5329474958
109,167.30602866428214,409.9995810191764,1317.0240825354736,144.46479745784262,134322.96825454003,1016359.6001585184,59650.34732640918,813210.164560895,0.0,0.0,30410552.044800043,2023543.0803003625
109,161.38057035503147,351.70878654583294,5459.7278057207495,133.1027926080684,129565.6671894111,871860.8950218448,247280.7173669314,749252.0377630992,0.0,0.0,29537675.330399953,1997959.3173412865
109,154.58241075165472,420.59603992618617,1465.8376266388925,128.35298116538303,124107.71098852606,1042627.4629476779,66390.37562988081,722514.7632650225,0.0,0.0,28664798.616000026,1955640.3128311075
109,144.92771559122716,452.8037866476943,1985.2620467021518,134.77086390435818,116356.36262472237,1122468.160585727,89916.02521932751,758641.8168457921,0.0,67688.37119999586,27791921.90159993,2087382.365275569
109,134.45935384514328,459.2299276689944,1964.065021053572,140.06863667493798,107951.75560773411,1138398.103984048,88955.97448146218,788463.6332493809,0.0,64211.48209154699,26919045.197999965,2123769.467322625
109,450.82258651775396,423.2074040070212,726.6917708306521,129.08923380780993,361946.4789207673,1049100.8474971652,32913.15406005432,726659.2202056907,0.0,0.0,26046168.48360004,2170619.7006836776
109,153.97919241177104,454.8004083255596,3496.3122256320453,124.33991029519323,123623.41237379209,1127417.6427416322,158354.1572140575,699924.6923261564,0.0,0.0,25173291.76919996,2109319.904655638
109,502.5964953902805,485.32440111480736,930.9719850891349,118.20863359142153,403513.5711135576,1203084.4349598181,42165.36584115786,665410.9794702784,0.0,5614.137716963189,24300415.054800015,2314174.351384812
109,305.66617263927134,394.3113004433872,1188.0487015322908,122.224104063243,245406.50406745917,977469.4760916892,53808.82447544902,688014.558062719,0.0,0.0,23427538.340399943,1964699.3626973163
109,125.63252503287886,373.3611381203867,1116.180276446399,112.33446139547819,100865.06628874263,925535.5239912238,50553.77654198801,632344.5396026967,0.0,0.0,22554661.63680003,1709298.906424651
109,261.0786162560852,452.41657651571415,4166.768309216191,110.24496124585504,209609.03180407718,1121508.2943977215,188720.29765387825,620582.4855215222,0.0,16752.745276900358,21681784.922399964,2140420.1093771993
109,203.15288711228553,352.08658957117,1459.3445259726018,105.39268008212471,163102.9020547624,872797.4416661505,66096.29163012285,593268.3963240874,0.0,0.0,20808908.208000008,1695265.0316751231
109,122.98701930943413,366.609749026523,549.3968216264957,100.39797972939708,98741.10109666623,908799.3139129189,24883.152604890234,565152.611944441,0.0,0.0,19936031.493599962,1597576.1795589165
109,245.3412785685913,349.00975099921635,614.6159657430368,115.06346516043025,196974.18578277834,865170.1791870777,27837.0428567627,647706.4384170538,0.0,0.0,19063154.779199973,1737687.8462436725
109,124.10926121705866,316.9233358053649,790.1038683357026,100.10803067500466,99642.10188746407,785630.253717208,35785.19997860001,563520.4529521747,0.0,0.0,18190278.075600035,1484578.0085354468
109,141.98143947986725,318.4194614269667,525.9263852785199,102.61009571943903,113990.92154806264,789339.0419915234,23820.135080287433,577604.8857159441,0.0,0.0,17317401.361200012,1504754.9843358174
109,180.74132949927878,346.4892190410043,599.4129119611273,96.22768708825627,145109.60578312972,858921.9609648366,27148.46969356957,541677.5202636538,0.0,0.0,16444524.646800028,1572857.5567051899
109,125.73946957150767,317.49434547790423,719.5001354013673,103.81870911618985,100950.92755735273,787045.7458038733,32587.43218686284,584408.3196081977,0.0,0.0,15571647.932400022,1504992.4251562865
109,145.26060514116872,343.2761084093875,475.910942104881,108.44506428197063,116623.62563255335,850956.8898086728,21554.847302672715,610450.6434952997,0.0,0.0,14698771.218000008,1599586.0062391986
109,113.01959488580334,326.74596937772907,500.4538403597938,95.21914283995827,90738.67557067731,809979.8589175234,22666.43852163043,536000.3002864846,0.0,0.0,13825894.51439998,1459385.2732963157
109,155.25099410274936,317.8619075371826,496.40085134052987,106.54258381169151,124644.48841945057,787956.9058267031,22482.871489018704,599741.34625795,0.0,0.0,12953017.799999975,1534825.6119931224
109,110.55908688367647,306.5000344069098,750.5221120993251,106.75008511294203,88763.23726221731,759791.635991474,33992.47231431633,600909.3966778854,0.0,0.0,12080141.085599996,1483456.742245893
109,123.82040184060511,281.79400495742044,641.192075167144,97.71434596417325,99410.18885263104,698547.1582523294,29040.721801403375,550046.1064549241,0.0,0.0,11207264.37119999,1377044.1753612878
109,133.38341918436865,279.8317364253826,493.9786806926349,106.64662833129765,107087.93295629106,693682.8350848081,22373.167101417366,600327.0256926597,0.0,0.0,10334387.660040008,1423470.960835176
109,101.07803500177704,267.6115256947337,586.5260557852181,104.80738178757134,81151.29977783958,663389.8078061431,26564.801211700513,589973.6800277533,0.0,0.0,9461510.94779999,1361079.5888234365
109,87.33207276434696,266.77093405446755,370.56489163994615,112.2343401985217,70115.24528543736,661306.0413269828,16783.538574892078,631780.945035122,0.0,0.0,8588634.235559992,1379985.7702224343
109,100.04626463382543,252.69599060963267,358.92608740013645,109.8294904898708,80322.93477816324,626415.2644723181,16256.396569992534,618243.7493879477,0.0,0.0,7715757.523319991,1341238.3452084216
109,81.60855777212302,228.4382492901062,697.9624546747509,112.37567814874012,65520.076009454126,566282.060904216,31611.952578718792,632576.5537908769,0.0,0.0,6842880.811079992,1295990.6432832656
109,76.86105116293635,220.7028565122305,335.45070786947997,115.11610173188116,61708.50278256453,547106.5761604325,15193.155159913596,648002.7361704494,0.0,0.0,5970004.098839994,1272010.9702733601
109,72.32360877726165,218.73813238257122,667.4621441449881,121.30382971189746,58065.581278816564,542236.1657422597,30230.539633587865,682834.220223549,0.0,0.0,5097127.386599994,1313366.506878213
109,144.07857358979743,219.665744622052,527.2637205561048,123.42170066828666,115674.62225342641,544535.6500550905,23880.70535751898,694755.9770755364,0.0,0.0,4224250.674359995,1378846.9547415725
109,135.62581971110868,209.03594332214234,399.56835309601564,128.9270020524615,108888.26195323154,518185.1338616719,18097.15658117183,725745.997643617,0.0,1468.0304448318202,3351373.962119996,1370916.5500396923
109,97.429756675757,185.91830816526544,315.456118174905,121.19379560594346,78222.25067134833,460878.17182466685,14287.56487060443,682214.8246684743,0.0,64353.846896553645,2478497.2488000016,1235602.812035094
109,76.16339943473845,159.67799994490264,191.61585384030548,74.27566402704934,61148.3875751951,395830.3268864135,8678.620525158709,418106.8746795069,0.0,408281.5613440321,1605620.536560003,883764.2096662743
109,53.25788302137014,84.46103109345087,95.7893993017782,34.0422226600684,42758.51257421395,209372.8475959123,4338.471114012652,191627.87044706428,0.0,838722.4619241573,732743.8246440007,448097.7017312032
109,73.70114128150838,127.60346610776935,148.8186001606305,56.17709176282713,59171.54414408081,316319.8544489918,6740.257301234673,316227.77895308705,0.0,600045.4091011091,1220132.887920002,698459.4348473945
109,99.55946636021696,161.46639913543453,221.50823521535744,100.43107620887942,79932.1049343476,400263.6404075993,10032.499284917309,565338.9161098836,0.0,268367.1613535823,2093009.6001600057,1055567.1607367478
109,106.78918884488586,160.97909270813506,366.59707085550383,149.83278315030552,85736.54480749747,399055.642671666,16603.828962091924,843427.2181624974,0.0,13061.953925069189,2965886.3124000067,1344823.2346037528
109,144.45098685129886,158.3735424880469,221.1773563500201,153.31493907478063,115973.6171856569,392596.6702666237,10017.5131965822,863028.703383805,0.0,15855.242466339492,3838763.0246400074,1381616.5040326677
109,146.63638533467605,147.4830863687999,359.14401197532976,156.74355769121865,117728.1816412823,365600.00944227015,16266.26675898423,882328.820494368,0.0,18621.964445312857,4711639.736880002,1381923.2783369047
109,110.64414196524979,110.13957157715534,192.53535947565067,72.0900047153001,88831.52440711742,273028.11054470914,8720.266559763739,405803.52881353325,0.0,886769.5457476247,1516738.0561199978,776383.4303251235
109,72.63104194687949,51.84049950351065,98.87474471106978,32.32110508298136,58312.40643038259,128508.8858296702,4478.211858108899,181939.4873065277,0.0,1278372.3031482392,643861.343772001,373238.9914246894
109,108.34192005597545,101.24133890154926,161.81762568521327,59.728022821247144,86983.16734011125,250970.02896858804,7329.00613106128,336216.40788675373,0.0,979284.9478542744,1309015.368360001,681498.6103265143
109,131.28479069803257,171.01789930743163,209.71769301394184,99.06507601501785,105403.0324790115,423941.1253250069,9498.484799679387,557649.5325230998,0.0,575210.1795853837,2181892.0806000032,1096492.1751267975
109,141.042355719666,240.28057571209163,244.6371768923464,139.8885936477033,113236.97072443165,595638.3400430301,11080.049912593466,787450.1488408467,0.0,176741.58411551896,3054768.7928400044,1507405.5095209018
109,145.63719970514802,267.38852297094303,336.7080993035815,160.01639669481688,116925.97755654604,662837.0000236991,15250.104639246589,900752.0349489073,0.0,0.0,3927645.505080004,1695765.117168399
109,194.62086255640733,274.2729318477498,721.3468594697556,151.91511293167144,156252.89866447303,679902.9566180105,32671.07358230591,855148.9093562901,0.0,0.0,4800522.2184,1723975.8382210797
109,199.68954300588356,296.7459700426114,630.9377017091055,147.23208712580598,160322.32884904568,735612.0089475258,28576.283112317946,828787.5794458523,0.0,0.0,5673398.930639993,1753298.2003547417
109,282.9470028074727,278.417855886169,861.7507735750279,144.98307306051825,227166.23889321505,690177.9264799384,39030.21488687749,816127.601857429,0.0,0.0,6546275.642879989,1772501.98211746
109,164.2622413159113,305.565906552684,350.61407981958655,139.42457785311387,131879.23951007743,757475.9999362912,15879.931062843243,784838.146696954,0.0,0.0,7419152.355119989,1690073.317206166
109,307.8666034432768,334.21098690934843,951.3665755947312,135.7112004274154,247173.13734058422,828485.1027881461,43089.0728738316,763935.0871241874,0.0,13194.370866709389,8292029.067359985,1882682.4001267492
109,219.81802196807547,332.47823564792793,375.6286269902546,132.16239915157487,176482.63737012105,824189.7364981276,17012.88409440104,743958.4469993684,0.0,0.0,9164905.77959999,1761643.704962018
109,311.831880758099,360.16411455040827,1067.4477377818598,126.90286125552021,250356.691592225,892821.0476360918,48346.59377594385,714351.8594207368,0.0,5555.0093199225375,10037782.49183998,1905876.1924249975
109,241.56616482498964,330.63473196078724,449.2693620658093,127.3916931811158,193943.3058582025,819619.8228760319,20348.20307822122,717103.5546271224,0.0,0.0,10910659.208400017,1751014.886439578
109,317.8115831637996,328.1134171385754,418.4032145442666,122.58457539360302,255157.5429591787,813369.6639899985,18950.220729452278,690043.6956452992,0.0,0.0,11783535.911999984,1777521.1233239286
109,335.3493152486517,363.99652940267526,433.6366397706163,113.80262309784902,269237.84986083396,902321.3296051836,19640.16946901769,640609.0029224573,0.0,0.0,12656412.626399992,1831808.3518574927
109,241.91665632685937,371.1235783896212,1318.7066363175118,114.77506822449848,194224.7007323442,919988.7736564098,59726.55315956351,646083.0164910557,0.0,0.0,13529289.340799972,1820023.0440393733
109,211.6314927680359,402.58919287361476,536.190921904954,110.7212496736149,169910.01765862026,997989.7786237736,24285.034077223543,623263.5718313555,0.0,2212.8839546857635,14402166.055199977,1815448.402190973
109,400.1299325162141,428.56794314014263,470.80162974943397,100.99305787364911,321247.4807522638,1062389.2401253483,21323.4375200856,568502.3802210691,0.0,4393.667833218817,15275042.76959999,1973462.5386187667
109,264.72862537053265,396.1742707934314,691.9052016139408,98.70357270108748,212539.4704877454,982087.6461770618,31337.60888697271,555614.5857777073,0.0,0.0,16147919.47320002,1781579.3113294872
109,281.9315949630152,441.17239858455963,539.9624200030846,97.0039628411669,226351.0106749291,1093634.7825326328,24455.85188874091,546047.2722300683,0.0,0.0,17020796.187600024,1890488.9173263712
109,253.066053096087,449.93152993939736,737.7077653820538,90.55134685285782,203176.0821036358,1115348.041895994,33412.08791392274,509724.7009044667,0.0,0.0,17893672.902000017,1861660.9128180193
109,320.49515886695974,449.21909418694946,815.7479978973108,86.93385481256988,257312.07293554646,1113581.9646851427,36946.66790885114,489361.39199359686,0.0,0.0,18766549.61640001,1897202.0975231372
109,371.8754756570495,396.4501159290423,1254.1053945069777,84.33046046083908,298563.1666122254,982771.4465142189,56800.64879470396,474706.56406012946,0.0,0.0,19639426.33080004,1812841.8259812777
109,391.28162174257767,383.1100033434556,642.794122734323,77.85406098401585,314143.54447069444,949702.2627363888,29113.281365866067,438250.1125439985,0.0,0.0,20512303.04519994,1731209.201116948
109,352.5145596775536,368.3558190455327,1117.8733873808956,75.91613464914046,283019.10210208717,913127.6964492085,50630.46052722725,427341.28616260417,0.0,0.0,21385179.748799965,1674118.545241127
109,234.91076894703775,409.26900993140976,804.8343553424535,72.22541136467383,188599.96864332317,1014548.5667501327,36452.3697577192,406565.74954521004,0.0,0.0,22258056.46320001,1646166.6546963851
109,419.23975903153246,383.3829653063045,722.3841107422423,72.372536298827,336589.95610034355,950378.9158947407,32718.052524824172,407393.9339473556,0.0,0.0,23130933.177599974,1727080.858467264
109,162.47366327214095,421.8146794642874,706.7285302151257,72.7620108445229,130443.26548264886,1045648.3830925305,32008.983625915924,409586.3342065958,0.0,0.0,24003809.892000046,1617686.966407691
109,167.67069830519856,385.5668888017967,752.7364482295553,78.01487902182727,134615.7461597433,955792.7058433491,34092.76350945633,439155.3771156749,0.0,0.0,24876686.606399998,1563656.5926282238
109,172.43879430462525,328.3337236991836,1891.7343623179588,71.61337097444996,138443.8497414185,813915.7881769927,85679.99116943259,403120.4986937207,0.0,0.0,25749563.310000025,1441160.1277815644
109,177.93335014559906,331.9111645134848,1383.5803500000154,78.84236527350305,142855.1973520948,822784.0077653532,62664.798256847935,443813.39929643145,0.0,0.0,26622440.024399966,1472117.4026707273
109,240.3801380060323,324.2691508834455,1238.867298200938,66.76586171612524,192991.0948468975,803840.0032419208,56110.488493687546,375833.2711404265,0.0,0.0,27495316.738800038,1428774.8577229325
109,207.23690674811888,337.3628113044115,1439.9964045944137,76.68195071066285,166381.78951790184,836298.2497527678,65219.98103290083,431652.15923599584,0.0,0.0,28368193.453199968,1499552.1795395664
109,213.65500519262235,368.27897035665114,717.8552330170929,81.964669455499,171534.61061166797,912937.1940528153,32512.931652027433,461389.23467176605,0.0,0.0,29241070.167600065,1578373.9709882769
109,227.3451889866549,368.08311971376884,718.1574651803571,86.1955153550695,182525.8829396641,912451.6943345086,32526.620280618958,485205.1881134724,0.0,0.0,30113946.871200044,1612709.3856682642
109,181.6020014893624,291.64423672992575,859.5166263587084,86.52120582340113,145800.6030970015,722965.1774144125,38929.02641265064,487038.5399334905,0.0,0.0,30986823.585599966,1394733.346857555
109,226.64233729884518,303.48618577647227,1785.0197040338492,97.4565296075615,181961.59290359638,752320.5210665383,80846.69577576635,548594.8263820198,0.0,0.0,31859700.300000064,1563723.6361279208
109,222.43850685857475,339.378613682841,1157.4337952005064,97.45301498246418,178586.51438858968,841295.2794917894,52422.221284001884,548575.0421238195,0.0,0.0,32067422.98560002,1620879.0572882004
109,206.03714570065296,309.8519687807568,1494.621305668136,98.39054185489675,165418.55187262144,768100.84126308,67694.03930178638,553852.4965322793,0.0,0.0,31194546.271199916,1555065.928969767
109,199.99563585289,280.2616900697013,1253.3813847373806,104.94302120868748,160568.07791200315,694748.6593789213,56767.85711321773,590737.2110602804,0.0,0.0,30321669.567600068,1502821.8054644226
109,240.02787684073047,328.3657248522737,1233.9866846702091,107.17637632850723,192708.27918447394,813995.1167438132,55889.43688488668,603309.0425131402,0.0,0.0,29448792.853199966,1665901.875326314
109,170.90205189934977,252.30857788136512,1031.34120521328,108.74620258863294,137210.06394800023,625454.8960626248,46711.26513083529,612145.7881687826,0.0,0.0,28575916.138800047,1421522.013310243
109,164.9905686921533,212.7313626814929,4565.662283219025,107.2210640942499,132463.98290407774,527345.8138144446,206786.9104145753,603560.5954587224,0.0,0.0,27703039.424399957,1470157.30259182
109,296.6893026804105,236.15057691627513,726.9951133288853,117.50335340236381,238199.3530273208,585400.3687886768,32926.892977678086,661440.8702900641,0.0,0.0,26830162.710000016,1517967.4850837397
109,139.5224876366485,230.450047405793,1682.9679583136078,120.08049943764286,112016.7326140889,571269.1643626546,76224.59192952569,675947.9432125061,0.0,0.0,25957286.00640005,1435458.4321187753
109,130.67406978965587,242.2458074572977,1017.3168319450838,126.08404768770393,104912.7103678288,600510.0088037917,46076.07649034163,709742.6568471972,0.0,0.0,25084409.29199997,1461241.4525091592
109,121.80439516268176,216.57912922157217,863.7109141266221,129.74137658577314,97791.62194765106,536884.1515182467,39118.99311520425,730330.2123443771,0.0,0.0,24211532.577600036,1404124.978925479
109,113.55589229372657,210.55324855583356,1498.5448376065888,135.54076509194212,91169.24618594196,521946.4248776271,67871.74299451188,762975.6855976827,0.0,0.0,23338655.863199968,1443963.0996557637
109,106.02436628305973,215.36290437297544,1510.3000705223435,131.26461859323243,85122.5009651284,533869.2172157534,68404.15825982553,738904.7294956126,0.0,0.0,22465779.14880001,1426300.60593632
109,308.15808590816357,158.46594545721564,1447.4562586922766,143.96945701828574,247407.1563427106,392825.7306099644,65557.85100342195,810421.8321265989,0.0,0.0,21592902.434400044,1516212.5700826957
109,157.20822843960428,219.54108720396462,563.6682198736934,144.78101589228396,126215.86948560212,544226.6332427096,25529.529443072246,814990.1971337732,0.0,0.0,20720025.730800014,1510962.2293051572
109,194.41588494621286,209.1324231834076,623.7339941009866,154.67345370509713,156088.3307690609,518424.3005285625,28250.0144688206,870675.9498100526,0.0,0.0,19847149.01639996,1573438.5955764968
109,192.6598819769976,162.4691306810379,552.094891406918,157.13766114063202,154678.50989785919,402749.3401008097,25005.35295160162,884547.277423607,0.0,0.0,18974272.301999994,1466980.4803738776
109,190.79209207193995,122.93276485549873,1214.9697199175114,158.5623987537123,153178.94000114826,304741.52052626613,55028.12495624778,892567.3011884084,0.0,0.0,18101395.587599963,1405515.8866720707
109,209.9641886040516,149.6656427496915,1516.14835556539,160.42667224043075,168571.4093246736,371010.4104116864,68669.03742088839,903061.5266024801,0.0,0.0,17228518.873199955,1511312.3837597286
109,141.88839687967976,125.17459657766706,1187.0222863016127,163.16043493175036,113916.22156067376,310298.86082183855,53762.336316407,918450.2140003716,0.0,0.0,16355642.169600029,1396427.632699291
109,130.84361026514188,131.75576610622394,2740.006162136102,168.42520849792066,105048.82727938528,326613.108787635,124099.71952317556,948086.2738119017,0.0,0.0,15482765.455200013,1503847.9294020976
109,134.3353529103094,98.36718506918122,876.8485093978701,168.44429990556785,107852.2004765401,243845.2074441411,39714.01801365186,948193.7417004646,0.0,0.0,14609888.740800023,1339605.1676347977
109,157.10589576280344,109.92459256833841,2479.276098705339,178.96252560729866,126133.71088673355,272495.192977085,112290.79434988603,1007402.1315941287,0.0,0.0,13737012.026400018,1518321.8298078333
109,197.7884298440589,156.58841850513917,419.2748144182145,186.21754639673412,158796.00511210205,388171.4757505917,18989.697027494265,1048241.5385215582,0.0,0.0,12864135.312000005,1614198.716411746
109,136.72278998904633,145.13967946996146,955.1223152456291,185.30153586109822,109768.97321627433,359790.8715578079,43259.17695743525,1043085.2022269577,0.0,0.0,11991258.608399985,1555904.223958475
109,199.37709557801054,152.9465535106187,475.85466648718716,193.13054359564626,160071.47796058416,379143.5532330587,21552.298480531983,1087155.652469469,0.0,0.0,11118381.893999975,1647922.9821436438
109,163.91736115273153,140.02248969982642,687.369661571257,187.02553830062965,131602.3497435803,347105.72457355657,31132.186266045323,1052789.8246140403,0.0,0.0,10245505.179600004,1562630.0851972224
109,172.0422892193723,155.0121766507187,905.8195414681237,190.38056113856925,138125.5124979587,384264.08507246076,41026.167235758905,1071675.662009428,0.0,0.0,9372628.46736002,1635091.4268156062
109,170.53519276623524,187.33295244834997,419.9342669510943,198.63347334823993,136915.52819167005,464384.9736958987,19019.564797684034,1118132.3228308395,0.0,12957.434206449485,8499751.755120018,1738452.3895160924
109,124.38522198998247,166.36679327611478,816.4114128093179,201.97593696295164,99863.65917644452,412411.3665517584,36976.71514219144,1136947.4628095026,0.0,0.0,7626875.042880016,1686199.203679897
109,132.82956858942507,182.77837546507476,364.21686928027344,202.86033347845634,106643.26962600756,453094.50352003705,16496.025427933288,1141925.8398852088,0.0,0.0,6753998.329559992,1718159.6384591865
109,123.30376732628889,192.66162738915412,733.109322537649,196.52238742126312,98995.40474700298,477594.377273209,33203.81631398258,1106248.759746345,0.0,0.0,5881121.617319994,1716042.3580805394
109,138.4741040373868,191.68170118770354,707.2251067591293,196.2012252095315,111175.02955026936,475165.2103950004,32031.474454836025,1104440.8980412867,0.0,0.0,5008244.905079995,1722812.6124413926
109,111.75086150418588,202.15240165639835,344.95401828990697,192.05990438909666,89720.06294145495,501121.3270214819,15623.57687721267,1081128.8923129153,0.0,0.0,4135368.192839991,1687593.859153065
109,115.71527785319336,205.68382457248512,295.96778466781194,173.740880458649,92902.92595988241,509875.47153563617,13404.903818368366,978008.8469646941,0.0,90911.32091170922,3262491.4805999924,1594192.148278581
109,118.20963081011118,164.52890192991308,254.1458025432674,118.07402641833839,94905.5369579595,407855.3655209354,11510.712366071391,664653.2590892564,0.0,495240.3163598017,2389614.7683599945,1178924.8739342229
109,153.16874578338658,226.6769157732983,354.8852488719183,159.77171928760995,122972.73888876826,561915.8412499453,16073.379854585088,899374.7156428866,0.0,0.0,31431373.07760004,1600336.6756361853
109,153.48250271911837,205.14054891380673,818.1665990402533,165.55439223208865,123224.64112597043,508528.7300832238,37056.21062726736,931926.0949375804,0.0,0.0,32304249.791999947,1600735.676774042
109,145.78702430694614,175.49824229698396,318.7220819214872,154.40733534800415,117046.26542298905,435047.57474652823,14435.486138273309,869177.9367523913,0.0,0.0,31622873.493599948,1435707.2630601819
109,166.49513844000262,179.730824766528,362.2747620614623,160.5378493821323,133671.93862504367,445539.8435817555,16408.0639611056,903687.3564467707,0.0,0.0,30749996.779200025,1499307.2026146755
109,119.31389968894074,228.59696248505446,1821.3543326249767,150.98993443912147,95792.10796044942,566675.4995486081,82492.35529268597,849940.9655013568,0.0,0.0,29877120.075600047,1594900.9283031002
109,111.67858897281221,175.87098032023638,1291.0300849684622,153.94190161267488,89662.03836807354,435971.56561338477,58473.033256123534,866557.9528451714,0.0,0.0,29004243.36119995,1450664.5900827534
109,103.98534294918846,172.26922798228705,1286.3560421747873,155.93184886420656,83485.45495589318,427043.0794989148,58261.33760092757,877759.6113831819,0.0,0.0,28131366.646800034,1446549.4834389174
109,97.13171651222167,217.03922042900209,1323.5758233677636,154.89264471978996,77982.96676900034,538024.6846730795,59947.08724287779,871909.803068876,0.0,0.0,27258489.932399947,1547864.5417538336
109,90.87338576000002,277.8786603892763,455.7000558327024,146.95232250602422,72958.41643050709,688841.2994564014,20639.460559258678,827212.7498922552,0.0,25817.744068775035,26385613.218000006,1609651.9263384223
109,86.73259635849354,240.0285619969672,813.5932609449102,148.17591766020684,69633.95091203271,595013.616090626,36849.07606576175,834100.5179450857,0.0,0.0,25512736.51439998,1535597.1610135061
109,84.17934272600091,207.74250721587882,608.3840523168836,144.64031123599634,67584.05104075381,514978.79838073126,27554.788488518723,814198.1532676714,0.0,0.0,24639859.800000034,1424315.7911776751
109,82.22079004836574,258.34812530585305,591.605056259322,135.885575119699,66011.61153428075,640426.5016194701,26794.838115633236,764916.6637760951,0.0,0.0,23766983.085599974,1498149.615045479
109,382.5700194134228,303.25235425608594,1381.969293797024,132.54519479345814,307149.36564493726,751740.8694728134,62591.83067535482,746113.2508852071,0.0,17372.289168259944,22894106.37120001,1867595.3166783126
109,131.28467198717942,215.9945711493711,625.732150626734,134.39623381861202,105402.93717106423,535435.0739190578,28340.514507775013,756532.9778826669,0.0,0.0,22021229.65679995,1425711.5034805639
109,300.4136451211279,316.236267372458,820.7368965950105,122.76882833598341,241189.47080985067,783927.0602748758,37172.62394415852,691080.8781854797,0.0,7289.529597922345,21148352.942400057,1753370.0332143647
109,274.8499490816324,252.29604584391876,1896.1423835126323,125.59512728185538,220665.45527379282,625423.8300392486,85879.63823646134,706990.4635745537,0.0,0.0,20275476.23880003,1638959.3871240565
109,268.0518287091893,252.85909783206503,1865.8927865008548,126.33914535227777,215207.53056977308,626819.595596175,84509.58054946545,711178.6330672706,0.0,0.0,19402599.52440001,1637715.339782684
109,255.70200546201227,306.2191003667634,1363.7443083536264,121.86962446849006,205292.37730707487,759095.2206244039,61766.38888872892,686019.1486989489,0.0,0.0,18529722.81000002,1712173.1355191567
109,239.50649825164982,280.1940914209016,815.065248355235,104.40023961541984,192289.68626090267,694581.0871694704,36915.74497595885,587681.8265199005,0.0,0.0,17656846.0956,1511468.3449262325
109,135.24125532053264,284.11747630567965,1570.2216227882395,105.03559994756029,108579.5113909262,704306.877334545,71118.11121816258,591258.3482009431,0.0,0.0,16783969.3812,1475262.848144577
109,298.4527544126355,338.99798652449533,692.2663501033852,103.8403245116892,239615.15419681353,840351.7320239992,31353.96594005734,584529.9953357133,0.0,23786.639960629982,15911092.677599978,1695850.8474965834
109,213.68679468557494,323.67916734456884,633.6764806317846,101.89698227682646,171560.13305749247,802377.4762993756,28700.3272479981,573590.6821852411,0.0,0.0,15038215.963199966,1576228.6187901073
109,143.83020045338077,291.66402195707246,1602.3753126535332,93.08178508501985,115475.21391659284,723014.2235756351,72574.40863422654,523968.84984177543,0.0,0.0,14165339.248799982,1435032.69596823
109,137.48574016041826,359.5846000764347,1541.2883955865236,100.51292708845288,110381.51379515944,891384.472755723,69807.67424533694,565799.6648072734,0.0,9511.77844296163,13292462.534399979,1637373.325603493
109,148.96553660557453,342.46933639835714,1458.5206819953778,93.4685966446154,119598.15915923954,848956.9597684722,66058.97828100811,526146.2598237785,0.0,0.0,12419585.81999997,1560760.3570324983
109,221.00472851083967,346.3400544351056,1461.6859699265344,91.5613274033869,177435.39410305998,858552.1925888981,66202.33976314448,515410.00600406184,0.0,0.0,11546709.11640001,1617599.9324591644
109,243.72555575913404,372.8901306879562,775.6823308479107,88.16348625958736,195676.9899472454,924367.930296355,35132.02306897851,496283.139083369,0.0,12876.842341887532,10673832.399839997,1651460.0823959478
109,258.4521625088472,355.3764665667163,950.4022009567371,83.4911411942193,207500.36264177115,880952.8111410469,43045.394642831925,469981.93237865577,0.0,0.0,9800955.687600018,1601480.5008043058
109,278.7637305245479,366.9288124217386,1009.6752593204673,91.0648059791575,223807.66565741767,909590.2492206586,45729.97616672353,512615.02566137013,0.0,0.0,8928078.975360012,1691742.91670617
109,193.72849219270927,375.8869793119251,1017.9301145959082,84.48444589131701,155536.452060658,931796.9034226718,46103.85314501032,475573.3670423264,0.0,0.0,8055202.263120016,1609010.5756706665
109,268.73895418181183,373.797297244333,1237.7314384989904,89.62993281307352,215759.19468960684,926616.7312249423,56059.04340119933,504537.9476184949,0.0,0.0,7182325.549799989,1702972.9169342434
109,169.7440929765125,374.4840208288613,758.1510875261541,89.12965614361852,136280.38746907044,928319.0698128394,34338.00208859267,501721.8285372205,0.0,0.0,6309448.83755999,1600659.2879077229
109,245.62365983837142,378.58869531178954,773.5614451455964,82.79856810542952,197200.89781843644,938494.2639090859,35035.96440880647,466083.35303326516,0.0,0.0,5436572.125319991,1636814.479169594
109,275.86549615880307,404.60253935505233,838.5716965393377,81.77689915859234,221480.7952761636,1002980.7203700255,37980.39354023763,460332.252509093,0.0,20456.964706732426,4563695.413079994,1722774.1616955195
109,180.08582903523487,389.5273547927217,763.7219059038392,83.70444972914224,144583.33205154,965610.4174150828,34590.31429421425,471182.67243325314,0.0,0.0,3690818.7008399963,1615966.7361940902
109,167.98337044448908,309.5279703891198,553.8879486030379,71.32296070515767,134866.7774595435,767297.6724526201,25086.563679592833,401485.74346589245,0.0,328049.14822363283,2817941.9886,1328736.7570576489
109,143.5085992601999,219.16019735596214,385.7496923512434,49.580906968675016,115217.01385526129,543282.4345860721,17471.28502427167,279097.0411102444,0.0,691593.7585277841,1945065.276360005,955067.7745758495
109,106.03706895246377,126.30446875353127,220.03173523736248,28.77297606228085,85132.69940371862,313099.73303257837,9965.625992558615,161966.63138881422,0.0,1072252.213642921,1072188.5640119994,570164.6898176698
109,95.74859529416588,103.52084833701105,174.9646341947427,24.02895584749311,76872.5169606561,256620.7696172112,7924.457371699899,135261.95642691874,0.0,1169649.8359784486,880688.148336001,476679.70037648594
109,148.8227174544957,196.55653931778693,322.6553486854663,45.70593396596861,119483.49567430919,487249.5850190255,14613.630738444244,257284.34010175502,0.0,781473.7797443303,1753564.860360004,878631.051533534
109,185.20400053020526,279.93683439965986,461.8142319715372,72.54277260536169,148692.49651338806,693943.3654366889,20916.38239776767,408352.2151154147,0.0,406283.8485698929,2626441.5726000057,1271904.4594632592
109,196.8347172704241,329.49515523699876,614.9371196221542,110.76245178818151,158030.30942991382,816794.8937859569,27851.58848329194,623495.503616514,0.0,41136.41110944841,3499318.2848400064,1626172.2953156768
109,198.18527977035077,338.91314114384113,813.8768722458267,117.39820379449252,159114.61921391715,840141.4064013666,36861.921322602306,660848.9701771977,0.0,0.0,4372194.998160006,1696966.917115084
109,220.60081022439286,324.6765983119235,668.2040236401931,122.87478551721178,177111.10511239432,804850.0362386964,30264.140666515163,691677.324228387,0.0,0.0,5245071.710399999,1703902.606245993
109,185.55819713649967,307.6860953242391,786.6437322153113,125.93250429575667,148976.86605991898,762731.7960684769,35628.48430110029,708889.6004011137,0.0,0.0,6117948.422639994,1656226.7468306099
109,223.87357361057798,325.73722850048466,562.5688492657787,133.25256218994434,179738.6690796754,807479.2625215196,25479.737006113686,750095.1092134924,0.0,898.6889360814821,6990825.13487999,1762792.777820801
109,308.02942224495786,312.17035062551946,586.734538635823,134.26729016643728,247303.857703168,773847.9438306008,26574.24376830604,755807.1381594312,0.0,0.0,7863701.847119986,1803533.183461506
109,227.53549489457401,316.2433484454485,914.3548997346561,139.31889519939747,182678.67154287317,783944.6137477243,41412.7486900432,784243.2460032745,0.0,0.0,8736578.559359988,1792279.2799839152
109,198.24892693912176,280.84434931028596,794.0377515128713,141.77272952390783,159165.71884671922,696193.0299105135,35963.37249721325,798056.182095353,0.0,0.0,9609455.271599984,1689378.303349799
109,174.29501440093335,276.93948641716054,1499.4973211394167,147.65420468207049,139934.13072567488,686513.1544363355,67914.882656352,831163.7312380844,0.0,0.0,10482331.983840002,1725525.8990564467
109,175.46560877866125,267.69203134154475,515.9267390691359,150.91356036879762,140873.9516794912,663589.3755393588,23367.23343828963,849511.046438795,0.0,7621.901936006965,11355208.700399997,1677341.6070959347
109,186.18785655661995,277.677127407535,649.2310070206643,155.05200404797313,149482.39310503044,688341.7136269911,29404.819226465377,872806.8563841238,0.0,9211.402462300262,12228085.404000016,1740035.7823426109
109,184.64496639665808,262.61452412059606,463.95365986629906,158.8995086529954,148243.6715381426,651002.5987527649,21013.280866591922,894464.9343938341,0.0,10224.115570940194,13100962.118400028,1714724.4855513335
109,200.6132820157972,286.3250099335967,879.328413489451,164.20354166403035,161063.96001855415,709779.1951106485,39826.33725090848,924321.990463143,0.0,8259.569125524373,13973838.832800014,1834991.4828432542
109,215.18832601820594,267.84484271628867,954.2801381097613,166.14261211500164,172765.64936277102,663968.1839941097,43221.03326717853,935237.2572151674,0.0,0.0,14846715.547200022,1815192.1238392268
109,277.74071091186704,234.19799839171742,1028.4126573468266,172.12557280963205,222986.3262708159,580560.0664557709,46578.62602444958,968916.0809608732,0.0,9759.722760788747,15719592.26160004,1819041.0997119094
109,251.34111239244066,220.1657905315267,1025.4079259510434,176.23707681995188,201791.19981800232,545775.2280550272,46442.53643143622,992060.2441872167,0.0,9565.60308011307,16592468.965199972,1786069.2084916825
109,210.20023411727146,210.29460093622586,410.4539399233014,181.3903522133663,168760.92033173048,521305.255951081,18590.18403883936,1021068.6670310522,0.0,866.3842588422121,17465345.679599978,1729725.0273527028
109,279.35424647362095,252.47029759350227,415.5681715308241,183.9989949047083,224281.76605723234,625855.7876478231,18821.816623043236,1035753.0385155715,0.0,0.0,18338222.393999986,1904712.4088436703
109,235.77674098520174,224.14277669825583,619.3185821054196,189.2393051907317,189295.22114271176,555633.8919595245,28050.032659362936,1065251.3915056195,0.0,7153.33985500643,19211099.108399976,1838230.5372672188
109,156.4576702763396,196.48099460289353,1209.8699848298133,193.58489923900203,125613.27792842823,487062.3150807678,54797.148945036024,1089713.276430492,0.0,6188.77353167301,20083975.82280002,1757186.018384724
109,183.91366842602747,218.51203095866327,569.2980279434054,197.56130227179426,147656.5431789444,541675.6765041314,25784.513396055732,1112096.9395896853,0.0,7481.812967498554,20956852.5372,1827213.672668817
109,221.23956837624917,210.66707630666008,504.28990896152743,198.87364764435077,177623.93714623747,522228.5957204104,22840.18084532494,1119484.2935690437,0.0,0.0,21829729.240800027,1842177.0072810166
109,257.59227780201945,207.47764668306692,296.1005629818612,197.53202143969074,206809.99740448757,514322.2280872755,13410.917582775168,1111932.1141739965,0.0,0.0,22702605.95519997,1846475.2572485348
109,137.09114277801552,211.816231629179,674.1837382039828,195.1748490300234,110064.70816602,525077.2694707885,30534.972502753233,1098663.299923775,0.0,0.0,23575482.66960004,1764340.250063337
109,138.60684854673764,193.29888331583797,612.0388924218953,192.06055764670026,111281.60452941297,479174.0890798236,27720.32265344206,1081132.569580545,0.0,0.0,24448359.38399999,1699308.5858432236
109,141.23478957283083,137.11309258266795,250.075868801324,186.95500432209397,113391.46776531011,339893.5374699819,11326.377877035306,1052392.7801485271,0.0,0.0,25321236.098400068,1517004.1632608543
109,142.92509637580872,204.8433555919889,236.4542703487962,181.2399638220107,114748.54394988935,507792.0091212616,10709.431619477198,1020222.1122257682,0.0,0.0,26194112.80200003,1653472.0969163962
109,145.5469497584777,154.33037521686475,321.7467173305615,179.4132882412036,116853.51967311915,382573.94814359676,14572.477219210647,1009939.5300617567,0.0,0.0,27066989.516399957,1523939.4750976833
109,147.13846608853524,160.1919340013701,350.45637400982326,176.68054654672034,118131.28114522887,397104.3326081771,15872.788288119136,994556.5899809966,0.0,0.0,27939866.23080005,1525664.9920225218
109,149.1342033767845,99.40463407451179,514.2065777432806,172.38501101308663,119733.57461040834,246416.9692338033,23289.32429303908,970376.4906097099,0.0,0.0,28812742.945199985,1359816.3587469605
109,149.72931269745715,171.98288233501256,326.7933343482057,165.4510287606564,120211.36283493845,426333.24914531404,14801.04741919234,931344.2492070484,0.0,0.0,29685619.65960008,1492689.9086064934
109,152.36187566978765,123.92775773518176,341.4294614010473,168.6902335858877,122324.9368369249,307208.036620847,15463.943469304577,949578.132722799,0.0,0.0,30558496.363199934,1394575.0496498756
109,200.66516007759793,223.6399637502012,1768.4404682546765,137.67713468999406,161105.61073074903,554387.4546691034,80095.7928987816,775001.5735853892,0.0,0.0,17859233.50559999,1570590.4318840231
109,241.63645626499945,276.27086939115395,1388.760321213347,133.29468440334276,193999.73989671495,684855.7007103538,62899.40830393316,750332.220348469,0.0,0.0,18732110.219999988,1692087.0692594708
109,268.3473272424876,235.758357313099,1943.9988213690874,132.54839797772522,215444.7739041848,584428.0844803185,88047.14084920523,746131.282004558,0.0,0.0,19604986.93440003,1634051.2812382665
109,262.35207654692107,262.0758814511022,1485.1729438808554,130.77982859292976,210631.4394697484,649667.34214876,67266.10630515366,736175.7867852706,0.0,0.0,20477863.64880001,1663740.6747089326
109,288.3785069255633,194.59199303320344,833.7104665282609,128.0236781753427,231526.96492952935,482379.6154660596,37760.219845284344,720661.0761147031,0.0,0.0,21350740.36319998,1472327.8763555763
109,148.32676663214212,249.53197790596815,2046.676039690623,110.04865162722731,119085.31763435053,618571.9035635113,92697.57345450588,619477.4344635596,0.0,0.0,22223617.066799987,1449832.2291159274
109,139.69045266555253,253.36769159946203,1230.3961159824019,110.02973347199111,112151.58466589765,628080.3631237656,55726.81368598913,619370.9418341888,0.0,0.0,23096493.781200044,1415329.703309841
109,134.01732700334276,167.12872075757826,2236.3526237959913,108.22131754175794,107596.8708620208,414300.1302146017,101288.3610274942,609191.1454955782,0.0,0.0,23969370.495600004,1232376.507599695
109,149.60524271696713,256.3613021500898,781.737660639088,107.9786696456841,120111.75226989333,635501.309298157,35406.27965244531,607825.2505580649,0.0,20105.30515786924,24842247.210000012,1398844.5917785605
109,141.23044929080743,232.52783938384482,953.5502196502019,98.7891001455204,113387.98313556245,576419.8618798956,43187.97397068574,556096.0303121937,0.0,0.0,25715123.92439996,1289091.8492983375
109,127.2844131708765,232.20128959807212,916.0093335293384,106.97041339228831,102191.29774430809,575610.3683460857,41487.680919293976,602149.6517397242,0.0,0.0,26588000.63880004,1321438.9987494121
109,122.57486148784261,212.99606128331047,1011.0276290980645,106.20356183799876,98410.19693004718,528001.9826925617,45791.22738302028,597832.9497498187,0.0,0.0,27460877.34240006,1270036.356755448
109,155.24797999471716,144.2942827209202,998.202043313643,101.98681039564923,124642.06851897982,357695.19355810113,45210.33394542075,574096.3357463544,0.0,0.0,28333754.056799997,1101643.931768856
109,132.76970768377853,195.6357074812418,2205.5011805021445,102.63193484821262,106595.20982449867,484966.90883950895,99891.0446591738,577727.8208656578,0.0,0.0,29206630.771199923,1269180.9841888393
109,137.05139977205508,116.0429108721555,766.556102066496,96.43521744774742,110032.8001793767,287662.0659027899,34718.680045255176,542845.7342560102,0.0,0.0,30079507.48560002,975259.2803834318
109,148.9204612212063,145.62689122194274,858.5070226294373,95.57960565374034,119561.97003042036,360998.6346004074,38883.29967620621,538029.3899281971,0.0,0.0,30952384.19999994,1057473.2942352311
109,144.20633303343564,139.40627521864465,2239.1154182266478,94.89433785106735,115777.1949331382,345578.1730035063,101413.49286795597,534171.9329394618,0.0,0.0,31825260.90359996,1096940.7937440623
109,149.5460897747835,136.34311638170342,582.9030326906346,93.18857155902101,120064.26086244958,337984.82160788623,26400.708095386763,524569.9640759937,0.0,0.0,32101862.381999936,1009019.7546417164
109,144.06829946441505,138.32754895950907,699.8289070719542,100.1160241591075,115666.37359061015,342904.08785763825,31696.48750502557,563565.4492601824,0.0,0.0,31228985.66760007,1053832.3982134564
109,136.18105632431582,200.68485473579486,832.3708999207269,92.4562443453211,109334.03805923928,497483.3833003426,37699.54850717758,520447.6038578297,0.0,0.0,30356108.953199964,1164964.5737245893
109,444.35178205417,125.41952659481899,660.1683527742763,98.50829624456327,356751.3423827563,310906.0247942518,29900.19093734251,554515.3505166655,0.0,0.0,29483232.23880004,1252072.908631016
109,396.16945626492105,201.88677647754668,569.5992866452007,100.71984763184876,318067.7810724466,500462.8612252519,25798.15793485763,566964.446069609,0.0,0.0,28610355.535200022,1411293.246302165
109,271.274246655066,184.47582548044485,493.8685343284381,103.3412642786596,217794.67430214517,457302.36054911517,22368.17837800053,581720.7237251243,0.0,0.0,27737478.820799932,1279185.9369543851
109,331.88030649978015,244.98870486916874,740.4191181493848,107.92931350557748,266452.7287521116,607309.4550614568,33534.88987057668,607547.418757346,0.0,0.0,26864602.106399998,1514844.4924414912
109,326.002160243695,252.94416514212486,1689.4678545646543,106.19663629045598,261733.41254303453,627030.4713659112,76518.98371332217,597793.964988437,0.0,0.0,25991725.392000057,1563076.832610705
109,304.8913983440891,160.4050636801659,1660.6068157040074,111.21630313303145,244784.47039726176,397632.6658191145,75211.81627799002,626050.2888190427,0.0,0.0,25118848.677599974,1343679.241313409
109,256.34605901932315,191.31070669975753,487.0500346415239,116.91071122788449,205809.460799066,474245.5416273092,22059.356481755145,658104.8143877625,0.0,0.0,24245971.973999962,1360219.1732958928
109,281.6536156580901,187.39027245368877,925.5659000421123,116.80094704557149,226127.83279156784,464527.0658842917,41920.51469909659,657486.9382661579,0.0,0.0,23373095.259600006,1390062.3516411139
109,313.9670409376523,203.4220945208193,448.1610445272767,122.25926778616554,252070.9218283153,504268.80470621306,20298.005418969507,688212.49899648,0.0,0.0,22500218.545199938,1464850.2309499779
109,215.84809565045674,194.1091051503499,515.7937247088356,125.4759716975588,173295.3506298184,481182.5709853837,23361.208982931123,706319.7220927582,0.0,0.0,21627341.83080005,1384158.8526908914
109,176.73926605447267,218.94998267936487,861.6261257828045,134.2860010344205,141896.51749610787,542761.3274568337,39024.569368167395,755912.4639432862,0.0,60.3988658945309,20754465.1164,1479594.878264395
109,238.70234623095655,286.00184702273083,282.93655609043935,139.2929416922959,191644.0664514447,708978.0973971894,12814.696455391639,784097.1505104458,0.0,652.9344804494176,19881588.412799995,1697534.0108144716
109,230.37463804453097,239.59537309769604,357.9862512425928,142.05603955189918,184958.10007420843,593939.7718311711,16213.82973012164,799650.9691890865,0.0,1831.7627467928687,19008711.698400017,1594762.6708245878
109,274.58708576374335,253.52432368861335,381.31425362859034,142.5427292810725,220454.41338016838,628468.6428559206,17270.39616896546,802390.6057075721,0.0,0.0,18135834.983999986,1668584.0581126264
109,196.52934183231253,235.69214421549032,257.2212639995973,149.0744952131797,157785.1363443612,584263.9469530471,11650.005448477212,839158.7218299248,0.0,5174.898269556463,17262958.269599993,1592857.8105758103
109,194.9425610693656,298.69421737475557,999.0090079930366,151.51785136253676,156511.17685975754,740441.5745646071,45246.882801318134,852912.6749815872,0.0,0.0,16390081.555199984,1795112.30920727
109,248.8576622740303,295.571768944471,287.62639323892625,153.8779586645838,199797.34225004617,732701.2485129782,13027.107464819028,866198.0101030316,0.0,0.0,15517204.84079997,1811723.708330875
109,384.4231467533865,290.3971705431128,914.7627734170895,158.75013519067653,308637.16358530347,719873.7896431134,41431.22200966209,893624.0927492888,0.0,0.0,14644328.137199977,1963566.2679873677
109,319.2057287001397,291.62997421329027,316.0510397400152,161.6457772110373,256276.84372864346,722929.8216570508,14314.509919264798,909924.0188580988,0.0,0.0,13771451.422799967,1903445.194163058
109,270.7785676630139,327.98623494294543,339.7079164152021,169.78995707465768,217396.71450329383,813054.3884348957,15385.97165564874,955768.611891505,0.0,7302.856432631379,12898574.708400028,2001605.6864853431
109,264.02047333919955,305.9230454795267,244.39589614504888,173.2703106936723,211970.92502896208,758361.3217602419,11069.121881306624,975359.9517130619,0.0,7154.990868259571,12025697.994000012,1956761.3203835725
109,200.56075467166377,336.414722865171,435.3552404981507,176.14178265983992,161021.7880249036,833948.0064070891,19718.007932013363,991523.8216054528,0.0,15297.333820068045,11152821.279600004,2006211.623969459
109,178.32280735440781,305.09263225498563,286.5855864457845,181.3104677236373,143167.8761522132,756302.7868447601,12979.967486489193,1020618.9873846502,0.0,4837.145812479546,10279944.571679996,1933069.6178681126
109,246.3483687622149,335.92431233521194,328.0937091197153,186.3801970931942,197782.73610931204,832732.3138229559,14859.943689810048,1049157.1193548255,0.0,732.8702516022604,9407067.859440006,2094532.1129769036
109,186.60542385646553,334.5426341858014,455.1091410930179,187.51754048023503,149817.64031404667,829307.2326363071,20612.69698680022,1055559.3655712965,0.0,16096.824520441936,8534191.147199998,2055296.9355084505
109,206.17461730064653,331.0360991032295,373.7365861843482,193.55893998778112,165528.92203387182,820614.7832791507,16927.190223860132,1089567.148603307,0.0,3281.3983594297897,7661314.434959997,2092638.0441401897
109,194.92508087745236,368.0776770669674,434.8303289847637,194.6101689956174,156497.1427494377,912438.2024028506,19694.233762273892,1095484.6463570641,0.0,564.4728886495577,6788437.722719998,2184114.2252716264
109,210.77867884552063,361.9112145687716,354.002080479637,200.66090569177047,169225.32925644133,897151.983467018,16033.379597911066,1129544.9895754815,0.0,10327.465388574172,5915561.010479999,2211955.681896852
109,189.23233110379743,352.2333225162599,408.2658569221174,201.03716845319852,151926.67357248964,873161.1821290819,18491.081894292114,1131663.01907141,0.0,2662.1733814638574,5042684.298239999,2175241.956667274
109,146.81334398442496,377.89463720305366,380.7191597297767,193.442881211436,117870.25429271247,936773.7435609234,17243.443315007225,1088913.8394354603,0.0,12238.67262095958,4169807.5859999997,2160801.2806041036
109,136.45765468227756,333.45380523921324,302.19516568483346,159.8097047132435,109556.10723840976,826608.1036517251,13686.952905795903,899588.5402892637,0.0,302343.7280261195,3296930.87376,1849439.7040851945
109,122.27869948533542,246.75789295767962,225.7255578087485,115.87216416942113,98172.42092413409,611695.1456364918,10223.509275409653,652258.7048913387,0.0,761460.7885692356,2424054.1604399965,1372349.7807273744
109,107.97603989918481,158.0881469685871,163.35150041359032,73.606540747134,86689.41756266497,391889.1952118343,7398.478027221863,414340.2972007943,0.0,1218773.364132911,1551177.4481999995,900317.3880025153
109,77.90139364398776,69.13711757011288,81.45795916545283,33.866540399919515,62543.7499710357,171385.96335879143,3689.3748726032445,190638.93333435492,0.0,1677064.7537556281,678300.7362839999,428258.0215367853
109,101.63385165880395,126.5545077852416,153.84858496463855,61.295305540754,81597.5415766153,313719.5618862114,6968.074198878652,345038.8356385079,0.0,1321212.3409995155,1274575.976280003,747324.0133002133
109,112.73220432893835,208.95894062648816,248.17233069248815,102.8551569637317,90507.94178926713,517994.24969351816,11240.163273333816,578984.3656882667,0.0,831924.2553263054,2147452.6885200036,1198726.720444386
109,116.11918210749872,288.8999110187747,352.68365647462133,138.23835221249362,93227.20368473236,716162.1905051166,15973.665845622454,778160.7362454796,0.0,393569.61269762774,3020329.4007600034,1603523.7962809508
109,114.94046278810735,362.1917034513004,495.6173388832471,166.94473020383197,92280.85955724533,897847.2953202331,22447.384825690948,939752.478878115,0.0,181.5594280459918,3893206.1130000027,1952328.0185812844
109,115.33044187872645,363.7541163392328,595.3421748545076,159.89315988706872,92593.95735430246,901720.4049807701,26964.098818728082,900058.3197568858,0.0,0.0,4766082.825239996,1921336.7809106866
109,127.7532433373114,368.90137662757115,691.9793195673928,157.8196050933477,102567.70175117847,914480.0946262158,31340.965820019846,888386.024050937,0.0,11552.62992132944,5638959.537479989,1936774.786248351
109,131.44313552418552,331.59754641472057,598.6463951213576,149.995230129505,105530.16087496007,822006.570957564,27113.752791783096,844341.6522461764,0.0,0.0,6511836.249719983,1798992.1368704834
109,148.79620565910304,323.6378358329387,1007.9622852422109,154.81245239424058,119462.21046970939,802275.0184419069,45652.39254461358,871458.3905766697,0.0,0.0,7384712.961959979,1838848.0120328995
109,131.50174746404932,317.7331741660043,781.5667626957785,144.4612323960403,105577.21793441284,787637.7850184997,35398.53938268794,813190.0963882608,0.0,0.0,8257589.674200024,1741803.6387238614
109,186.62854819888187,327.8088888267739,833.8063932154462,150.61018047252858,149836.20587523474,812614.7601131455,37764.56453440913,847803.2835809168,0.0,0.0,9130466.38644002,1848018.814103706
109,118.06371493073948,340.96351670028787,923.3143119347166,140.5892038223587,94788.38724022872,845224.1405728133,41818.53629610216,791393.9699339462,0.0,19923.087658723467,10003343.099759988,1773225.0340430904
109,168.69409458464682,292.3255329737755,649.7919175093953,140.10803794918908,135437.38795623818,724654.0620134342,29430.223853393243,788685.4278822707,0.0,0.0,10876219.812000005,1678207.1017053362
109,193.04158656941456,308.9018275892855,690.9805614141555,137.12597178276002,154984.96444859577,765745.5092916243,31295.73029887357,771899.009594861,0.0,0.0,11749096.526400017,1723925.2136339545
109,141.3484008628686,303.70510154592876,1377.6822669925753,143.27454842284376,113482.68148801297,752863.1975818658,62397.66365800561,806510.1059261793,0.0,0.0,12621973.240800021,1735253.6486540637
109,150.21702037952195,284.3326218419705,829.7212885488174,143.62737628102886,120602.92280452531,704840.2077118515,37579.54292739339,808496.217461068,0.0,0.0,13494849.944400022,1671518.8909048382
109,177.54734916110186,260.97681735729026,707.8968166026092,143.56764824641664,142545.29340899855,646942.840967177,32061.89738027639,808160.0009868083,0.0,0.0,14367726.65880003,1629710.0327432603
109,206.32045612451236,254.90267823417776,1190.185991196957,138.64961393140203,165646.00988698032,631885.4850666472,53905.626100054884,780475.7791901713,0.0,0.0,15240603.373199956,1631912.9002438537
109,165.4380566783525,305.44989496117614,1692.876891478808,138.01962129647669,132823.25217276104,757188.4155088497,76673.38501750055,776929.4729388558,0.0,23585.355470473412,16113480.087599967,1743614.525637967
109,226.97143794777668,242.45916319454764,1194.9379503031128,145.1063427880932,182225.81396228683,601038.9023974482,54120.850722688505,816821.5023592163,0.0,0.0,16986356.801999975,1654207.0694416398
109,369.5507434313511,381.12749060304486,4312.074546521392,107.30706066356959,296696.7369596551,944787.755626054,195301.47383652066,604044.6807550628,0.0,0.0,23165022.697199967,2040830.6471772925
109,438.32947324133846,387.91837307925,1529.352459097439,105.22170631425814,351916.28412488435,961621.8669709545,69267.07459595984,592305.9638952257,0.0,0.0,22292145.99359996,1975111.1895870243
109,363.80918688807526,430.9831942300158,1000.4925856040454,92.04644790632642,292087.08288172807,1068376.4746144272,45314.07665217923,518140.809154514,0.0,0.0,21419269.279199988,1923918.4433028484
109,332.6849253685526,376.23188177623115,804.0263270488117,94.74530923289831,267098.7233742421,932651.8919322806,36415.77272885356,533333.0324651722,0.0,0.0,20546392.564800013,1769499.4205005486
109,292.03287144574347,383.3615870008952,1094.6987166906476,85.5855905864968,234460.90038513482,950325.9206065899,49580.83875175663,481771.8463572185,0.0,0.0,19673515.850400034,1716139.5061006998
109,324.52803143982567,428.9835990319601,762.4950007851193,79.14026904749826,260549.89657468544,1063419.621314912,34534.7455939614,445490.33638655307,0.0,6011.193823439884,18800639.136000004,1803994.5998701118
109,238.5007400563053,337.9896128649026,884.6212603499257,72.32902003588877,191482.20533972146,837852.0459342564,40066.05963545668,407148.97553556407,0.0,0.0,17927762.43240001,1476549.2864449986
109,315.6409334113228,406.01423048045643,683.7593836439434,70.3025463317026,253414.8196387972,1006480.2015748513,30968.67040087258,395741.7050900393,0.0,5207.766089656157,17054885.718000006,1686605.3967045601
109,257.43556865406896,378.4851969139499,554.1354566401324,70.66539845792299,206684.18222571965,938237.6987926438,25097.773755835588,397784.2444661877,0.0,44195.906394391204,16182009.003599996,1567803.8992403867
109,241.93309441173366,336.34083099539765,582.3294358456899,70.9034136110788,194237.8981787863,833764.8337535193,26374.72888097451,399124.06112236873,0.0,0.0,15309132.289199982,1453501.521935649
109,239.74505424094397,332.6893890717056,784.2355011545072,66.73637691159783,192481.21282352996,824713.1707143999,35519.41126202369,375667.2975388038,0.0,0.0,14436255.574799977,1428381.0923387571
109,213.38026212184712,313.96612912786037,702.667057450982,73.31699232105701,171314.03096448773,778299.5501373084,31825.032349511377,412710.39339473296,0.0,0.0,13563378.871199979,1394149.0068460405
109,192.32758633342263,292.45052440046,677.4999165899122,80.33043335216118,154411.72371245155,724963.9068092081,30685.168080146326,452189.91806375625,0.0,0.0,12690502.156799978,1362250.7166655622
109,173.18697519602532,297.9115295083603,677.8356220520866,75.27668010858737,139044.5326870752,738501.3473942255,30700.37277357875,423741.717677388,0.0,0.0,11817625.442400027,1331987.9705322674
109,187.7688943025162,291.78607689282444,753.910370984776,84.74994578206211,150751.74176297625,723316.7890206774,34145.932544868716,477067.8986766281,0.0,0.0,10944748.72800001,1385282.3620051504
109,286.62977185610976,272.83135705266426,718.8736863585822,84.64604732770448,230122.9791491296,676329.3959360955,32559.059203042765,476483.0414612192,0.0,0.0,10071872.01684002,1415494.475749487
109,197.58298696312028,249.59757067726454,837.1335614332957,93.3932776576879,158631.06367039337,618734.5033462779,37915.257860704296,525722.279955799,0.0,0.0,9198995.304600012,1341003.1048331745
109,206.22557922933234,257.7783234503908,475.2879656086256,92.02209838632974,165569.83722135014,639014.0036248439,21526.631596619503,518003.7427029499,0.0,0.0,8326118.592360018,1344114.2151457635
109,150.8521432371781,234.46773948556103,903.2396135119529,98.90818655845626,121112.8362136701,581228.7353105139,40909.31774097485,556766.3824198676,0.0,0.0,7453241.880120016,1300017.2716850264
109,259.30666501794474,267.9467985055985,434.33230000015425,103.89810454136925,208186.40673904185,664220.9250944767,19671.677149752897,584855.2462499241,0.0,5380.871428022394,6580365.167880014,1476934.2552331956
109,178.54840653991428,223.62858851157662,542.2196024347495,105.03315754001197,143349.0002424505,554359.256267165,24558.08366856431,591244.5995875837,0.0,0.0,5707488.455640008,1313510.9397657635
109,186.93920263579975,243.23837655173455,574.5191678984637,106.63379607608188,150085.617246728,602970.5165083212,26020.988048181644,600254.7913451969,0.0,9874.101638207561,4834611.743400002,1379331.9131484278
109,144.39332783905388,226.45810655257344,455.3101700334549,111.67571371803383,115927.32519167913,561373.4288612934,20621.80194264631,628636.3676701194,0.0,22414.25997785793,3961735.031159996,1326558.9236657382
109,191.8710999906372,214.06974193229965,511.77136906815053,115.370259205813,154045.2300420194,530663.5601322068,23179.029390151547,649433.419941427,0.0,25163.66306175117,3088858.3189199967,1357321.2395058046
109,121.72577167811319,167.97401723817092,318.49295869476623,97.79065634356658,97728.49846127056,416395.5596560049,14425.10874257061,550475.6669933817,0.0,225359.40651209408,2215981.606679998,1079024.8338532278
109,105.3896639353206,102.57065353411008,236.6456340937931,59.58246910303197,84612.9251656961,254265.30474686058,10718.098821547468,335397.0680529319,0.0,606807.5292946958,1343104.8933599985,684993.3967870361
109,72.80474154972512,50.36484458970863,128.521122752832,29.818044624539493,58451.86253023226,124850.84297402731,5820.948692318243,167849.45123452626,0.0,923243.7525695488,609771.8185559997,356973.1054311041
109,103.85053831945594,110.56157429714993,253.29411843860265,69.07945291606931,83377.22599280864,274074.2250668102,11472.138088403037,388856.7613853922,0.0,534977.1828118563,1482648.5311200013,757780.3505334142
109,108.0461363774125,164.16413786161482,316.4432184508095,118.27584482022414,86745.69507456876,406951.1415173736,14332.272385891732,665789.3197676844,0.0,131021.16700406774,2355525.2433600044,1173818.4287455184
109,106.61962839224071,169.58706237272295,501.0642529050854,140.21607219988533,85600.41185712077,420394.18302999873,22694.08518414927,789293.5660054182,0.0,0.0,3228401.955600005,1317982.2460766868
109,107.09335641749014,157.15837279871846,381.9634455345035,145.23004294541389,85980.74814867515,389584.35162839363,17299.799217233693,817517.8258031358,0.0,0.0,4101278.667840005,1310382.7247974381
109,109.75663606170542,156.35299147972944,370.1847862738175,149.3044690310412,88118.98327360742,387587.8690141723,16766.322931373583,840453.272817839,0.0,0.0,4974155.380080004,1332926.4480369925
109,113.5414361633203,140.7018034568402,398.79760397729495,153.1592170046171,91157.63996731883,348789.69472968316,18062.247991995006,862152.1246426041,0.0,0.0,5847032.0923200045,1320161.707331601
109,118.3191675830518,132.63530779597426,449.1448239446434,156.80495743933665,94993.47942238755,328793.4296501472,20342.562526707068,882674.4472501568,0.0,0.0,6719908.804560005,1326803.9188493986
109,121.76400785921844,149.4441366358993,386.17391838924516,159.29286847680083,97759.19668166213,370461.31261825236,17490.498970961995,896679.2053628003,0.0,0.0,7592785.516800004,1382390.2136336768
109,122.24478984933799,110.88380407152445,393.57917658918063,165.98249579808726,98145.19630469885,274873.0096017318,17825.896196817957,934335.9427169774,0.0,112.53335522534326,8465662.229040002,1325180.044820226
109,118.13492716477266,116.7512941947872,400.1278478465115,168.6734349824644,94845.56054550494,289418.09743033245,18122.49708681401,949483.5713120288,0.0,0.0,9338538.941279992,1351869.7263746802
109,118.63778086749114,120.74599330856533,436.88479156366833,172.90401596623883,95249.28061755607,299320.6704620918,19787.284001844946,973298.0335100417,0.0,0.0,10211415.654599998,1387655.2685915343
109,127.3278194253362,113.98700933878247,442.61276272222756,177.55931125209446,102226.14679897987,282565.63323027315,20046.71393453527,999503.2649027964,0.0,3368.517456446658,11084292.36359999,1404341.7588665846
109,121.05449621764228,125.48295409635412,509.8746755080885,180.95323997310012,97189.55964904271,311063.257028341,23093.124788155466,1018608.1083129869,0.0,0.0,11957169.078000002,1449954.0497785262
109,116.95651208005789,159.9907342956472,529.0477523957222,184.8097201119416,93899.46067523406,396605.5729461496,23961.507311170182,1040316.7107096937,0.0,0.0,12830045.792400014,1554783.2516422477
109,157.73032520922416,166.08433606168128,672.8396203598475,189.88360222075553,126635.03900609902,411711.1753447091,30474.095031100667,1068878.2189613855,0.0,7355.746040978236,13702922.50680002,1637698.5283432943
109,119.4509133370567,188.9568348595784,675.7624233494864,194.16256517810797,95902.11045141314,468410.4619026864,30606.473941866665,1092965.0292565648,0.0,0.0,14575799.21040002,1687884.075552531
109,120.66261397642731,158.4942706307348,1379.7779909779135,197.91518864330348,96874.9338924786,392895.94668667554,62492.58269956562,1114089.0096266426,0.0,7077.867333169561,15448675.924800033,1666352.4729053623
109,116.38500805867393,211.54907640670206,1410.5752163755706,202.2242486308472,93440.62415192061,524415.0108059822,63887.44344358733,1138345.2398172242,0.0,5526.132504783571,16321552.639200049,1820088.3182187143
109,111.70781852011271,208.93341556932103,736.9994054330132,196.34610570943266,89685.50554128592,517930.9749047198,33380.005040456184,1105256.448246178,0.0,0.0,17194429.353599966,1746252.93373264
109,107.48132406310259,230.31688582981505,600.0782872014775,192.47292620481622,86292.23104120116,570939.0663518688,27178.605713643607,1083453.8430596641,0.0,0.0,18067306.067999966,1767863.7461663778
109,105.4164107973398,190.84679455718424,1494.5749711243348,189.30857812367358,84634.39909539603,473095.5366478836,67691.94072844394,1065641.337389936,0.0,0.0,18940182.7824,1691063.2138616596
109,104.85945927490903,203.56564447125396,1522.6640529392557,185.55998355832935,84187.24616095574,504624.6547533372,68964.14486545131,1044540.0361940842,0.0,0.0,19813059.486000013,1702316.0819738284
109,129.85355903923278,220.5742688569175,1554.65726788514,182.932384169586,104253.95682283402,546787.8165714242,70413.17408892344,1029748.9551215922,0.0,0.0,20685936.2004,1751203.9026047739
109,102.21150667657092,230.51396168457956,734.7310438080102,180.99112551317413,82061.31647602006,571427.6032826906,33277.266935217565,1018821.3706912285,0.0,0.0,21558812.914799966,1705587.5573851569
109,100.01031730771213,266.0865453939157,1693.4707243879338,176.0887396491166,80294.07418310338,659609.4908484131,76700.2807590082,991225.2359552586,0.0,0.0,22431689.629200023,1807829.0817457833
109,102.91781677714576,239.34932741509957,1697.3564043420233,176.27089349563238,82628.38312612716,593329.8422040167,76876.27006849332,992250.6024258947,0.0,0.0,23304566.343599975,1745085.097824532
109,113.15826848821216,248.85515655725942,537.5824479071682,169.91843954285724,90850.01076907282,616894.1119090848,24348.058748105803,956491.8555532575,0.0,0.0,24177443.047199983,1688584.036979521
109,206.70176660729254,314.89464558445405,1721.442046365329,173.74500766234465,165952.1480236782,780601.2759396088,77967.15134494184,978032.0795033857,0.0,0.0,25050319.76160006,2002552.6548116147
109,323.2692935937084,320.2134575575189,1304.6575590245768,174.71168957044645,259539.30894018922,793786.2299262073,59090.24563014781,983473.6512038888,0.0,0.0,25923196.47599994,2095889.4357004333
109,121.74375719825522,326.6879473897234,830.7314768335671,170.87336250083925,97742.93827835526,809836.0265643701,37625.296139388105,961867.2346730749,0.0,0.0,26796073.190400027,1907071.4956551883
109,420.55520505890536,280.9465315716576,808.9336781701662,157.87860885739437,337646.0723466381,696446.3324189035,36638.03533036795,888718.1635168447,0.0,0.0,27668949.90479996,1959448.603612754
109,479.9601447581536,363.86012717741056,585.7131118609773,164.31225875314527,385339.79798874643,901983.1982568877,26527.981545241186,924933.9723679771,0.0,0.0,28541826.60839998,2238784.9501588526
109,125.6745955987405,274.3708161963223,724.5796601318744,158.22131830416978,100898.84297526014,680145.6049083567,32817.49283529421,890647.3172658066,0.0,0.0,29414703.322800077,1704509.2579847176
109,136.41386461958953,367.38958808799697,1979.7858200897344,151.03744255078476,109520.95004026654,910732.4790999112,89667.99724185883,850208.3945220147,0.0,0.0,30287580.037200004,1960129.820904051
109,147.62720184896372,389.7327448775555,807.0033747920501,146.11459137408718,118523.66651566059,966119.5647268418,36550.60848033777,822497.0580168064,0.0,0.0,31160456.751599927,1943690.8977396465
109,159.72984511391167,297.2572513738565,1463.319156270932,146.16176230183,128240.3693748008,736879.438753432,66276.30965783654,822762.5889875845,0.0,0.0,32033333.466000028,1754158.7067736539
109,167.5704624256463,392.364149247629,683.6246703781937,144.94940817115494,134535.27099112832,972642.6277182114,30962.56899908502,815938.0980426533,0.0,0.0,31893789.830399953,1954078.565751078
109,165.15992743227753,361.0688304554734,5129.860661304619,143.3417683796559,132599.9539079618,895063.7735755753,232340.4516596314,806888.4953546275,0.0,0.0,31020913.116000034,2066892.674497796
109,199.89148561075635,409.0625469484975,1904.8383783074626,140.95399739706218,160484.46006643292,1014036.7598008706,86273.49520288952,793447.4379630828,0.0,0.0,30148036.40159993,2054242.1530332756
109,159.60008548452083,451.99793588831307,1303.4021730531806,133.73510888302002,128136.19083013902,1120470.5142623913,59033.38698176354,752811.4240707427,0.0,4100.857751841424,29275159.68720006,2060451.5161450366
109,158.62256679749174,386.40338805558866,4927.863590840624,127.30554260834802,127351.38222154128,957866.3275895067,223191.64749433636,716618.6024263764,0.0,0.0,28402282.97279996,2025027.959731761
109,157.29121139263708,368.161921223245,699.4000898961174,113.29003080869028,126282.49300571604,912647.037633309,31677.06561759208,637723.5576987441,0.0,0.0,27529406.25840003,1708330.1539553613
109,522.462977126216,356.352168932357,778.3309690302277,111.44113839082493,419463.53308952524,883371.5074327632,35251.984571286834,627315.9142184947,0.0,0.0,26656529.554800015,1965402.9393120701
109,509.83400697792916,408.3454597413869,1461.4018094255673,109.07161406774088,409324.26452963497,1012259.1519670136,66189.46963206342,613977.5695240473,0.0,0.0,25783652.840399932,2101750.4556527594
109,487.1651706247354,364.5150056186493,849.2062784739392,102.82665587487618,391124.4099867516,903606.5950150875,38462.052542895275,578823.9295435019,0.0,0.0,24910776.12599999,1912016.9870882365
109,241.80471302943906,389.124379976844,1098.7751363714383,108.68290161159625,194134.8261707056,964611.4717046474,49765.46700042104,611789.4591608947,0.0,0.0,24037899.41160004,1820301.224036669
109,99.0443218956949,220.38202826134855,517.2047848639853,86.35804374267742,79518.51712698086,546311.2659018821,23425.118390108473,486120.0804551242,0.0,23832.77980560495,7819139.518919991,1135374.9818740955
109,101.01675093197186,192.73175079259858,291.26512547285756,87.54515510611775,81102.09737773081,477768.20816861966,13191.912075805294,492802.47674960643,0.0,0.0,6946262.806679992,1064864.6943717622
109,121.05198283922049,176.18704642730117,344.14457852516284,93.74975582212437,97187.5417632997,436755.0708584425,15586.915920327325,527728.9395148403,0.0,0.0,6073386.094439994,1077258.4680569097
109,106.80162195016561,180.68621621339972,651.3099833845919,95.1815070076781,85746.52682439866,447908.1905603637,29498.979738665686,535788.4435442159,0.0,0.0,5200509.382199991,1098942.1406676439
109,103.80084149676699,163.70518743707984,412.34503037608,104.44865943122335,83337.32650568499,405813.43628164276,18675.83486620824,587954.3876356219,0.0,1044.4550765717868,4327632.669959992,1095780.9852891578
109,96.82774452367724,156.90605887476377,346.3533769090775,104.34918552934269,77738.92045403189,388958.88347979804,15686.956301153823,587394.4367718727,0.0,0.0,3454755.9566399953,1069779.1970068566
109,84.6058663139331,148.39938812140318,625.459960650911,111.85612086629745,67926.48887649129,367871.45586810657,28328.186542924625,629651.9017608395,0.0,1474.0260118920123,2581879.244399998,1093778.033048362
109,68.14314768471661,128.19685576683247,302.8415949266697,92.78168790697528,54709.26502944792,317790.8249195577,13716.230828127624,522279.5658097046,0.0,156265.56479789357,1709002.5321600016,908495.8865868379
109,50.937521830411455,66.18513783771016,197.11767203226105,46.81761805790751,40895.5922414528,164068.21700148346,8927.807590474249,263542.1469810342,0.0,571510.3195337695,836125.8201359981,477433.7638144447
109,58.908382887159725,83.65643734187694,250.6532453936483,61.89036796209187,47295.0610784985,207378.3173049131,11352.528282883603,348388.5154089128,0.0,445721.80243529193,1116750.8923200008,614414.422075208
109,77.02272487641568,115.29020260685857,363.04682709445336,114.98932006798441,61838.303802029615,285796.1560166102,16443.032150364394,647289.0665459108,0.0,67928.14758984337,1989627.6045599966,1011366.558514915
109,92.77659830763538,105.9888526246222,652.2242151367393,128.40754005999213,74486.42567595183,262738.7755056822,29540.386909783952,722821.8820125933,0.0,0.0,2862504.316800001,1089587.4701040112
109,101.08122794204598,109.75168373281089,559.962629738257,132.42280470851912,81153.8632551859,272066.5643562855,25361.696719616986,745424.302000321,0.0,0.0,3735381.0290400037,1124006.4263314093
109,106.89240127115106,121.32307833457212,718.8028732071218,137.0820799182361,85819.40972018101,300751.22291493026,32555.851950316028,771651.9368754133,0.0,0.0,4608257.741280001,1190778.4214608406
109,109.73253473530704,111.77217015512721,776.0583216793148,141.69078278180066,88099.63333310289,277075.2055046653,35149.05235795067,797594.8937759363,0.0,0.0,5481134.453519993,1197918.784971655
109,110.78926617905819,118.42475616367487,757.7183376642636,145.66875876097947,88948.03852988982,293566.48981003003,34318.402082860404,819987.4112443618,0.0,0.0,6354011.165759994,1236820.341667142
109,117.68652916138493,127.76214994302715,690.7619238957183,148.98986408833122,94485.56066232495,316713.22031281376,31285.827819422884,838682.3227889399,0.0,0.0,7226887.877999988,1281166.9315835014
109,129.03248089703052,162.56183636972136,920.2072087973647,153.52372316279553,103594.74774286215,402979.15086414886,41677.8101060653,864203.9747686685,0.0,0.0,8099764.591320013,1412455.683481745
109,138.4073664907755,170.45649296037197,504.8148445378209,156.61000161676046,111121.44878317791,422549.4391944854,22863.95610491595,881577.0168771584,0.0,0.0,8972641.303560013,1438111.8609597376
109,194.49209220608836,163.58984935348062,751.8876448873255,162.57474437607945,156149.51437033783,405527.521432075,34054.31970660775,915153.2896178217,0.0,0.0,9845518.0158,1510884.6451268422
109,159.4735852855836,179.19227577071356,1008.2936678836858,168.16026334967532,128034.62914499416,444204.81918809365,45667.40144985992,946594.8648915584,0.0,4074.3905803414527,10718394.728040013,1564501.7146745063
109,179.80780004476338,185.98327306933373,533.1320612159054,171.20308256184526,144360.1142777449,461039.2151695382,24146.492872894476,963723.2695673056,0.0,8712.405877480865,11591271.439200003,1593269.0918874834
109,212.52615974519628,214.7041496939845,1117.040323536376,173.71130614265832,170628.3081167163,532236.2115417537,50592.72959403505,977842.3694920033,0.0,0.0,12464148.153600011,1731299.6187445084
109,170.13228766237953,201.66572770771708,541.743969488803,177.4906903901691,136592.0526426604,499914.8971547496,24536.541412198752,999116.9896066647,0.0,0.0,13337024.868000029,1660160.4808162735
109,217.95977370713717,204.228080859865,953.9081747182644,183.67516093738496,174990.72805785155,506266.7871218278,43204.18638807455,1033930.1371687277,0.0,0.0,14209901.582399962,1758391.8387364815
109,328.6108591551468,215.87345361901953,961.6075025058226,186.91354955817133,263827.8270950153,535134.832234873,43552.902545051395,1052159.4261689791,0.0,0.0,15082778.285999982,1894674.9880439187
109,258.7017411730991,257.08419218444834,1259.638434561042,192.42633888086033,207700.73884616117,637293.3019252053,57051.24995331032,1083191.59726659,0.0,9428.033526941668,15955655.000399968,1985236.8879912668
109,358.15387045230347,235.15236232322022,580.6473101231063,197.25989825299598,287546.66735614144,582925.8662973627,26298.542435389078,1110400.2991898134,0.0,69.14143627439626,16828531.71479998,2007171.3752787067
109,369.78579757925775,234.78313774763453,649.3387312473606,199.8093830381204,296885.4520412301,582010.5850156645,29409.69824699592,1124751.6635231317,0.0,8281.31863317918,17701408.429199997,2033057.3988270222
109,209.03282465725528,260.9799500522706,2585.657442712886,203.26642632813642,167823.65641428696,646950.6066936925,117108.99335114044,1144211.7866274365,0.0,1486.3239606707357,18574285.1436,2076095.0430865563
109,156.96564816701002,317.0996040863841,1062.8899491820189,194.99246608900754,126021.11199530127,786067.2101628024,48140.163478558956,1097636.6438519394,0.0,0.0,19447161.847200025,2057865.1294886018
109,163.96397411494053,267.5724977489858,937.7164953269331,191.4962252894049,131639.7733289289,663293.0603235317,42470.8366245445,1077955.8731311755,0.0,0.0,20320038.561600007,1915359.5434081806
109,171.12437334721216,315.1310567965932,680.7521536657739,188.2803194198915,137388.55648064797,781187.3224044502,30832.467642649008,1059853.1423110773,0.0,0.0,21192915.276000034,2009261.4888388244
109,177.755226329891,349.8804542454574,676.3166983802719,182.93806377786655,142712.1892379596,867328.5901810754,30631.57803718211,1029780.9263371807,0.0,0.0,22065791.990399998,2070453.2837933977
109,185.11999289089766,278.9688487563407,680.0777019993376,180.88925274413498,148625.05031579468,691543.7983469923,30801.920535203295,1018247.9163083448,0.0,657.7611060404452,22938668.704800062,1889218.685506335
109,191.244596593299,342.39128008160264,770.2473831788601,179.85282135461594,153542.236834758,848763.4637490636,34885.86468777746,1012413.7161733756,0.0,0.0,23811545.408400018,2049605.2814449747
109,239.92746859546747,357.43357019497665,1103.8618235073584,172.1477679249753,192627.6656306849,886052.223720704,49995.85204684652,969041.0200028983,0.0,0.0,24684422.122799974,2097716.7614011336
109,205.37718465281498,384.25893706976,951.2700706056454,168.31113324232643,164888.6969260561,952550.3871656202,43084.701992392125,947444.130127028,0.0,0.0,25557298.83720004,2107967.9162110966
109,204.04490584427163,329.84075987309603,763.4421655537467,169.3702219887307,163819.06634827662,817651.6229291516,34577.64435957486,953405.8713186794,0.0,0.0,26430175.551599983,1969454.2049556826
109,201.91580539309325,320.98364666048246,1133.86502147426,169.9327575914274,162109.7012130356,795695.473557112,51354.74988581636,956572.453614784,0.0,0.0,27303052.266000073,1965732.378270748
109,200.6427548993945,329.76466978813636,1129.2304759916015,168.8163933275179,161087.62255623683,817463.0010575551,51144.84313361149,950288.3014701852,0.0,0.0,28175928.969599944,1979983.7682175885
109,198.44451186340643,331.5448916565343,1709.3589234515332,165.37917886426325,159322.7457499665,821876.0435827711,77419.885362373,930939.7972775975,0.0,0.0,29048805.684000038,1989558.4719727081
109,583.4656277344516,336.3945294059948,1737.3606831630866,159.81490146331217,468439.99357042706,833897.9482678999,78688.13452705737,899617.7934364171,0.0,0.0,29921682.39839995,2280643.8698018016
109,596.0531079063527,345.3392022150939,1793.4468609096464,163.7861431572867,478545.95157465216,856071.1516092457,81228.37659791783,921972.4027827565,0.0,0.0,30794559.11280005,2337817.882564572
109,347.1914208820213,418.7477458461699,1861.8057009977044,152.96594447071243,278745.378021997,1038045.6742846967,84324.46922686434,861064.1697091707,0.0,0.0,31667435.827199973,2262179.691242729
109,188.95891317549425,395.4010010969117,1119.794432284838,156.51965074700595,151707.15782642298,980170.7659753412,50717.46804460626,881068.4206865693,0.0,0.0,32259687.46920005,2063663.8125329397
109,555.682142942195,486.14883880296554,3605.5750099144643,142.45582254557402,446133.8030789931,1205128.1569485313,163302.86173565552,801901.3969735426,0.0,0.0,31386810.754799943,2616466.218736722
109,208.5546494842603,416.14218552254044,4985.2109060018865,143.72672511428559,167439.74969499474,1031586.6768336992,225789.00870660882,809055.4642981059,0.0,0.0,30513934.040400036,2233870.8995334087
109,504.6427251091508,405.31312224503574,4927.977198659385,148.59803105656616,405156.40282598103,1004742.204467516,223196.79299314533,836476.6463206983,0.0,0.0,29641057.325999934,2469572.0466073407
109,473.9361216576774,477.6689100993952,626.1786799922894,139.21249122920256,380503.3634014815,1184107.0209631987,28360.738611570858,783644.2849301633,0.0,0.0,28768180.611600008,2376615.407906414
109,361.94309671126473,383.6826826892777,1247.0754262731405,127.88963823905235,290588.8776252827,951121.8938235523,56482.249114392325,719906.5487795562,0.0,0.0,27895303.897200078,2018099.5693427837
109,351.3801221187368,386.9510240442584,1719.4879563721563,133.61469579552758,282108.30993628013,959223.8779877126,77878.64715709479,752133.6039483452,0.0,0.0,27022427.193600044,2071344.4390294326
109,228.7422860645689,368.9727039902259,548.2004948689789,129.22637922985476,183647.55337762373,914656.9100502899,24828.9688526354,727431.2287032099,0.0,0.0,26149550.479199972,1850564.660983759
109,336.43679666483024,404.8615527858494,1687.3843464081945,116.65129793742587,270110.9429161707,1003622.7961163134,76424.6179482323,656644.544977253,0.0,0.0,25276673.764800023,2006802.9019579692
109,265.9865835459274,423.2993436888508,689.6934763177358,114.37114816959837,213549.432157436,1049328.7593843695,31237.435941117954,643809.3006786577,0.0,0.0,24403797.050399948,1937924.928161581
109,262.1455114394913,408.4106172127136,603.778140276936,120.61941790208064,210465.59703962618,1012420.6726723282,27346.178595517496,678981.5817241875,0.0,0.0,23530920.336000063,1929214.0300316592
109,238.0167932463978,340.86491326712536,483.30559911419203,105.26816620235131,191093.664816089,844979.7097232641,21889.764381877445,592567.4923361094,0.0,0.0,22658043.632400036,1650530.6312573398
109,292.86299180653776,401.8041429946223,465.6009155348992,110.5355043258612,235127.36908181378,996043.6961933138,21087.887985831705,622217.988357241,0.0,32871.20584872551,21785166.917999975,1874476.9416182002
109,219.70478689724465,346.9800024752533,453.2740402053981,96.15728331548965,176391.7256979838,860138.5779519998,20529.582025747426,541281.2087424754,0.0,0.0,20912290.203600023,1598341.0944182065
109,202.2551452987659,320.0098246956564,633.0335479287978,95.85686521723272,162382.14293997796,793281.4386443547,28671.207690087787,539590.1182109438,0.0,0.0,20039413.48919998,1523924.907485364
109,178.147420145282,354.3013485476088,1427.4661355067185,91.01187620142666,143027.06514431504,878287.6705638126,64652.4630101966,512317.0774136579,0.0,0.0,19166536.7748,1598284.2761319822
109,137.9970584823324,298.39794281349845,686.12018619303,91.20644634245429,110792.02975367432,739707.13114428,31075.595318867236,513412.33673764573,0.0,0.0,18293660.07119998,1394987.0929544673
109,126.2490201398155,332.5195889778042,382.28183998362545,89.20100646468623,101360.0242609045,824292.248441466,17314.219864303686,502123.46829554206,0.0,0.0,17420783.35679997,1445089.9608622163
109,117.43577924877681,278.3958598618588,543.964488902326,80.86423305930981,94284.24411192929,690123.3999108688,24637.11265916235,455194.74245926045,0.0,0.0,16547906.642399976,1264239.499141221
109,109.23323292018654,304.28944956239616,1090.4233800583327,82.06059728609847,87698.76492209993,754311.7544679336,49387.20120295498,461929.2242628672,0.0,0.0,15675029.927999971,1353326.9448558555
109,150.76966187311024,259.40541784445475,556.2616557727033,77.64789414187617,121046.61539822353,643047.4541070618,25194.073070650546,437089.5739590028,0.0,0.0,14802153.213599961,1226377.7165349387
109,105.91141142539179,283.1788109031727,1180.7378353692109,76.06779742179415,85031.81426434506,701979.9930221193,53477.70243169333,428195.0146174097,0.0,0.0,13929276.510000022,1268684.5243355674
109,132.74145100402583,290.84551987744715,953.2042413618927,68.91548214177809,106572.52372569096,720985.2155354097,43172.304002809906,387933.7496711823,0.0,21898.693918896257,13056399.795600008,1258663.792935093
109,117.64205781658275,227.5187064897356,428.2416563352764,79.65742348412851,94449.85649144843,564002.5801530647,19395.821138561416,448401.46250112227,0.0,0.0,12183523.081200024,1126249.720284197
109,120.97183437158924,233.99945266234423,418.11564989545093,74.2723977981459,97123.19393220698,580067.8858110558,18937.196418501466,418088.48867412144,0.0,0.0,11310646.36680002,1114216.7648358857
109,88.80541193159499,216.64841407197025,335.65818039691123,79.95103690704372,71298.12728778015,537055.9037007065,15202.551957197773,450054.24867580156,0.0,0.0,10437769.655639987,1073610.831621486
109,119.76602125759851,249.69945104132464,328.5510557704418,79.51116392558251,96155.09733745431,618987.0574728522,14880.65772756089,447578.14940501313,0.0,8208.6618995826,9564892.943400001,1177600.9619428804
109,133.1342776437713,200.275499309012,340.7855130267118,86.70091828769357,106887.90770008406,496468.6205124063,15434.777909844614,488050.1635624479,0.0,0.0,8692016.23115999,1106841.469684783
109,178.06024617387595,178.69227351729705,4761.509794601569,127.45088542867633,142957.07683195543,442965.3494083989,215657.1901853835,717436.7550899789,0.0,0.0,30193896.463200048,1519016.3715157167
109,180.59716456421322,180.2234177712881,1353.9043562972129,126.72297355963404,144993.86182488248,446760.94636462745,61320.72007703164,713339.2493915235,0.0,0.0,31066773.177599974,1366414.777658065
109,457.73912869379575,263.9897192545297,726.9257113935179,116.99083808684001,367499.4795063463,654411.6090083128,32923.74964142123,658555.8583604367,0.0,0.0,31939649.8812,1713390.696516517
109,129.8412847360809,257.5187606718397,851.5072100322744,123.98197085336913,104244.10230147709,638370.566084814,38566.265797951906,697909.8070564523,0.0,0.0,31987473.40440008,1479090.7412406954
109,128.36623299760188,168.29104422573792,1340.174099699348,118.72568541298581,103059.84534777762,417181.4468550164,60698.852500117915,668321.5279519837,0.0,0.0,31114596.689999975,1249261.6726548956
109,128.2267025920246,168.97181028017724,617.3512875537925,114.36851007002329,102947.82225818226,418869.01715245796,27960.930413736576,643794.4504907412,0.0,0.0,30241719.97560005,1193572.2203151179
109,127.04744255161198,151.51379905128456,1115.607704551788,123.08520955669897,102001.04400854703,375591.85753182316,50527.84374938704,692861.8271023752,0.0,0.0,29368843.26119996,1220982.5723921326
109,125.88667364462736,135.98114925675554,1798.4034747031264,124.48943629651542,101069.11151162178,337087.5310265933,81452.87039287924,700766.3926315671,0.0,0.0,28495966.546800032,1220375.9055626614
109,126.22051849243476,183.74676857088173,4319.909650771185,127.95222747413584,101337.14148789931,455495.0806800615,195656.33954933204,720258.8713041964,0.0,0.0,27623089.843200058,1472747.4330214893
109,124.74582043775379,122.44548121830208,4132.895802278824,119.52841564525532,100153.1684920342,303533.57928536565,187186.15197619228,672840.1954458581,0.0,0.0,26750213.12879997,1263713.0951994502
109,124.19700503797506,123.09367134736937,960.3166108323444,126.85211601007569,99712.5477080097,305140.39619666076,43494.43578069618,714066.2081747254,0.0,0.0,25877336.41440003,1162413.587860092
109,125.16603662819809,121.80625298195562,744.2335736669365,114.29383594876049,100490.5423838164,301948.9782643399,33707.65329950735,643374.1006511321,0.0,0.0,25004459.699999966,1079521.2745987957
109,126.74771943718454,150.8451024348704,756.329942996409,116.0227231044009,101760.40893576568,373934.2065069206,34255.51923564305,653106.2197077197,0.0,0.0,24131582.98560002,1163056.354386049
109,128.05898080588736,167.86880694262953,849.5924175048514,113.53345531018917,102813.16549575255,416134.75086775393,38479.54146175077,639093.8242439891,0.0,0.0,23258706.281999994,1196521.2820692463
109,128.38758973572575,152.22781057940117,846.9800703674516,121.5586599341006,103076.99177388035,377361.84097771166,38361.22364497778,684268.6909775289,0.0,0.0,22385829.567600034,1203068.7473740987
109,126.24137898637763,186.70465314188303,754.3954855603793,121.31626210120885,101353.88950043677,462827.4647093938,34167.904240991484,682904.2036765127,0.0,0.0,21512952.85319997,1281253.4621273347
109,124.32257634984346,158.58741533449498,749.9554758239543,122.90374825839639,99813.36362882523,393126.84573695075,33966.80835639648,691840.3590710568,0.0,0.0,20640076.138800014,1218747.3767932293
109,121.53479115758977,183.61536327643088,500.0688295644751,119.71585980652722,97575.16823999694,455169.3363654093,22649.00070255808,673895.3417508143,0.0,0.0,19767199.42439996,1249288.8470587786
109,116.54250523409516,168.05031027873932,686.9681600127202,121.77817131367165,93567.07200477555,416584.6846400213,31114.001551174577,685504.3476097687,0.0,0.0,18894322.720800027,1226770.1058057402
109,111.8974244988976,195.36833545498473,579.1856365063553,119.80106670032093,89837.73220085418,484304.1127336576,26232.340655123073,674374.9818662129,0.0,0.0,18021446.006400034,1274749.1674558478
109,107.97260476119648,193.10841193942545,705.537707273564,119.63607971411874,86686.6596349642,478701.9241778716,31955.049151208623,673446.2497698069,0.0,0.0,17148569.29200002,1270789.8827338512
109,98.90967424345668,218.85487975955047,497.2290199894142,123.02139824178444,79410.41419451908,542525.5741291932,22520.380710152833,692502.6253396231,0.0,0.0,16275692.577600034,1336958.9943734882
109,96.69439287834386,193.44535073193663,439.6277585526781,122.07753439051929,77631.85803096315,479537.1713154011,19911.517822447768,687189.499295651,0.0,0.0,15402815.86320002,1264270.046464463
109,92.1500711962516,208.9585260736526,536.1749665526349,127.17805342844107,73983.41342968137,517993.2220467261,24284.311431130605,715900.9501069447,0.0,0.0,14529939.159599999,1332161.8970144829
109,87.94750241022331,237.94818337946577,480.064957233734,129.96132587983408,70609.34784376077,589856.5064794257,21742.98998625843,731568.3340512969,0.0,0.0,13657062.445199985,1413777.1783607418
109,78.98955687059615,233.7182640590391,415.34682349098614,131.52815300272377,63417.39042326813,579370.839400145,18811.79137928996,740388.1971934955,0.0,0.0,12784185.730799979,1401988.2183961985
109,75.03391252729833,223.38976288836358,416.7711033073542,136.69905603151372,60241.57007899815,553767.2246501739,18876.29952827748,769495.8481712211,0.0,0.0,11911309.016399968,1402380.9424286706
109,141.76558227081185,272.73686242108664,457.13275256771624,142.62881989238448,113817.61888066359,676095.1505114328,20704.349925360824,802875.2203778871,0.0,0.0,11038432.301999995,1613492.3396953444
109,216.66486603576243,251.50246172699445,409.75296617020416,145.44996301413912,173951.10119309791,623456.5918441159,18558.43569923539,818755.782997036,0.0,0.0,10165555.593000008,1634721.9117334853
109,129.1529263288058,265.00612206030934,394.8000889070807,150.4473499803345,103691.44831030685,656931.198776464,17881.19347253491,846886.6906552851,0.0,0.0,9292678.88076,1625390.5312145909
109,141.78441146735676,277.819559074729,381.42167793430474,156.329095151622,113832.73605002055,688694.7915300449,17275.261605544896,879995.7597352022,0.0,0.0,8419802.16852001,1699798.5489208126
109,92.39025058357866,269.406050643363,364.9044984173969,158.53127293993606,74176.24335025801,667838.3066429701,16527.169366305476,892392.0901433061,0.0,0.0,7546925.45628001,1650933.8095028396
109,94.22626108297962,301.21860240947376,401.6817791138267,162.2522710667987,75650.29889980968,746699.3442875774,18192.877379054582,913338.0475829362,0.0,1293.821821612888,6674048.7440400105,1753880.568149378
109,205.29287779266522,284.9431680828996,475.45138920762497,168.85861552414846,164821.0104966432,706353.7081202335,21534.033340119044,950525.9754231086,0.0,10933.639552979614,5801172.030719991,1843234.7273801044
109,188.82306936351057,301.45547715504813,439.1296944696169,170.0810539366875,151598.09454764973,747286.5398186098,19888.959620255886,957407.2320345438,0.0,0.0,4928295.318479997,1876180.8260210592
109,120.26574198938795,294.1475296371184,376.1158734438838,178.24851792749308,96556.30207901793,729170.6612637118,17034.95234704574,1003382.8942919626,0.0,7322.80700556119,4055418.606240005,1846144.8099817382
109,105.64767588994118,274.20896424541667,364.2646577966844,134.6282287552498,84820.07210395338,679744.385512721,16498.189854263775,757838.9059974768,0.0,355693.78475402563,3182541.8940000036,1538901.553468415
109,97.72281566591852,209.04258200415205,327.06458624526283,88.94295391680316,78457.53539925949,518201.59067895985,14813.33289679823,500670.8586728374,0.0,819432.0937463491,2309665.181760003,1112143.317647855
109,82.19932800562704,132.67298001266465,247.9456563101979,52.10078816897456,65994.38056353519,328886.8163775125,11229.896790121466,293281.763212994,0.0,1267141.266825715,1436788.469520001,699392.8569441631
109,56.804581586306334,54.86224215006367,113.9101329869563,22.79360528846377,45606.00756617447,135999.56945524426,5159.191154339722,128308.01575018189,0.0,1685820.3775552225,563911.7571720002,315072.78392594034
109,85.96078438196867,125.39475871616054,243.18042065126141,51.519616920414045,69014.29556279689,310844.6269967528,11014.070848958316,290010.278567623,0.0,1378645.374627858,1388964.9549599993,680883.271976131
109,109.7434530412336,196.35394253953592,328.5468421989563,88.82527591876394,88108.39918136355,486747.36211424903,14880.466887464701,500008.43470634404,0.0,1028827.4020699961,2261841.6671999954,1089744.6628894215
109,125.72216401425726,260.8431164996298,365.46111568549236,130.9917727476894,100937.03365385307,646611.4061157197,16552.379545686443,737368.846575633,0.0,659293.6813588577,3134718.3794399933,1501469.6658908923
109,136.88547220514863,332.2138161291413,395.9341081228092,178.0334174192606,109899.58392004602,823534.2594468583,17932.555206150897,1002172.0669985665,0.0,217366.91463244776,4007595.0916799917,1953538.4655716217
109,174.38773963344477,384.8981649262849,517.0148178175717,195.88820547130106,140008.5759119151,954134.9872450955,23416.51444698442,1102678.8713239376,0.0,22239.998533315258,4880471.803919998,2220238.9489279324
109,151.64449092994485,375.5330271819516,725.7032891826369,196.50355978640573,121748.97882509763,930919.4814399448,32868.383979983824,1106142.776667352,0.0,11438.239792527049,5753348.517239996,2191679.6209123787
109,308.7741661714189,368.5679680426406,457.333323747514,191.59603092509508,247901.78125434218,913653.5986204707,20713.434148418895,1078517.6913654578,0.0,15536.34416214889,6626225.229479996,2260786.5053886897
109,187.5791783065164,408.8963120864274,673.5512744671455,186.61284000026865,150599.42677521694,1013624.6754823304,30506.327102814095,1050466.6949751503,0.0,48669.56357540842,7499101.941719995,2245197.1243355116
109,313.34227519803113,405.9994916814758,483.0982636710028,183.98062108803413,251569.32371329423,1006443.6651476639,21880.373793380764,1035649.6100351103,0.0,45507.07198727259,8371978.653959994,2315542.9726894493
109,170.36820853681294,362.32973699618475,499.36704228437486,171.40964756126434,136781.4635824819,898189.470593043,22617.215516878983,964886.0494287395,0.0,0.0,9244855.366199994,2022474.1991211432
109,171.42295599999468,393.90105481211543,459.90012040637885,169.52326444334753,137628.27592477834,976452.5065505749,20829.688903550476,954267.3661734386,0.0,51002.37185742811,10117732.07844001,2089177.837552342
109,181.5312460849645,343.88057957179063,501.9758383712726,171.6176643649098,145743.7965610108,852455.330532442,22735.37250030152,966057.0016752433,0.0,0.0,10990608.789599994,1986991.5012689976
109,214.82830450064432,357.48902882122445,533.5247064607025,157.81971054887222,172476.60324016286,886189.7016836288,24164.276469670564,888386.6176730926,0.0,0.0,11863485.504000003,1971217.1990665547
109,214.29554543523722,390.14921914721185,613.7002531626108,160.26244578281361,172048.8734111703,967151.9746164617,27795.568616315693,902137.0756152903,0.0,24595.420456308057,12736362.218399977,2069133.492259238
109,189.9295009209634,341.1452095981608,584.6005880578001,151.68606111824087,152486.4018737759,845674.5442551164,26477.59337683301,853859.5484450466,0.0,0.0,13609238.932799984,1878498.087950772
109,198.01264477589766,367.6682300837528,1112.410197780403,146.9017025256164,158976.01784333485,911423.2126530767,50383.02301905956,826927.8037785867,0.0,58300.13974068116,14482115.63640001,1947710.057294058
109,406.14236370217037,357.9053179761544,2393.6308963316646,145.94472733867505,326074.60867928166,887221.6526870986,108411.77183528242,821540.8724088157,0.0,0.0,15354992.350800019,2143248.9056104785
109,371.8824398244419,375.1807833157664,578.6177074396101,141.2320629637694,298568.7578490926,930046.2941208156,26206.61814439806,795012.703337346,0.0,13729.853314181557,16227869.065200033,2049834.3734516522
109,204.6144445253711,359.78878057700007,886.7200309329196,133.19214467176766,164276.32498259976,891890.6215947022,40161.11666280657,749755.011551201,0.0,39191.40073563054,17100745.77960002,1846083.0747913094
109,413.4415069351695,311.3006204428092,576.469200730752,140.12214427775464,331934.7835492432,771691.944991412,26109.308480044943,788764.8341457758,0.0,0.0,17973622.494000033,1918500.8711664758
109,439.209521552243,341.71444221486695,1363.872378164972,134.47330001661953,352622.837871165,847085.6311476311,61772.18939673032,756966.7930173336,0.0,0.0,18846499.197599977,2018447.45143286
109,200.50650333523905,278.99253416498175,2739.6874963709274,121.44616490017222,160978.23191040775,691602.5127788367,124085.28658772225,683635.442555332,0.0,0.0,19719375.91199996,1660301.4738322985
109,188.90482227716967,293.46891332952794,679.9477809258972,130.0871416764696,151663.73052092467,727488.4200347593,30796.036180271214,732276.5666898828,0.0,0.0,20592252.626400013,1642224.753425838
109,272.8459417362801,347.4548435301472,1020.9453196564315,126.51615464337127,219056.52212786436,861315.6749224191,46240.417108802314,712175.0402008559,0.0,10852.336460199673,21465129.34079997,1838787.6543599418
109,196.78935722368337,343.2547443516998,896.8180886678825,121.56863948817013,157993.89175765764,850903.9298396034,40618.475536649676,684324.86711836,0.0,7846.427525395877,22338006.055200025,1733841.1642522707
109,231.31736911075683,260.234908241584,3059.4341402442146,119.1868309364941,185714.97916632605,645103.7013994759,138567.1769467632,670917.3729859141,0.0,0.0,23210882.75879995,1640303.2304984792
109,224.44029441062548,271.086161668066,1658.170740076483,111.61870869230313,180193.66535591072,672003.1815558769,75101.48210929701,628315.4793487359,0.0,0.0,24083759.47320002,1555613.8083698205
109,237.03811504550777,290.9599797586285,743.7293195629426,111.18302697080611,190307.92528261797,721268.9533840741,33684.81474033226,625862.973197276,0.0,0.0,24956636.187599964,1571124.6666043005
109,250.10381075007825,267.86821206042106,1766.4307793018568,114.9765151224544,200797.8224092191,664026.1149246715,80004.77053583213,647216.9859280379,0.0,0.0,25829512.90200003,1592045.6937977606
109,263.2436664476126,233.77152417931345,1036.7741847841653,109.03586796244569,211347.25947266637,579502.8674242027,46957.33437339362,613776.350288074,0.0,0.0,26702389.61639997,1451583.8115583367
109,269.2983268378926,233.70385781542151,1200.9873253870865,116.77467686754399,216208.29145034563,579335.1273538874,54394.83760694659,657339.0601936259,0.0,0.0,27575266.319999933,1507277.3166048056
109,314.69069610293417,229.26428072542745,792.9707791033545,109.0167764780439,252651.914100796,568329.7336780138,35915.047431894134,613668.8819674499,0.0,0.0,28448143.03440003,1470565.5771781537
109,493.20169098100854,274.82485444604896,1090.2934959529616,127.78752348751962,395970.87809466786,681271.1332145118,49381.318522372065,719331.7322473677,0.0,0.0,29321019.748799957,1845955.0620789195
109,124.29625803394886,157.77186006551761,743.569451965602,166.7876521813295,99792.23376077058,391105.1426292926,33677.5740544298,938868.267313942,0.0,4904.6431936313165,6264674.483759994,1463443.2177584348
109,130.25597289232886,167.7257973214621,1733.4855876744734,171.64855878047837,104577.03796728625,415780.2402581888,78512.62460671196,966230.9101512915,0.0,6549.300505343708,7137551.195999993,1565100.8129834784
109,152.85241097412472,188.06168368634087,887.2526045466914,173.4217873968984,122718.76698541535,466191.44624844706,40185.23786260818,976212.6327601079,0.0,0.0,8010427.908239992,1605308.0838565785
109,229.12528111932752,192.0038507441244,749.9585355331461,179.75669515927441,183955.04398625696,475963.79607535957,33966.946936031,1011872.6099626732,0.0,6612.663249548757,8883304.620479997,1705758.3969603206
109,115.26627947657758,183.53406949814092,766.8980058388069,182.4535711175142,92542.44406230823,454967.81491069763,34734.16547110349,1027053.6573900958,0.0,13936.936556175118,9756181.332719991,1609298.0818342052
109,135.74526792093417,194.4127372597998,724.9802586382309,187.98203392677732,108984.1618931473,481935.25324078667,32835.63664933639,1058174.0564769502,0.0,7615.937801418477,10629058.046040006,1681929.1082602206
109,108.98459640667022,229.63495618736982,1130.5808654804878,192.3736721906262,87499.14513087897,569248.6116030883,51206.00465913419,1082895.1299708486,0.0,0.0,11501934.75719999,1790848.89136395
109,110.7039819178793,247.98675572355262,1206.226443934217,197.6790392525355,88879.5673863309,614741.4084308774,54632.12654126807,1112759.6955770836,0.0,8274.688490744913,12374811.471600002,1871012.7979355599
109,115.6155773711685,242.79732007978728,1241.3423543649365,199.93451395609972,92822.88063940649,601877.1690996205,56222.5881597397,1125456.0408952823,0.0,0.0,13247688.186000016,1876378.6787940492
109,120.74688750291574,243.95485584673656,700.9278386242164,199.4779570668791,96942.59355969788,604746.6173715951,31746.260056378003,1122886.0258497633,0.0,0.0,14120564.889600009,1856321.4968374344
109,183.89724151087444,253.40587542787557,1017.7157235138314,197.43928037091652,147643.35470020137,628175.0180999546,46094.14299416407,1111410.0632582954,0.0,0.0,14993441.604000024,1933322.5790526154
109,206.15141564194175,250.04309989611951,977.1727053564864,194.2325674938594,165510.29439869014,619838.9383742571,44257.8780793337,1093359.0809266851,0.0,0.0,15866318.318400035,1922966.191778966
109,133.657691323938,275.3405421525825,1427.9812333530463,190.98052089728517,107308.13451262828,682549.4861092055,64675.79270161833,1075052.9094960184,0.0,0.0,16739195.032799952,1929586.3228194704
109,203.37587460653168,281.9897866652624,1179.0219163530885,187.88756682255712,163281.9293280168,699032.4870856077,53399.985428144966,1057642.2894948178,0.0,0.0,17612071.74719997,1973356.6913365873
109,225.83289784804404,290.0491751329469,658.4569832429595,179.77306981056557,181311.7280390606,719011.1339422124,29822.67998799802,1011964.7848945974,0.0,0.0,18484948.46159997,1942110.3268638684
109,283.7384904692619,332.01332381438243,1621.3022239314503,174.1594873780118,227801.69102197068,823037.2533563725,73431.64188190595,980365.2369487708,0.0,0.0,19357825.165199976,2104635.82320902
109,338.6467748666127,276.5135810796004,1217.003547782633,176.48680204391678,271885.2413931067,685457.3656047665,55120.24061317873,993465.9782764142,0.0,0.0,20230701.87960002,2005928.825887466
109,263.57259182920313,291.1787438216653,886.062906446727,173.5597929747731,211611.339816586,721811.2538300513,40131.354333963944,976989.4831808934,0.0,0.0,21103578.594,1950543.4311614945
109,267.9508184218673,298.03035862723107,1761.2269939443963,172.81193437439006,215126.4336617558,738795.916270229,79769.0819040897,972779.6948713001,0.0,0.0,21976455.308399964,2006471.1267073746
109,292.1107182542836,321.1082347789703,1338.9551249725391,169.56580378544996,234523.40031102355,796004.3185807485,60643.64298132439,954506.8253773428,0.0,0.0,22849332.02280002,2045678.1872504393
109,279.9866716957845,330.979060495711,861.7466044633435,161.36797327539531,224789.5136483876,820473.3886558025,39030.02606044423,908360.2262373739,0.0,0.0,23722208.726400033,1992653.1546020082
109,148.5719509065524,375.04121421426044,1943.3166896279727,157.3664328654333,119282.16576810312,929700.3123131063,88016.24589760987,885835.0616814073,0.0,0.0,24595085.44079998,2022833.7856602266
109,235.53827159765544,389.3367056407257,534.3634703844144,162.43250423631542,189103.76410898264,965137.8118201904,24202.265569519033,914352.6023258298,0.0,0.0,25467962.15520006,2092796.4438245217
109,163.70133617201896,433.36525354704116,825.2106167527973,153.70058328067654,131428.91237937947,1074281.4290755698,37375.24663328915,865199.5421878402,0.0,23121.107125758543,26340838.869599942,2108285.1302760784
109,264.807527845886,390.80298917325007,647.7916005736217,151.15455840139367,212602.81796408384,968772.623692756,29339.625965652212,850867.654091282,0.0,0.0,27213715.584000032,2061582.7217137741
109,246.7832840416948,434.01692092671726,862.3139462376223,156.60056756738035,198131.91128097437,1075896.8658421088,39055.72197165594,881523.9114495119,0.0,0.0,28086592.287600048,2194608.410544251
109,366.0894347401998,348.0256733264397,2217.9434409909304,155.21638791092238,293917.79790316947,862730.7211087499,100454.5766169592,873732.193425344,0.0,0.0,28959469.001999978,2130835.2890542224
109,281.86575285628294,471.3669352196936,621.830772040437,147.11605465304126,226298.14881882616,1168484.8765380243,28163.814179504316,828134.4183441041,0.0,42970.71234401234,29832345.71640008,2251081.2578804586
109,204.75960786027466,429.1418442479193,729.2854333830703,140.47023746350095,164392.87051405277,1063811.8998729035,33030.625618965685,790724.2936254865,0.0,0.0,30705222.430800002,2051959.6896314083
109,169.20716861972065,510.05587545758385,936.3425697994263,149.28167292127455,135849.3135029484,1264391.9887672435,42408.60911025439,840324.9507040721,0.0,3897.833192849066,31578099.145199925,2282974.862084518
109,181.21962139684476,433.8469615658942,592.317158092999,140.90697912898807,145493.60621566686,1075475.5487578819,26827.090465665307,793182.7663324104,0.0,0.0,32349024.15120006,2040979.0117716244
109,164.43109065707444,361.8536232231997,768.4855064635001,136.2799281034057,132014.801538977,897009.2186456185,34806.06617884267,767136.5253646512,0.0,0.0,31476147.43679995,1830966.6117280894
109,555.142417960918,389.23722875216805,528.3900665128106,134.12779938857258,445700.48060935445,964891.2157372672,23931.7195556784,755021.9273647032,0.0,0.0,30603270.72240003,2189545.343267003
109,434.830457348601,465.4144548874754,649.9061750421142,135.75726088796227,349107.07154339744,1153729.1040678038,29435.398778895156,764194.3671381436,0.0,54040.41673450929,29730394.007999927,2296465.94152824
109,444.3242599932707,442.9578040390149,1661.7114367994543,128.95503196451793,356729.24607850483,1098060.6747964742,75261.84651880432,725903.7814760603,0.0,0.0,28857517.293600053,2255955.5488698436
109,192.8270503834137,395.50982954058344,697.3662967329639,125.83573493591605,154812.7223750034,980440.5438937019,31584.951532374573,708344.8737381119,0.0,0.0,27984640.579199962,1875183.0915391918
109,489.53990213431155,372.66492221093347,1284.9254786828624,126.30676060843592,393030.98195980303,923809.6546096089,58196.54485317346,710996.3353495407,0.0,0.0,27111763.87559995,2086033.516772126
109,256.21393396702877,375.9884467556075,626.0621042285684,117.56066494148915,205703.38315591912,932048.4339492004,28355.45868929152,661763.4840131544,0.0,0.0,26238887.161200013,1827870.7598075655
109,364.6423233718939,417.1899396972066,350.5755407723123,113.47393103240982,292755.9730966302,1034183.9844001632,15878.185561309883,638758.754742075,0.0,31380.054678034387,25366010.446800068,1981576.8978001783
109,216.6300873443301,391.34907542151603,403.2857495071606,111.2835542635795,173923.17884563384,970126.3323954821,18265.52403171066,626428.8537282958,0.0,0.0,24493133.73239999,1788743.8890011222
109,308.8830866553255,323.5553978075948,308.09545888913595,113.98448392325331,247989.2289262453,802070.660480691,13954.187608358616,641632.7199411127,0.0,0.0,23620257.018000036,1705646.7969564076
109,302.33437859597296,373.01574517603933,445.52183871202266,106.83762456152924,242731.54687027013,924679.3196167172,20178.471125228494,601402.1670319362,0.0,0.0,22747380.314400017,1788991.5046441522
109,326.2130907128955,282.78054602692725,300.3375383174851,101.37854209944562,261902.75973837788,700992.7229147407,13602.817680681379,570672.3184773913,0.0,0.0,21874503.599999957,1547170.618811191
109,285.5053837518544,294.98794721626086,314.7705252239781,97.14575519342343,229220.2552673935,731253.9962578113,14256.513154702168,546845.4388709461,0.0,0.0,21001626.885599982,1521576.203550853
109,277.43564200846515,288.3724430089228,396.3382522772097,91.87758581514413,222741.39928907919,714854.6350821162,17950.859608856666,517190.2636141825,0.0,0.0,20128750.171200015,1472737.1575942344
109,302.4781278103179,263.78292854704114,614.3022847341572,91.0755991426353,242846.9570638491,653898.9896532951,27822.83568972795,512675.7817099188,0.0,0.0,19255873.456800032,1437244.564116791
109,252.24657574947747,322.0293911617395,532.1782083561674,90.37687387885447,202518.15823506546,798287.7992871129,24103.29119181957,508742.57101263537,0.0,0.0,18382996.753200028,1533651.8197266334
109,315.4109097688672,283.76008435307716,361.5620346087175,83.79493181517603,253230.14333830742,703420.9282778557,16375.783275680737,471692.00725646375,0.0,0.0,17510120.038800012,1444718.8621483077
109,238.62264902634888,246.60956223243858,896.6446549363943,85.7943217597401,191580.08092043927,611327.444390987,40610.62041656602,482946.81987830554,0.0,0.0,16637243.324400006,1326464.9656062978
109,225.15050013596067,285.74259196137143,859.3774145343167,83.75193953968267,180763.85963916525,708335.4226660413,38922.72126319511,471449.9984346329,0.0,0.0,15764366.609999994,1399472.0020030346
109,200.82075661203282,241.40655175338142,359.31297438517237,94.03341166732727,161230.53263895685,598429.5540151728,16273.919365011614,529325.673256314,0.0,0.0,14891489.89559998,1305259.6792754554
109,155.14514019111385,258.3207554080628,395.8109807399766,94.75415527313388,124559.5027693473,640358.653602881,17926.97854946804,533382.8279168135,0.0,0.0,14018613.191999987,1316227.9628385098
109,181.5641098836867,250.86606410170404,368.91732633294464,94.7390280409813,145770.18152171862,621879.0077051902,16708.917431582093,533297.6748610891,0.0,0.0,13145736.477599978,1317655.7815195802
109,152.04346811939195,205.32100752969387,401.9130202283124,94.04098737021356,122069.30081696039,508976.07406887447,18203.350697635564,529368.3178223206,0.0,0.0,12272859.763199978,1178617.043405791
109,193.55900000610933,234.193900064578,431.39332300293074,93.40285995643801,155400.37391821557,580549.9069962846,19538.56568961072,525776.2198974357,0.0,0.0,11399983.048800023,1281265.0665015467
109,206.1893816573485,230.87995696211206,410.31781151112216,92.92424945411601,165540.77571441405,572334.8793657739,18584.018542570037,523082.0623434654,0.0,9599.915536210232,10527106.337639993,1279541.7359662233
109,268.0430909916003,178.97918465191768,407.46720784472706,100.00921689639824,215200.51542410444,443676.58156463475,18454.909666699634,562964.2180037621,0.0,1004.3210012857453,9654229.625399977,1240296.2246592008
109,168.64709048218083,182.2799429145379,872.8947147015452,100.5540920353503,135399.65034084095,451858.9249213703,39534.943667160755,566031.3873710375,0.0,0.0,8781352.913159983,1192824.9063004097
109,128.9103800305637,186.38286835247814,605.297924003752,105.61893183662507,103496.71809658331,462029.7832603453,27415.012285324497,594541.9953582266,0.0,0.0,7908476.200919982,1187483.5090004797
109,124.56058144244221,161.01157334146137,539.1501940533971,108.0113809270968,100004.44789968383,399136.1598356552,24419.06474061746,608009.3863960594,0.0,0.0,7035599.4886799855,1131569.058872016
109,127.24921870860584,151.09718903528645,645.6138891237449,112.31512342091425,102163.04159193832,374559.1111367431,29240.99356698584,632235.6837585454,0.0,0.0,6162722.77643999,1138198.8300542128
109,122.49207966116501,145.82866521961392,550.9144036253872,115.97988960733488,98343.73488581815,361498.81789104803,24951.886574550004,652865.1046692417,0.0,0.0,5289846.064199996,1137659.544020658
109,116.64814444280454,142.94481260065353,509.0432228571179,121.91458987821511,93651.88527893662,354349.95376919524,23055.4668287654,686272.2645367552,0.0,279.1478812060086,4416969.351960003,1157329.5704136523
109,108.40257904897399,129.58863281171259,608.6608846053495,125.21858760043055,87031.8678923624,321240.9405448661,27567.326711909718,704870.8752618054,0.0,3642.9095785958925,3544092.639720006,1140711.0104109435
109,110.92712035145178,121.32011685895543,518.6168910972767,126.69223964721276,89058.71584241712,300743.88162895583,23489.07517601284,713166.2444074893,0.0,17056.204643163597,2671215.9274800057,1126457.917054875
109,97.4775400920037,110.40735454686828,451.6992160833689,84.27851547011176,78260.61396497762,273691.9253499588,20458.25545920796,474414.15929993306,0.0,289110.86314077757,1798339.2152400038,846824.9540740775
109,73.57595585005163,66.84960568617616,236.26125733405016,44.05663354637491,59071.0380304055,165715.3852134761,10700.689719066422,248000.2245993639,0.0,634398.6787748656,925462.5024599984,483487.3375623119
109,75.38073525537166,74.15726627600237,258.8486124016796,48.85282907857249,60520.01944908289,183830.5524941533,11723.710932448626,274998.60085876234,0.0,612346.5605804626,1027414.2098880021,531072.8837344472
109,85.9962232243448,111.24617971456344,519.0354770423246,89.49430003914259,69042.74791766702,275771.3128701175,23508.03367292961,503774.4540037933,0.0,317365.9465673854,1900290.9225599968,872096.5484645074
109,101.52801457987707,121.60417997008197,810.0380652374703,135.3364686409327,81512.56944078524,301448.05373890453,36688.054971634236,761825.6756750713,0.0,85139.70355832181,2773167.634799996,1181474.3538263952
109,110.5543027763413,138.4948211228057,636.4687523553998,153.44418502259737,88759.39630380811,343318.74357163475,28826.79416713196,863756.2447664976,0.0,7118.893739615451,3646044.347039995,1324661.1788090724
109,117.40158210878177,152.58004517754063,644.180190601126,157.48672374188004,94256.78866763585,378235.0053220193,29176.05882815332,886512.193862754,0.0,9021.055788135622,4518921.059279996,1388180.0466805624
109,121.7435931736962,160.99641664167436,596.0208146202294,161.60678741761822,97742.80658994085,399098.5874622958,26994.83561258905,909704.5405015685,0.0,9907.344072884065,5391797.771519994,1433540.770166394
109,263.81460704318386,182.0036509198965,328.1401993045338,182.14188453773238,211805.64364511022,451174.0168526774,14862.049312409108,1025299.1351860982,0.0,0.0,10603156.22892,1703140.844996295
109,226.87216705912337,193.46473995868288,467.48524130146023,190.92532449235378,182146.1135442467,479585.2358199897,21173.23242861143,1074742.2021242068,0.0,1599.1737117056036,9730279.516680013,1757646.7839170548
109,327.20133247765665,211.64697043199442,998.9050219981002,189.6351269442742,262696.1774547364,524657.6830842239,45242.17309190789,1067479.5209807535,0.0,175.8716811244667,8857402.804440001,1900075.5546116214
109,224.82766064346723,225.74937742948165,461.0164882908868,196.12916727126031,180504.66539943748,559616.5401191739,20880.251177192997,1104035.2750184427,0.0,5062.04017936968,7984526.0922,1865036.7317142473
109,203.98195656082245,219.9328069784032,509.97410901811065,199.8210673915932,163768.5270182244,545197.6785114215,23097.628307481617,1124817.4361900901,0.0,16304.37282104214,7111649.378880015,1856881.270027218
109,246.2091831568938,207.01676682666482,406.6772462586126,200.07165826366514,197670.98984532923,513179.739928118,18419.13091093419,1126228.0431192594,0.0,0.0,6238772.666640012,1855497.903803641
109,192.18828529116055,209.8723893106718,411.4938636332637,195.99576454048608,154299.88476900774,520258.62356705824,18637.28402077196,1103284.334591745,0.0,0.0,5365895.954400007,1796480.126948583
109,187.77858874392354,221.5975459457261,427.36368845063987,195.16861065246624,150759.5250219287,549324.4471949181,19356.05642206574,1098628.1833270045,0.0,0.0,4493019.242159999,1818068.2119659171
109,153.0772279437337,221.77435291488945,416.51525279605886,190.6004548232058,122899.26306743319,549762.7390098448,18864.71160664052,1072913.4706840387,0.0,24106.888517168118,3620142.529919996,1764440.184367957
109,137.89756592131252,193.68015589667334,364.6835248426697,135.32643895354323,110712.1513642216,480119.2365037453,16517.16108273859,761769.2173275984,0.0,429003.04530043225,2747265.817679997,1369117.7662783037
109,113.6238057011959,139.09373105635626,306.600089818584,91.45345765035043,91223.77100222258,344803.3984073331,13886.459701464257,514802.79385853186,0.0,816519.879408939,1874389.1054399977,964716.4229695519
109,82.47053617933192,78.1236280110243,194.01293178194095,49.44434386492027,66212.12219064674,193662.87919329293,8787.188419765282,278328.31055420876,0.0,1214732.9712901132,1001512.3930919988,546990.5003579138
109,77.91759053138622,74.89153724077742,186.3055087431881,46.23999279331923,62556.75377017681,185650.75763268457,8438.105614560927,260290.62311683854,0.0,1238409.9170838206,951364.3192560013,516936.24013426085
109,102.28986843389497,142.57309905398796,313.14172085272276,86.62645249544089,82124.22983261243,353428.502506432,14182.741727314822,487630.986432534,0.0,825643.13497212,1824241.0312800014,937366.4604988933
109,116.11779984487404,209.7505812197256,396.71216612543594,122.57188818565311,93226.0939242525,519956.6700326122,17967.79482759155,689972.2777867875,0.0,447982.05684836017,2697117.7435200005,1321122.8365712436
109,122.88739237721086,280.20256905302995,439.9232791817929,153.78561427503553,98661.11482623017,694602.1026124102,19924.902473801205,865678.1921436236,0.0,94397.35260878761,3569994.4557600003,1678866.312056065
109,129.1230482943985,320.49734531972103,535.9397596092481,154.43794320226144,103667.46049409221,794489.9673587297,24273.65849315274,869350.2321394712,0.0,1489.640976497787,4442871.169080005,1791781.3184854458
109,239.05372022673586,294.7461173416639,675.319218018182,157.46768607310253,191926.1698428009,730654.5173167821,30586.400389454222,886405.0284769171,0.0,12218.956663085613,5315747.881320005,1839572.1160259545
109,113.33643310436632,339.5525022420455,1012.2033549369132,149.96050951407503,90993.05164016887,841726.3367774234,45844.47808327547,844146.2056191481,0.0,12771.62075064017,6188624.593560005,1822710.072120016
109,158.58110560298513,354.39797690397916,636.5342275911426,149.54311836997965,127318.09477363537,878527.2053394346,28829.759656225986,841796.659384017,0.0,3247.4277275234926,7061501.305800005,1876471.719153313
109,250.68399662333047,328.5353230609124,823.2280262984573,143.23433861024142,201263.6292259655,814415.5385576383,37285.451609207485,806283.7599311776,0.0,0.0,7934378.018040004,1859248.379323989
109,156.30307784193718,334.2245838667508,824.2208606920974,141.10870680251625,125489.16216987242,828518.8086718314,37330.41883281681,794318.3162897223,0.0,0.0,8807254.730280003,1785656.705964243
109,260.3258125378851,365.410969804307,1146.9717258416229,135.78496871911352,209004.63738536445,905827.6260688945,51948.375680655765,764350.337937443,0.0,0.0,9680131.442519989,1931130.9770723577
109,166.53982019820242,371.04629657919384,615.0790305122518,132.13348438512503,133707.8117279805,919797.1975827216,27858.015878201397,743795.682212398,0.0,0.0,10553008.154760001,1825158.7074013017
109,178.05820236116332,354.68359038146883,1009.3778123110897,131.8240207923275,142955.4359407556,879235.2206965714,45716.50426620489,742053.6734763396,0.0,0.0,11425884.872399995,1809960.8343798714
109,93.68155207768497,396.62299791783545,784.7561642852709,117.46848871551718,75212.9749670722,983200.0085838865,35542.993015009044,661244.6126672603,0.0,0.0,12298761.576000014,1755200.589233228
109,98.37527269635157,431.3089342850119,882.4008470933214,124.26279418745686,78981.3656861057,1069183.960883629,39965.493196527466,699490.5962434696,0.0,13086.07027608063,13171638.290400026,1887621.416009732
109,104.291525028625,441.55454943828886,884.5138534842586,111.9484231809868,83731.27565981288,1094582.107132163,40061.1949887678,630171.4828756767,0.0,16304.391756448196,14044515.004800012,1848546.0606564204
109,96.87474102136196,391.9183898961794,3214.8210013627718,114.20884115051098,77776.65196387035,971537.6222080105,145604.9223901407,642895.6544477138,0.0,0.0,14917391.719200023,1837814.8510097354
109,289.5096852995257,423.95740778786,1262.2344430694102,120.98393921262065,232435.14043300072,1050960.0531600488,57168.827764710964,681033.5171447642,0.0,0.0,15790268.433600038,2021597.5385025246
109,103.4730185199964,431.54087888589686,1349.2587113311854,104.5116067631836,83074.1312361934,1069758.9349390375,61110.31060961686,588308.7259317525,0.0,36504.790427648346,16663145.13719997,1802252.1027166003
109,276.90236071545456,417.8645529125505,1314.4251854636427,110.61890532691903,222313.2501855251,1035856.3022501086,59532.63868686642,622687.4628796732,0.0,0.0,17536021.851599984,1940389.6540021733
109,294.6592416877791,416.1121988670765,625.990698429137,109.18457018057224,236569.5025046288,1031512.3420622302,28352.224594491217,614613.4134162631,0.0,0.0,18408898.565999966,1911047.4825776136
109,106.18282386506618,381.5739607784624,971.4008148712346,114.37369306279295,85249.71988800567,945894.5232179672,43996.45896275047,643823.6261963615,0.0,0.0,19281775.280400008,1718964.328265085
109,110.75051512944293,357.08499970715786,1462.706091194836,117.9973991425992,88916.92694324313,885188.1424434844,66248.54285751167,664221.914702179,0.0,0.0,20154651.99479999,1704575.5269464182
109,115.43040467210498,393.3693952596918,894.2128631454297,113.08625187507312,92674.21327352319,975134.5605937071,40500.48027039853,636576.4609453692,0.0,0.0,21027528.698400017,1744885.7150829982
109,120.15492531492711,328.29866060422137,1081.3354000282757,109.61686525683366,96467.33203553225,813828.8692755451,48975.590532750124,617046.8557239505,0.0,0.0,21900405.41279998,1576318.647567778
109,119.03041022335404,329.92553037781715,1104.404962753517,109.40059215269582,95564.50620102383,817861.7629397083,50020.45178280397,615829.4277435641,0.0,0.0,22773282.127200022,1579276.1486671004
109,130.30259651366677,348.18865605784083,1615.1176176359515,109.55228278402646,104614.47011040078,863134.7436282556,73151.53013718115,616683.3130182985,0.0,0.0,23646158.841599982,1657584.0568941361
109,135.51077759902302,395.7665457333163,1112.4966751820723,110.84011673872877,108795.89948373188,981076.9249513401,50386.93973335041,623932.6892030828,0.0,13466.90966676909,24519035.55600005,1764192.4533715053
109,132.5685275643354,361.00528787503106,857.7153771908349,104.63092737535344,106433.69077456873,894906.2560691162,38847.44465578692,588980.3963758028,0.0,0.0,25391912.259600017,1629167.7878752747
109,136.9738610196608,329.4457381879787,1634.3403418217574,112.88720416003507,109970.54757880095,816672.3924603257,74022.161274036,635455.9968049699,0.0,0.0,26264788.97399996,1636121.0981181324
109,141.3598953841075,339.0513969019992,675.5999324569821,106.53927707534936,113491.90995529413,840484.1325249686,30599.114442291986,599722.7322311954,0.0,0.0,27137665.688400034,1584297.8891537501
109,145.7414760020902,358.3376802438218,784.1004267300068,117.68350344722005,117009.69660621622,888293.4477860052,35513.2935027183,662454.9571139906,0.0,0.0,28010542.40279997,1703271.3950089305
109,146.29500844339054,262.6317463503571,1201.1039023766348,121.41736616706096,117454.10450433113,651045.2914270117,54400.11758474581,683473.3309343373,0.0,0.0,28883419.117200065,1506372.844450426
109,146.9484746733241,361.27782009295777,1181.0742580369085,125.85321218162589,117978.74503497759,895581.8439205812,53492.9396086309,708443.2553100234,0.0,0.0,29756295.820799924,1775496.783874213
109,147.3522956062884,353.5489819678151,1848.565022772164,129.94069822604942,118302.9558646299,876422.6076915263,83724.77551931253,731452.218443731,0.0,0.0,30629172.535200022,1809902.5575191998
109,296.2833058942451,266.00583537659276,3459.416211590368,126.55038517521243,237873.3952967182,659409.4164953339,156683.07155835017,712367.7280869113,0.0,0.0,31502049.249599945,1766333.6114373137
109,136.70572868940064,255.77097454784632,4839.46395218477,126.44978099154208,109755.27541692434,634037.9294471648,219187.87169458083,711801.414727548,0.0,0.0,32374925.96400004,1674782.4912862182
109,128.97916291017245,233.01292795746414,615.4320672809396,123.34322505185911,103551.9409754473,577622.3617153823,27874.005537122954,694314.2281507321,0.0,0.0,31552197.321600042,1403362.5363786847
109,332.57686654368945,281.2421982809036,625.7379894306398,122.74639268378287,267011.9674921164,697179.269017625,28340.77895751862,690954.5851318148,0.0,0.0,30679320.607199933,1683486.6005990747
109,315.71381377927656,217.59708240989386,980.2181740252872,122.97004948675773,253473.33221858402,539407.5845736925,44395.81273540767,692213.5768637308,0.0,0.0,29806443.90359996,1529490.306391415
109,254.26624390588526,215.54585425514938,554.1106568468264,130.08017329436527,204139.6647870035,534322.7368721226,25096.65052938594,732237.3408074706,0.0,0.0,28933567.189200036,1495796.3929959827
109,290.2068984356932,207.60545427797848,501.41775074586275,129.8406041269191,232994.90351328993,514639.0539624109,22710.09572584028,730888.7764131621,0.0,0.0,28060690.474799953,1501232.8296147033
109,240.11285186339262,227.85108367386013,1058.4601823351368,131.3733339930513,192776.50205344407,564826.5193900729,47939.53151252624,739516.7018911907,0.0,0.0,27187813.760400023,1545059.2548472339
109,273.4248394017358,200.7171800228095,486.4300982610893,128.97412429259865,219521.29469679354,497563.51537194994,22031.278467918066,726011.2545458571,0.0,0.0,26314937.045999937,1465127.3430825188
109,265.67822975126506,206.75161434271303,505.4553006024852,123.02046381525471,213301.86787477226,512522.44590869395,22892.963491501458,692497.3653374261,0.0,0.0,25442060.342400048,1441214.6426123937
109,224.66744373360314,237.76915625399235,518.9673022832728,132.5587766494434,180376.03398627604,589412.7110559978,23504.94591765599,746189.7048278643,0.0,0.0,24569183.627999973,1539483.3957877941
109,241.332130854977,234.74563888414968,494.287491981695,133.36521265112222,193755.40983451784,581917.6280184814,22387.153710238737,750729.2325548488,0.0,0.0,23696306.91360003,1548789.4241180867
109,306.8934054061917,172.4724354758066,1615.826715727516,132.7470531374207,246391.7975999639,427546.8163231071,73183.6464424266,747249.5364025123,0.0,0.0,22823430.19919996,1494371.79676801
109,273.01310925354585,187.37534565215608,699.9287172135593,131.16300574338572,219190.73389114716,464490.0634122411,31701.00808266146,738332.7382299241,0.0,0.0,21950553.4848,1453714.5436159738
109,407.5303627827678,138.8364910589443,435.25415956317244,135.37624990346754,327188.97471814405,344165.71887540654,19713.42979790064,762049.6093088816,0.0,0.0,21077676.781200044,1453117.7327003328
109,397.87527540304444,115.5232097416572,430.86659314304444,138.9585843469102,319437.31145797693,286373.7640174997,19514.709163746043,782215.0117704348,0.0,0.0,20204800.0668,1407540.7964096577
109,273.3045421623098,131.66930493478316,517.3147468406797,140.6386910467762,219424.71310674842,326398.77773535356,23430.098762289592,791672.5396244201,0.0,0.0,19331923.35240004,1360926.1292288117
109,212.33818769353405,137.20704610749698,559.7664828167058,147.3318487768054,170477.3932684604,340126.44152976497,25352.812879030706,829349.1500848848,0.0,675.3135242060525,18459046.638000008,1365305.7977621409
109,217.25603409950884,108.44088495180145,1338.3359471217916,150.0338560213106,174425.72514833533,268817.1880480382,60615.59932263684,844559.0821556373,0.0,0.0,17586169.923600014,1348417.5946746478
109,350.1871084217583,111.34696194578491,499.92712249272097,154.0103456340142,281150.4894547001,276021.1448040251,22642.58253894146,866943.2326838311,0.0,0.0,16713293.219999988,1446757.4494814978
109,266.8260471678904,155.93412681417476,383.1076908568278,157.0519094494605,214223.40216523554,386549.53350430314,17351.62410928264,884064.5705765684,0.0,0.0,15840416.50559998,1502189.1303553898
109,350.6058072954207,150.02193855468064,468.2319092108525,161.14717871917503,281486.6451567042,371893.6421969404,21207.05033727639,907117.3464454963,0.0,0.0,14967539.791199967,1581704.6841364172
109,281.97261818871203,135.02068798264713,368.7296325811276,168.29579345650785,226383.94649611245,334706.61630932946,16700.416449986275,947357.7805804992,0.0,1040.241633280879,14094663.076799985,1525148.7598359273
109,267.79472583327487,148.37109524138017,511.8377588433667,170.97798484372848,215001.1134925445,367801.3198446598,23182.036300353935,962456.1667463194,0.0,0.0,13221786.36239998,1568440.6363838776
109,254.6365692672202,188.25591769390542,492.8704379256946,174.7221820103655,204436.98343207315,466672.9384435726,22322.972828703154,983532.714442431,0.0,0.0,12348909.647999972,1676965.6091467799
109,245.13107684518093,184.42031511060617,327.74700334995043,181.67729374800558,196805.42366675587,457164.754317534,14844.240773013928,1022683.8963236517,0.0,4236.403144662385,11476032.944400012,1691498.3150809554
109,226.57206775538384,359.6474125555188,763.2589863867388,78.44432059139814,181905.17644490104,891540.1803931998,34569.34785150042,441572.75668222236,0.0,0.0,5061716.402759997,1549587.4613718237
109,165.26798924939436,371.3331840552624,881.5405144764457,81.98826160590814,132686.71219244204,920508.3710911012,39926.52721246279,461522.0377965007,0.0,47860.397260495345,4188839.6905199913,1554643.6482925066
109,166.09594271597797,366.76717398693273,667.4510644810946,73.98559917491788,133351.44118096706,909189.5591161438,30230.037816037013,416474.06384748395,0.0,70041.50912728647,3315962.977200007,1489245.101960632
109,151.04314127482218,254.55916335855503,528.8867098717435,63.91803341500374,121266.18049870257,631033.9362900154,23954.21341076469,359802.49435501616,0.0,455206.8100958345,2443086.2649600017,1136056.8245544988
109,124.95409783271273,160.9899216663254,369.6810937593608,43.7006819157034,100320.38564574087,399082.4868835286,16743.509807580725,245996.52896383326,0.0,860134.5946735233,1570209.5527199986,762142.9113006834
109,76.78257100002527,75.81879409157901,188.65509871008942,21.61643605891195,61645.494363110214,187949.36096243007,8544.522694900485,121681.584953716,26611.956846862216,1250615.6362064704,697332.8406960004,379820.9629741568
109,116.72498104211519,127.02859821298958,303.74036540443046,38.52325749517975,93713.5741503562,314894.79810569034,13756.937730815342,216852.16826762777,0.0,1002073.526475481,1255543.8717600002,639217.4782544896
109,157.06629596456258,211.2832903499725,448.75634463106223,64.87775900571866,126101.91787554049,523756.1462050139,20324.9676123152,365204.9080868897,0.0,626500.8644700227,2128420.584,1035387.9397797594
109,185.49504310976613,305.9959034925586,560.8123804245461,91.50380021452965,148926.1623501017,758541.931556987,25400.183429351568,515086.17836203036,0.0,233370.15307674053,3001297.296240007,1447954.4556984706
109,198.88879096208063,342.22262642537817,757.3997955329244,112.38397622437053,159679.43873792284,848345.3834130312,34303.9747470019,632623.2646821645,0.0,0.0,3874174.00848001,1674952.0615801206
109,284.2122070308021,368.01397012351487,768.8928543941328,111.16716713740689,228182.01810979546,912280.2774522598,34824.515686233724,625773.6962387682,0.0,12441.124607754522,4747050.720720012,1801060.5074870572
109,248.3317248180893,334.0343315067067,621.4751254533321,114.50742678790412,199375.08920416224,828047.1866957723,28147.706317296197,644576.4298310098,0.0,0.0,5619927.432960013,1700146.4120482407
109,256.3636383220838,333.75410966338006,587.4674666644314,119.8492729505449,205823.57448131344,827352.536813616,26607.4393734977,674646.3407949439,0.0,0.0,6492804.145200013,1734429.891463371
109,323.18076507569043,333.6000556425571,757.1664345891734,130.41368953780434,259468.23311936978,826970.6479282244,34293.40541760865,734114.7448808745,0.0,2907.5772263288964,7365680.857440014,1854847.031346077
109,200.1192429251159,350.90913638114745,1253.7569867390919,129.8913325014275,160667.31682748752,869878.6195287183,56784.86879140621,731174.3326905932,0.0,4830.293239826802,8238557.570759985,1818505.1378382053
109,328.1761136755702,326.98007070014586,709.6200707716874,137.74809230009748,263478.7882485482,810560.1793311606,32139.946605860263,775401.0027252522,0.0,3136.132081639138,9111434.282999983,1881579.9169108213
109,276.65024496719974,308.1708319024297,640.6654232145205,134.44676395140394,222110.8370631788,763933.4233325033,29016.868804096255,756817.4182330227,0.0,0.0,9984310.99524,1771878.547432801
109,290.15459243672245,335.896163356677,1302.5520792895334,143.8502356769785,232952.90922835373,832662.534520993,58994.88473344934,809750.7204904793,0.0,5408.640176225337,10857187.706399992,1934361.0489732753
109,221.73870840084743,295.2429662827471,936.287140479708,144.78079123749416,178024.6756624401,731886.17026102,42406.09861844402,814988.9325242504,0.0,0.0,11730064.420799991,1767305.8770661545
109,191.92370038655335,325.4624469606546,588.2063310389411,149.7199926763221,154087.46068587145,806798.0987621361,26640.903846282254,842792.3066717883,0.0,4460.731070846319,12602941.1352,1830318.769966078
109,300.83126960560395,295.58319582622954,570.7928178067586,155.6198571253895,241524.76392999972,732729.5749345475,25852.21506963285,876003.3714013337,0.0,0.0,13475817.838799987,1876109.925335514
109,196.82461393631348,262.2540266344484,1390.3410310779252,152.8440011077852,158022.19788822078,650108.9513008129,62971.00144615031,860377.735477592,0.0,0.0,14348694.553199999,1731479.8861127761
109,295.7836757202917,263.2194377797777,792.1445550184427,162.0994195209534,237472.26326022943,652502.1363943595,35877.62628349755,912477.6273772005,0.0,0.0,15221571.267600011,1838329.653315287
109,331.87763852360325,283.23751152619167,778.0829916508719,163.0006972465882,266450.5867463383,702125.5076628717,35240.75323770393,917551.030867019,0.0,0.0,16094447.98200002,1921367.878513933
109,162.8583337107269,273.8282259894247,481.6388959613318,169.46831929792938,130752.10118643763,678800.5626418218,21814.276451719983,953958.0731724199,0.0,0.0,16967324.69640003,1785325.0134523995
109,311.15587780736826,289.2742559687743,1059.1294854965113,170.61935142797788,249813.95727705464,717090.1648283029,47969.84543508246,960437.3750117816,0.0,0.0,17840201.410800014,1975311.3425522216
109,335.2246159920907,260.082168273165,353.1604756181859,178.24145676281927,269137.7340765186,644725.0699558909,15995.261826973645,1003343.1461250221,0.0,2757.2974428931484,18713078.11440003,1933201.2119844053
109,329.95553749760535,276.1065087140353,442.58582391714253,177.17521793925226,264907.41273666045,684448.2623620928,20045.493828463415,997341.1562670625,0.0,0.0,19585954.82879998,1966742.3251942792
109,244.18910562617222,212.19578140032505,324.9678663530707,185.03362072948894,196049.1546239858,526018.1461728655,14718.368748857463,1041577.0749039127,0.0,2304.0760170893045,20458831.54319996,1778362.7444496215
109,346.46047048120863,214.35922140162748,289.3850098488577,188.98048322461236,278158.5287119759,531381.1590062563,13106.75831781972,1063794.4507327555,0.0,2742.046444568434,21331708.257600017,1886440.8967688074
109,359.3376423404385,256.9341700807256,271.8452151269127,193.1290489365085,288497.0679784026,636921.4078735685,12312.350029412619,1087147.238848817,0.0,5962.336023860145,22204584.97199997,2024878.064730201
109,128.75260809828268,206.10546749835845,260.05376729035794,196.34782987221394,103370.04965301059,510920.69415387645,11778.294526359368,1105266.1537711485,0.0,3876.9719921394717,23077461.675599996,1731335.192104395
109,134.59913636355003,173.15164213205009,345.2772151160451,198.26951797469465,108063.98110810845,429230.5209840939,15638.215032421509,1116083.5731394142,0.0,0.0,23950338.389999945,1669016.290264038
109,139.79827654326868,244.41374945345413,986.8692302757144,202.14577137926494,112238.15191884829,605884.1817600254,44697.050822612335,1137903.4816879325,0.0,5565.852540015476,24823215.10440002,1900722.8661894186
109,144.67726221931036,217.59528739259605,355.8886332572098,196.49696503242976,116155.28415436596,539403.1348543573,16118.824905953707,1106105.6539837613,0.0,0.0,25696091.81879996,1777782.8978984384
109,150.45206352352008,185.64991508635393,352.197933079795,192.26312073665966,120791.62905152529,460212.84460240544,15951.666575001544,1082272.8221999966,0.0,0.0,26568968.53320003,1679228.9624289288
109,151.8193783256647,165.33393077616776,1030.7078157328906,190.57351902140135,121889.38855385006,409850.97438048985,46682.57780233527,1072761.8457331618,0.0,0.0,27441845.23680006,1651184.786469837
109,354.88512785753534,172.69956011731063,485.04669173131526,184.946151418212,284922.3315130479,428109.8420443806,21968.621542286317,1041084.6993614328,0.0,0.0,28314721.951199934,1776085.4944611476
109,310.66936829233987,147.0584400745292,504.86780728276835,180.81251555067792,249423.35926534867,364547.3416888522,22866.354881197545,1017815.9531808752,0.0,0.0,29187598.66560003,1654653.0090162735
109,120.49587179909668,133.39454155063544,320.41809261405757,180.36372907203358,96741.0636167265,330675.5157571528,14512.301458678356,1015289.6787349669,0.0,0.0,30060475.379999958,1457218.5595675246
109,218.13831260680365,131.91393854955993,332.96161506696075,175.39237453036787,175134.0694254255,327005.20694750495,15080.419749705989,987305.3108054838,0.0,0.0,30933352.094400052,1504525.0069281203
109,121.60866138562446,198.68643022393158,527.8148208494781,176.58173343888112,97634.47553677805,492529.4320480623,23905.6656633686,994000.3588084152,0.0,0.0,31806228.798000082,1608069.9320566244
109,266.94760158733084,128.6158919826074,1671.358984360414,171.65572697332294,214320.99309219766,318829.5856901377,75698.80099100457,966271.2607930072,0.0,0.0,32120894.4876,1575120.6405663472
109,225.1078762750547,133.00428141455012,410.31413439108684,164.6165179428248,180729.63873534565,329708.0888273898,18583.85199930771,926646.6848769234,0.0,0.0,31248017.77320008,1455668.2644389668
109,230.16008224094324,230.46122850342968,399.1804179612223,165.6427133958825,184785.84225048128,571296.881502987,18079.586313598596,932423.2656629536,0.0,0.0,30375141.058799975,1706585.5757300204
109,132.25997440076526,173.8956875726051,931.8797064225149,157.4507816836768,106185.96642700063,431074.95634810685,42206.47814390897,886309.8715836906,0.0,0.0,29502264.344400045,1465777.272502707
109,133.23181874329254,163.17661957787635,1545.4609718856473,158.6116010783234,106966.21934323947,404503.15441086306,69996.657597114,892844.2671427298,0.0,0.0,28629387.629999958,1474310.2984939464
109,146.890262095219,194.91165772371733,663.2156380271416,148.24413187686375,117932.00860627112,483172.0413417833,30038.207869717906,834484.5041848418,0.0,0.0,27756510.92639993,1465626.7620026139
109,153.71733175084816,183.25583834060055,489.43627380517995,152.339744627977,123413.17547124247,454278.09979604697,22167.43346895946,857539.2135529314,0.0,0.0,26883634.212000057,1457397.9222891803
109,110.815410879695,270.64466302312354,3829.505695618521,143.08152920237094,88969.02900956171,670908.7380319864,173445.07808265855,805423.5769253,0.0,1250.3322390833637,26010757.497599974,1738746.4220495066
109,107.20734998106474,216.35438097972113,965.0288869420355,138.24412416921194,86072.26878271026,536327.0167215324,43707.86309031672,778193.2273018153,0.0,0.0,25137880.78320003,1444300.3758963747
109,103.90436388729613,206.8118488510093,1402.4651660193706,140.07778724982265,83420.44027562918,512671.762941203,63520.12493590244,788515.1429641262,0.0,0.0,24265004.06879997,1448127.4711168609
109,100.37043458135443,220.58206143202892,534.9616085812512,134.8188825039781,80583.1971842382,546807.1338070779,24229.356305112735,758912.1194661262,0.0,0.0,23392127.365199946,1410531.8067625551
109,88.46871843012805,229.86932568838535,915.3258227757167,133.56304244861536,71027.81024738346,569829.5968122667,41456.72350978604,751842.8408871582,0.0,0.0,22519250.650799993,1434156.9714565943
109,91.91749570335563,234.278096301039,1248.3478218951827,123.28055801001636,73796.6883558842,580758.6234369493,56539.878159903245,693961.4676422466,0.0,0.0,21646373.936400022,1405056.6575949835
109,87.80928990717852,259.39602604665015,867.8230891531842,117.07269626681241,70498.38284263629,643024.1725128765,39305.24078664332,659016.6481526727,0.0,0.0,20773497.22199997,1411844.444294829
109,196.31817213488208,248.97416402911924,572.1100046006778,122.78989631061106,157615.59708274147,617189.1229093757,25911.872786445267,691199.4724133844,0.0,0.0,19900620.507600006,1491916.065191947
109,181.7340618643604,241.5242862246035,856.2416950038038,114.13036219826111,145906.62881346946,598721.4093380457,38780.69898615884,642453.8867451542,0.0,0.0,19027743.803999975,1425862.6238828283
109,130.15385574088629,256.1653944208648,1203.3286067702054,114.83408461159934,104495.05240465605,635015.6680668949,54500.87837684886,646415.2270136924,0.0,0.0,18154867.089600034,1440426.8258620922
109,164.30350046415518,311.9575869442267,770.6053582210076,106.87938291501477,131912.36474354344,773320.5179012634,34902.07800982786,601637.2299545812,0.0,10475.250823316397,17281990.37520003,1541772.190609216
109,186.39148513594733,280.8938492409204,1212.4442930426503,107.54006046626768,149645.8779203421,696315.7366937314,54913.74391171677,605356.2653848759,0.0,0.0,16409113.660800023,1506231.6239106662
109,147.91332070114285,266.12787482254777,2989.8678306305205,93.19174475222778,118753.37929890642,659711.9435422788,135416.39588990915,524587.8263719666,0.0,0.0,15536236.946400033,1438469.545103061
109,140.13269322690323,327.63147215339734,1063.3703951799166,100.61886709771983,112506.64099804203,812174.9568851367,48161.92372655003,566396.0141870917,0.0,9488.986891479813,14663360.24280001,1539239.5357968207
109,130.92078209428132,280.3316880391867,1284.4463621491602,88.57251464147215,105110.78529272409,694922.1793325301,58174.84481896442,498585.6102984736,0.0,0.0,13790483.528399998,1356793.4197426923
109,137.89610250627817,332.39930167317857,1277.575315852219,81.59558118384075,110710.97644988784,823994.0648274011,57863.642993923124,459311.59126372205,0.0,23017.451095048338,12917606.813999984,1451880.2755349341
109,194.53853265747517,341.0716354317399,896.0607151711936,76.2090040929482,156186.79945400852,845492.1591654056,40584.17275302378,428989.88438711804,0.0,12872.868738115998,12044730.09959998,1471253.015759556
109,201.11544187918412,320.6187461695074,824.9925129595978,88.38663053765906,161467.1230362107,794790.9113715041,37365.36832719735,497539.2457493854,0.0,0.0,11171853.385200007,1491162.6484842976
109,145.24683300765784,332.4919238817183,838.747810761818,85.7556349387579,116612.56856624708,824223.6686494421,37988.37006449362,482729.046990994,0.0,0.0,10298976.67620002,1461553.654271177
109,262.7000893703369,332.59405790610623,714.9082542381133,65.47954212894702,210910.84431729076,824476.8515818038,32379.45777705373,368592.4195172319,0.0,0.0,9426099.963960009,1436359.5731933801
109,141.89550814108563,335.595846943439,1277.8669969010668,68.98154394101327,113921.93089313296,831918.0716390533,57876.85374390333,388305.6196877717,0.0,0.0,8553223.251720019,1392022.4759638612
109,268.35146942109543,326.29365133790236,744.5971991256838,67.30325301697691,215448.09948503855,808858.5948885212,33724.12253890747,378858.3130599066,0.0,0.0,7680346.539480006,1436889.129972374
109,289.44526512805623,365.5099841845151,1239.4796608552,76.70228551298993,232383.42018886888,906073.0756267405,56138.22348008668,431766.6263465841,0.0,28603.184336710256,6807469.827240004,1626361.3456422803
109,219.23400510237923,364.4613828526169,767.4270623508414,67.36268374231183,176013.75481079353,903473.6680181657,34758.12737515418,379192.8559435713,0.0,40832.22430944978,5934593.115000001,1493438.406147685
109,212.73382665894542,190.32802385064048,794.5448175320148,67.3706148623209,170795.03514075567,471809.54121694656,35986.33841299293,379237.50119640265,0.0,0.0,9415630.792799989,1057828.4159670977
109,159.00027907510415,149.84527759337396,423.4622748634214,61.040140442422754,127654.63151076378,371455.71232503426,19179.354508541477,343602.4798254961,0.0,0.0,10288507.505040005,861892.1781698356
109,201.55227914250895,177.94797391429944,750.5126677787435,69.3677344668963,161817.84128780296,441120.2839938921,33992.04456435304,390479.5337944027,0.0,0.0,11161384.221600002,1027409.7036404508
109,171.08100455320118,161.96150430166898,579.6870823161069,71.0277454849231,137353.7375013937,401490.9706588634,26255.052021690848,399823.94057652145,0.0,0.0,12034260.92520002,964923.7007584695
109,130.42945044701847,173.93698011664256,412.4099430960942,75.7484496834837,104716.31579401779,431177.317607704,18678.774877971195,426397.3668070538,0.0,0.0,12907137.639600003,980969.7750867468
109,81.89796546272095,159.57859813994594,715.0642533103734,81.563645010597,65752.42926263432,395583.91693036014,32386.523250621227,459131.8186052197,0.0,0.0,13780014.354000019,952854.6880488354
109,66.41006485974896,123.95430769728871,976.715625674784,84.75673273888167,53317.84577731957,307273.85207559494,44237.17613308158,477106.1032937335,0.0,0.0,14652891.068400031,881934.9772797297
109,67.36382803766975,127.25632454844448,2686.7334707638133,89.1760507965701,54083.58208755903,315459.3153831792,121686.90522045456,501982.9897614454,0.0,0.0,15525767.782799955,993212.7924526382
109,115.79561640270943,104.84887672418186,2767.659753270679,91.85714000778384,92967.42639971962,259912.85688527345,125352.19951794104,517075.1716425698,0.0,0.0,16398644.486399975,995307.654445504
109,74.01728701744733,117.1020572958276,1124.4472717262133,97.79159807308798,59425.364248421145,290287.61403870943,50928.20336251916,550480.9681050195,0.0,0.0,17271521.200799968,951122.1497546693
109,281.325617144193,166.41192735338453,3225.465119645281,102.25977806618776,225864.49659070605,412523.25069713575,146087.0133108418,575632.9044342607,0.0,0.0,18144397.915199976,1360107.6650329442
109,220.61420980405174,144.50318899215316,1273.343765177327,107.10761928261093,177121.86307089415,358213.0572441399,57671.98858848455,602922.0006206379,0.0,1088.7872871992877,19017274.629600007,1195928.9095241565
109,289.3590517230539,144.442578778494,1397.6341080910495,108.1051062596215,232314.20307484316,358062.80886494153,63301.31778787856,608536.9778538204,0.0,0.0,19890151.344,1262215.3075814839
109,284.33347280200417,138.77109878450733,577.4007180356141,118.0064113380233,228279.3772932366,344003.6161099964,26151.498544381968,664272.6454618716,0.0,0.0,20763028.047600023,1262707.1374094866
109,333.0149325607083,215.59114733535841,1532.4981444200462,119.34294656221135,267363.67225832946,534435.0151743998,69409.54824132544,671796.1670998719,0.0,0.0,21635904.76199999,1543004.4027739265
109,334.0838424895577,159.73892543773098,660.4315489684967,124.57528721906564,268221.8550481912,395981.3568200943,29912.111557935885,701249.6580642767,0.0,0.0,22508781.476400033,1395364.981490498
109,316.27551894605665,243.1377590294429,698.298004796473,131.07272648626318,253924.3016539844,602721.0928760553,31627.150236507714,737824.5451556736,0.0,0.0,23381658.19079999,1626097.0899222211
109,303.4621885844864,178.40335437107603,1757.8070902661177,130.9918715084393,243637.01803884486,442249.139535205,79614.1884249671,737369.4025120762,0.0,0.0,24254534.90520006,1502869.7485110932
109,295.66419134306165,199.5536994471465,1270.1037753831836,138.7241151025619,237376.3342830269,494679.3303448981,57525.24372700669,780895.1554723177,0.0,717.5478904272895,25127411.619599942,1570476.0638272495
109,226.32951276450768,205.7841295535779,1306.303787758463,136.91632954052955,181710.43925222752,510124.120400652,59164.806237700235,770718.9075540652,0.0,0.0,26000288.32319997,1521718.273444645
109,315.44907549081745,281.2196100094327,1882.8248178749711,140.329067804259,253260.78499000918,697123.2743102564,85276.46216218683,789929.6322003969,0.0,0.0,26873165.03760004,1825590.1536628492
109,322.19657136569793,221.1033676410716,721.4402506357634,147.033808592657,258678.06541579642,548099.4145671355,32675.303433197372,827671.445125185,0.0,0.0,27746041.751999978,1667124.2285413141
109,323.1810400666466,208.45731530760298,4851.224384716347,146.79677413332539,259468.45389803368,516750.7564507588,219720.52245968062,826337.1489155084,0.0,0.0,28618918.466400076,1822276.8817239814
109,322.56686383888314,308.1296741762138,725.1678134349575,153.65880521530326,258975.35765635493,763831.396276631,32844.13133741068,864964.3683045476,0.0,0.0,29491795.180800002,1920615.2535749443
109,426.2778780918002,223.42564217316936,5261.502216184477,158.94134268889275,342240.5656489153,553856.166827794,238302.73023547558,894700.4233421107,0.0,0.0,30364671.884400032,2029099.8860542956
109,329.65982887265045,355.2094065238685,2332.1386242754174,159.33298533384814,264670.0007285008,880538.6812584524,105626.67820283823,896905.0280995166,0.0,15276.16991218389,31237548.598799944,2147740.388289308
109,331.4329088603833,344.7885329728123,738.7301379073821,163.38338610705367,266093.5320190731,854706.0819925556,33458.39297169769,919705.2336670856,0.0,0.0,32110425.31320005,2073963.2406504122
109,547.0766666015841,350.15626265690105,2276.075728738426,176.45999327933362,439224.8283424369,868012.2994816517,103087.49062437899,993315.068433726,0.0,0.0,31816697.972400036,2403639.686882193
109,261.48789977654286,370.80355983772836,707.4175285370553,173.19250327267,209937.62831529952,919195.4705836687,32040.189577086756,974921.9641427279,0.0,28448.3223915071,30943821.257999927,2136095.252618783
109,251.98186738832908,296.1852560579222,806.7192739874964,181.50015878098984,202305.63503386872,734222.0391337386,36537.74105301274,1021686.7817447981,0.0,0.0,30070944.554399952,1994752.1969654183
109,331.4395755365631,366.68850605753516,2212.4875256001915,187.81906082608555,266098.88441276754,908994.5469527923,100207.46857060173,1057256.6607904942,0.0,0.0,29198067.84000004,2332557.5607266556
109,227.64432411399818,301.9495281889213,830.6830489745595,188.7018718383438,182766.04594236484,748511.2569512397,37623.102756101965,1062226.112872855,0.0,0.0,28325191.125599943,2031126.5185225615
109,231.4250933738674,304.04572720623173,1600.1004315945117,190.3061917436999,185801.4664429028,753707.5842006245,72471.37525230412,1071257.0275122756,0.0,0.0,27452314.411200013,2083237.4534081072
109,328.78917636954844,306.1119159883273,2034.8270966065845,194.94440286477393,263970.9904808212,758829.5182260264,92160.91389012414,1097366.0900341503,0.0,0.0,26579437.696800075,2212327.512631122
109,223.24273499016687,383.58958411637633,2052.954516721381,196.82000775014123,179232.19530428472,950891.1091283724,92981.93677066073,1107924.1012889396,0.0,0.0,25706560.993200045,2331029.3424922572
109,222.4023317626581,405.35344938762483,812.9491448964739,203.01140317762759,178557.47092674187,1004842.1725660576,36819.90291204555,1142776.2298562261,0.0,27518.76611083164,24833684.278799962,2362995.776261071
109,222.7471255499757,342.76489999682656,712.6233797760513,196.45197616462738,178834.29134569498,849689.6407629626,32275.97177625346,1105852.4060975441,0.0,0.0,23960807.564400025,2166652.3099824553
109,252.099377731392,381.0376246904859,626.5010178578865,194.46815504006858,202399.97914212852,944564.9844643634,28375.33786293937,1094685.2322839194,0.0,0.0,23087930.849999957,2270025.5337533504
109,272.8297778593281,335.5307525187914,1894.5657638212576,190.52002863605722,219043.54483142126,831756.7072219412,85808.2303454142,1072460.7417560436,0.0,0.0,22215054.13559999,2209069.2241548207
109,241.92503533927948,407.14106083716564,713.1875253022307,187.36158981277455,194231.42788873118,1009273.5333337388,32301.52292374232,1054681.5000277136,0.0,0.0,21342177.421200007,2290487.984173926
109,215.33726299311084,395.5605369893559,656.6465627600029,189.92148494209226,172885.224590943,980566.24402791,29740.682846072334,1069091.4654726074,0.0,0.0,20469300.717599988,2252283.616937533
109,224.20042283503122,420.23653973182815,644.876324017182,185.31572512081038,180001.0825644181,1041736.2877106536,29207.587940341855,1043165.0753201166,0.0,0.0,19596424.003200028,2294110.0335355303
109,220.63107245721332,430.9244102902906,1695.5957569081977,180.5716249082311,177135.4013853434,1068230.7534375268,76796.52723589086,1016459.9500407848,0.0,0.0,18723547.288799997,2338622.6320995456
109,225.9346682579811,382.1813442674418,574.708624962798,179.15128187355887,181393.43521753087,947400.1833907593,26029.5688933164,1008464.6638999118,0.0,0.0,17850670.574400004,2163287.851401518
109,188.84000139516783,409.5927508683329,616.3333978742627,168.08773111478916,151611.6885631729,1015351.0973487939,27914.828391967138,946186.5719945643,0.0,0.0,16977793.859999996,2141064.186298498
109,224.7215363006259,413.18844509254865,1187.7449948138808,169.83437354469052,180419.4626315019,1024264.5658331562,53795.06906165002,956018.6376800723,0.0,0.0,16104917.15639997,2214497.7352063805
109,220.09709829995714,425.11000983211295,1414.274812676416,165.66212297245124,176706.69601025025,1053817.2710867764,64055.004695685384,932532.524563622,0.0,0.0,15232040.441999985,2227111.496356334
109,225.0261091947497,417.3950442084834,675.5077411940152,161.5803392900458,180663.991388267,1034692.4237955249,30594.93893712898,909555.6607290981,0.0,0.0,14359163.727599975,2155507.014850019
109,332.55568135373716,383.68532926937814,611.1152071952938,156.3345458445956,266994.9587948199,951128.4545060924,27678.48731776545,880026.4423582912,0.0,0.0,13486287.013199972,2125828.3429769687
109,180.97885674105012,373.53069847230364,897.1934138613688,147.6384894414349,145300.30640767244,925955.8519609466,40635.47467770464,831075.2682100785,0.0,0.0,12613410.29880003,1942966.901256402
109,334.7838043920985,348.5219284508963,1113.5061676639982,146.457742525738,268783.82499730185,863960.9020240953,50432.66143120605,824428.698176996,0.0,0.0,11740533.595200006,2007606.0866295993
109,351.03957662352326,348.7742461065678,472.84496008499457,140.10204863111503,281834.9002922405,864586.3794233494,21415.983560689605,788651.7132720519,0.0,0.0,10867656.880800027,1956488.9765483313
109,345.481911021658,362.16657067808205,942.0829359077973,137.41795846722422,277372.8845109283,897784.9929752514,42668.60043211835,773542.6386581421,0.0,0.0,9994780.166400013,1991369.1165764402
109,218.97740069624282,326.3476850513904,854.7413410417658,132.90239977338018,175807.73793396837,808992.5405947565,38712.74530472286,748124.0017782691,0.0,0.0,9121903.454160005,1771637.0256117168
109,168.52984235709764,348.04564689486705,314.54720590323666,130.2287230382584,135305.51675635992,862780.2341545196,14246.39862815435,733073.5456393921,0.0,11365.015294368495,8249026.741920012,1745405.6951784259
109,164.46371388986876,326.01250109774867,385.0913692373076,123.34403596090023,132040.99335942708,808161.6435771156,17441.468407461085,694318.7928577499,0.0,0.0,7376150.029680009,1651962.8982017536
109,159.54893848905218,306.4531502532609,328.5065199429683,123.7184797736792,128095.12706033047,759675.4135320806,14878.640621258513,696426.5832673662,0.0,0.0,6503273.317440007,1599075.7644810358
109,154.85663623554294,316.26938935399414,288.1288658510863,119.8515256223762,124327.87508698071,784009.1672951485,13049.865337081814,674659.0213625483,0.0,4971.631582020898,5630396.604119984,1596045.9290817594
109,149.17310986821434,285.58477183760664,375.0132327591754,115.56472204452575,119764.81099474514,707944.1978811577,16985.01180253234,650528.0752474486,0.0,0.0,4757519.891879987,1495222.0959258839
109,143.31915885624994,280.73529172121704,264.8664506817541,110.9553127849762,115064.9201287587,695922.6839571231,11996.269459145831,624581.1419567924,0.0,0.0,3884643.17963999,1447565.01550182
109,135.00680650335542,265.7956746239527,222.40506967766774,104.78920477952494,108391.28230391463,658888.4430397239,10073.118502045148,589871.359407334,0.0,0.0,3011766.4673999944,1367224.2032530177
109,125.45317787149526,241.4766755823217,176.8586265174847,88.9023457479888,100721.07600185696,598603.3859653571,8010.239629885805,500442.27028158115,0.0,103183.33161151945,2138889.755160002,1207776.9718786809
109,110.84463261529038,145.53788969981687,112.04601774616795,52.58675107384066,88992.48991108485,360778.006200699,5074.762081975752,296017.30834780075,0.0,493644.84208993404,1266013.0429200015,750862.5665415605
109,89.77983927233142,82.12925624674853,66.77303859862897,30.69710520866658,72080.45398455889,203592.54473569244,3024.268878045108,172797.79169432304,0.0,738510.0623210582,686863.6693199995,451495.05929261947
109,109.98563201734657,179.45834896863747,167.61010945169792,65.35892718469967,88302.83448761074,444864.3955915198,7591.357953731227,367913.46311826195,0.0,253651.85673744354,1559740.381559997,908672.0511511236
109,114.82348841843826,224.84152200088025,442.78182906178245,81.77215232624229,92186.94575946352,557366.0315256739,20054.37124772292,460305.53200427484,0.0,0.0,2432617.093799999,1129912.880537135
109,118.57485218733795,229.9579469741764,282.35002208707357,79.30573595960821,95198.75782902297,570049.2826333308,12788.131294219975,446421.7700450925,0.0,0.0,3305493.806040004,1124457.9418016663
109,118.87522360240425,223.00061656749483,338.6661882155623,82.36828853367464,95439.91339509933,552802.5587885695,15338.789945190869,463661.25624905666,0.0,0.0,4178370.518280008,1127242.5183779164
109,116.53963721431934,221.15344159460463,452.53198603593114,78.36705017097049,93564.76939241677,548223.5443120116,20495.97308151423,441137.79195436195,0.0,0.0,5051247.230520009,1103422.0787403046
109,113.42766087259447,200.80567595905973,631.9748951228744,76.26215803765169,91066.29457536656,497782.89046047896,28623.259434312662,429289.0944983702,0.0,0.0,5924123.943840002,1046761.5389685284
109,108.77941869395802,189.36983069053488,510.18121808039854,73.91678240506918,87334.41658157797,469434.24899186986,23107.008642787358,416086.68576148665,0.0,0.0,6797000.656079997,995962.3599777218
109,127.33651869577756,184.99472221151993,378.59527716545705,62.99623141060664,102233.13107705198,458588.66838584037,17147.24892166077,354613.5571683837,0.0,0.0,7669877.368319995,932582.6055529369
109,215.39753427408945,180.61423476294496,349.42283179077145,68.48008042332309,172933.6138655327,447729.7536994743,15825.977335183286,385482.8196913842,0.0,0.0,8542754.080559993,1021972.1645915746
109,191.98579631355935,370.31678960809415,607.916572451141,165.66372755009823,154137.31489195448,917988.802043349,27533.615499558666,932541.5569291208,0.0,0.0,16980199.48439997,2032201.2893639829
109,173.30737436423956,382.73671911473326,734.1808500006263,163.06572207001378,139141.19611145405,948776.9178652876,33252.34768571978,917917.0636188657,0.0,0.0,17853076.19879999,2039087.5252813273
109,186.90041481278146,378.82590457416654,416.3391695727973,161.5769881952729,150054.4761362639,939082.2886833163,18856.736486393907,909536.7970032654,0.0,0.0,18725952.913199995,2017530.2983092396
109,208.52307885537545,439.69163446494605,765.2231002924206,157.5051326447675,167414.4029659179,1089964.0743216672,34658.30604005305,886615.8198478379,0.0,0.0,19598829.627599977,2178652.603175476
109,182.87155722915637,418.8323719641676,411.3551660505934,155.38002092425916,146819.8759629895,1038255.456370906,18631.002162232453,874653.3038414787,0.0,0.0,20471706.331199992,2078359.6383376066
109,238.34944721291558,388.4213725412268,454.33886239951653,148.1427763627564,191360.73868390505,962868.7666160319,20577.809704012623,833913.9614937722,0.0,0.0,21344583.045600027,2008721.276497722
109,319.94430062457513,464.2239022623946,390.59839970650694,146.16962226511802,256869.81203918002,1150777.8093689485,17690.8915460209,822806.8336904558,0.0,4535.320920009282,22217459.759999994,2248145.346644605
109,136.4284166355614,375.596084638915,545.6207057996236,139.95515161027788,109532.63324137431,931075.7963600407,24712.125648280573,787824.8118220753,0.0,0.0,23090336.47440005,1853145.3670717706
109,387.79873683143796,436.2064211990072,541.1415344884477,140.61154472250422,311347.2827753554,1081324.4802210305,24509.25606678305,791519.7296166057,0.0,0.0,23963213.188799936,2208700.748679775
109,414.8628600489809,396.5028549240112,366.7620196288274,135.97398747112013,333075.9281374521,982902.1827059636,16611.299783430946,765414.3478078701,0.0,0.0,24836089.892399963,2098003.758434717
109,450.17837221793326,358.16371374063306,402.2659213993426,136.46107118812864,361429.266375381,887862.1972828159,18219.334215099665,768156.2021324782,0.0,0.0,25708966.60680003,2035667.0000057747
109,144.4935633374861,379.9747126892464,692.3836210671822,131.8864716555492,116007.80005430889,941930.1017313176,31359.277349176242,742405.2170887017,0.0,0.0,26581843.321199976,1831702.3962235046
109,157.29206752622068,346.9464264597064,1144.5049956517867,131.87560269122505,126283.18035933435,860055.3454139292,51836.65311268192,742344.034347839,0.0,0.0,27454720.035600066,1780519.2132337843
109,171.31286969220574,317.87114593154143,343.41934761666033,125.30164353544247,137539.89226195132,787979.8071447319,15554.068931302842,705338.4073649014,0.0,0.0,28327596.75,1646412.1757028876
109,184.45601556060763,363.3757412566937,328.47356358533597,130.5792561874285,148091.9708650999,900782.4402476272,14877.147969601303,735046.739974184,0.0,0.0,29200473.46439993,1798798.2990565123
109,195.7765094773983,375.52225688012214,1162.2791089661848,126.6444413021588,157180.718934436,930892.7826330003,52641.67410408376,712897.1816272752,0.0,0.0,30073350.167999953,1853612.3572987954
109,205.4644844865829,350.49312800853363,571.9241242965388,129.4879062221918,164958.7862880083,868847.3645645026,25903.453939098392,728903.3964023173,0.0,0.0,30946226.882400043,1788613.0011939267
109,216.00830322014784,284.5663168413196,1741.8166290725806,133.92385269954283,173423.97454414808,705419.5208797016,78889.95218908318,753873.8862954183,0.0,0.0,31819103.596799962,1711607.3339083511
109,267.4407884767895,372.2144348758734,565.4676666331632,123.84252488010135,214716.95208677306,922692.9287666215,25611.029565675257,697124.848472327,0.0,0.0,32108019.68879993,1860145.7588913967
109,221.5213128823238,341.07690039782307,1159.5766070866441,134.25428365647818,177850.13795111876,845505.2106392873,52519.27301977364,755733.922910524,0.0,0.0,31235142.974400062,1831608.5445207036
109,218.78835262125352,362.59279656377174,719.5462539714009,133.35691309163633,175655.9591918746,898841.5764226781,32589.520978371802,750682.5133107555,0.0,0.0,30362266.270800047,1857769.5699036801
109,219.8186192903548,333.2543264428465,597.1495195197492,118.15184949582579,176483.11693503693,826113.6100007525,27045.95665143578,665091.3347918761,0.0,0.0,29489389.556399945,1694734.0183791015
109,217.3467063566337,309.1108935363355,380.8094040757819,128.97908688605696,174498.52208705049,766263.7688025786,17247.530640861656,726039.1895965678,0.0,0.0,28616512.84200002,1684049.0111270584
109,212.99041586007922,299.50551257101836,4210.997420075674,131.0922061259588,171001.03981012426,742452.7172570812,190723.51221896606,737934.1984503255,0.0,0.0,27743636.127599925,1842111.467736497
109,206.82317388651816,333.3820871058302,1032.4395258267573,122.5323286815029,166049.62081795518,826430.3195349997,46761.01001169088,689749.5924582782,0.0,6752.031567374594,26870759.413199995,1728990.542822924
109,200.1307994422144,256.55963340832915,827.6396822798649,130.07108703478576,160676.59506863487,635992.95828429,37485.263302148574,732186.1931315113,0.0,0.0,25997882.709599964,1566341.0097865849
109,205.1200852500719,247.2318907010051,799.1948140181632,121.3474916725019,164682.28263729057,612870.1520979248,36196.9449684413,683079.9987854755,0.0,0.0,25125005.995200034,1496829.378489132
109,329.32872268762765,219.8995930324265,3769.4001955011986,121.22274479635006,264404.1695092986,545115.3435178866,170722.79380117182,682377.7832321431,0.0,0.0,24252129.28079996,1662620.0900605
109,486.42211390705967,239.7056823716897,1281.8407817100888,126.23466626312711,390527.8410244941,594213.2206218535,58056.83347791263,710590.5073869908,0.0,0.0,23379252.566400003,1753388.4025112512
109,447.7638493544397,253.5485989542725,645.0748634211348,119.62679159587083,359490.7475991466,628528.8195010717,29216.58014068261,673393.965806504,0.0,0.0,22506375.852000006,1690630.113047405
109,436.74683656539753,222.41666213570397,858.7340634724846,108.75227102798536,350645.651753307,551354.9775707292,38893.58275707363,612179.9481624367,0.0,0.0,21633499.148399986,1553074.1602435466
109,409.38309773146074,252.08534587029166,2371.562414697261,122.08324381888859,328676.4576240753,624901.5198934267,107412.25131632242,687221.6383721973,0.0,0.0,20760622.434000034,1748211.8672060217
109,380.67140339896343,213.47994871448802,853.9849625527376,108.13268710436546,305625.0467625046,529201.5049819524,38678.487586751675,608692.2338309695,0.0,0.0,19887745.71959999,1482197.2731621782
109,335.2517866005161,219.16871781849133,728.8710584300945,105.37930112544308,269159.54821437196,543303.5562025084,33011.85784531891,593193.0845266379,0.0,0.0,19014869.00520001,1438668.0467888373
109,292.6270149357664,200.71024067041986,565.8238529888459,107.43851351261917,234937.91318488953,497546.313214322,25627.16187495581,604784.6450570154,0.0,0.0,18141992.290800016,1362896.0333311828
109,296.59041168007246,163.0667534194286,822.4423991844886,114.76176556478283,238119.95760561893,404230.8040718863,37249.86916934272,646008.1341786389,0.0,0.0,17269115.587199982,1325608.7650254867
109,205.98209835943612,133.95963835091413,825.7705506845341,109.37014983443407,165374.35667938305,332076.35025692085,37400.60703022558,615658.0641790219,0.0,0.0,16396238.87279996,1150509.3781455513
109,241.09656487770877,160.14150238874737,1114.4491525881258,114.99031879702633,193566.28382669212,396979.31625203067,50475.370884278076,647294.6885148806,0.0,0.0,15523362.158399977,1288315.6594778816
109,202.58594091686996,130.5626829871586,2008.0181347032853,107.84322093069919,162647.7248180733,323655.54117540765,90946.68864534833,607062.793033874,0.0,0.0,14650485.44399997,1184312.7476727031
109,193.57714413686378,116.99121686051018,1485.2193567845973,110.1701214660631,155414.9410770848,290012.8485371434,67268.20842755624,620161.2031696187,0.0,0.0,13777608.72959996,1132857.2012114031
109,161.83391188274345,97.84307050625306,2471.510026743296,109.07424097466419,129929.63602019074,242545.96497591524,111939.05523133784,613992.3567071465,0.0,0.0,12904732.015200024,1098407.0129345902
109,169.19839236461954,117.75900255983476,1155.102830740566,117.79360199977411,135842.26741713338,291916.1343025414,52316.64778577604,663074.7154469265,0.0,0.0,12031855.311599998,1143149.7649523774
109,219.88905682606978,137.7401780090279,862.0679925258331,113.82262124982311,176539.66826764168,341448.03733463085,39044.58229355211,640721.574986683,0.0,0.0,11158978.597200017,1197753.8628825075
109,212.81931729975753,140.51276710146215,1038.9261304171437,121.59488609451225,170863.67197783527,348321.0871421099,47054.79979269529,684472.6125029674,0.0,0.0,10286101.882800015,1250712.171415608
109,169.1799298557245,132.6028621963692,1731.296448490939,121.73414626673352,135827.44464585607,328712.9993322441,78413.47462580023,685256.5251900833,0.0,0.0,9413225.170560004,1228210.4437939837
109,140.20271256879388,159.26385398572867,1137.1910593387831,123.83355430918594,112562.8565804276,394803.6887117427,51505.392016412516,697074.3520221281,0.0,0.0,8540348.458320016,1255946.289330711
109,172.27487454567722,148.8535830858207,972.3551732841213,130.36087806909455,138312.245466586,368997.3726587576,44039.68354122057,733817.4626092351,0.0,0.0,7667471.746080016,1285166.7642757993
109,157.2651292693433,165.05930535673664,1022.7576407214536,133.20937896624844,126261.55276675889,409170.19763239525,46322.50033144728,749852.025520676,0.0,0.0,6794595.0338400155,1331606.2762512774
109,142.13310434894584,176.18401978995252,790.8445001824207,132.46211517279949,114112.68688764553,436747.568041201,35818.744503323265,745645.5854526841,0.0,0.0,5921718.321600014,1332324.5848848538
109,146.7556429096929,163.97572987059328,979.2718291311686,142.22174498441626,117823.9285285343,406484.0916000412,44352.95110335909,800583.7455084191,0.0,0.0,5048841.609360014,1369244.7167403537
109,118.0339193424002,182.52398048674738,655.1195776533162,143.4803017903384,94764.46561649181,452463.8765866816,29671.522993049177,807668.317011396,0.0,0.0,4175964.897120012,1384568.1822076188
109,111.41896380432958,188.53752622960212,776.1022254799187,151.58674505725347,89453.596248309,467371.0258368096,35151.0408386396,853300.4860871551,0.0,2840.33205509407,3303088.184879991,1445276.1490109132
109,102.16781211316474,176.2793244566384,585.0451306472028,127.40611818800288,82026.23595023052,436983.8214848882,26497.7274960271,717184.7547702082,0.0,193202.6144089083,2430211.4726399975,1262692.539701354
109,87.71718267182032,127.73056753345236,389.71274813350186,76.653171368107,70424.43382029796,316634.92978118034,17650.77882170516,431490.15676682943,0.0,633971.8301944998,1557334.7604000014,836200.2991900129
109,57.09176694469878,64.15302355114513,185.27954684836422,36.003890086516705,45836.576602368164,159030.75121033413,8391.637987900609,202670.33836137605,0.0,1077577.6088521408,684458.0476199988,415929.30416197894
109,76.24970231500956,110.34641101936755,312.6982124501536,60.186252684862765,61217.67652514796,273540.85070961673,14162.6544482694,338795.84031150286,0.0,853755.4329791879,1268418.6651600024,687717.021994537
109,91.22449074293218,175.30371336006323,472.35875074981936,104.466500732955,73240.30384277148,434565.3514426494,21393.962280971842,588054.8185237863,0.0,495641.14480601985,2141295.3774000024,1117254.4360901788
109,97.86994310915217,224.43882288124334,567.127332001164,151.94788284955783,78575.65783061851,556367.7692464761,25686.198742123623,855333.3752662279,0.0,158444.97838131385,3014172.0896399952,1515963.0010854462
109,101.40429797194776,237.522988856063,909.9712589022399,178.34139556495285,81413.24258369514,588802.4797052495,41214.20585269093,1003905.7139696402,0.0,0.0,3887048.8018799913,1715335.6421112758
109,105.49003789661886,259.920486579393,689.9567981888144,177.68489285810458,84693.5111943329,644324.2726154972,31249.36225383825,1000210.1792534644,0.0,0.0,4759925.514119994,1760477.3253171328
109,114.9008520423311,265.2140274109942,864.8815090104963,188.09037235169703,92249.05775673689,657446.5812521427,39172.0114254444,1058783.9068343213,0.0,11144.377246971359,5632802.226359999,1847651.5572686451
109,150.10100750210603,255.17691739649547,725.8248739896563,187.42200929993706,120509.78094840293,632565.3043110186,32873.89077068302,1055021.6087736692,0.0,0.0,6505678.938600002,1840970.5848037738
109,148.64033994491146,292.9603314179134,585.1001634674057,190.64346133798878,119337.07244840512,726227.6818968042,26500.220029673965,1073155.5596605872,0.0,29099.556722194655,7378555.650840018,1945220.5340354706
109,112.54468832798584,304.41316225417665,1058.5580113804037,201.80942944236895,90357.39308493021,754618.4293714542,47943.962362809216,1136010.1714375115,0.0,5740.0086164958775,8251432.363080018,2028929.956256705
109,163.69608013106176,285.07339536603644,578.6964291465206,199.7109594375403,131424.69252532953,706676.5322291988,26210.18358957223,1124197.6249349576,0.0,0.0,9124309.075320011,1988509.033279058
109,111.86365876050701,290.87243600785615,742.2652597103591,198.94727714519559,89810.6231107506,721051.9386951562,33618.50488322993,1119898.7631114665,0.0,0.0,9997185.787560018,1964379.8298006034
109,112.33869306586527,326.0573006636405,1055.552239744057,200.26320307229167,90192.0081596211,808272.6984927424,47807.82565546307,1127306.2724739881,0.0,15576.59631143813,10870062.50520001,2073578.8047818146
109,196.97816017287622,343.30850049051946,665.2486261858099,196.0762229091611,158145.47369856713,851037.1874581137,30130.28549486017,1103737.2446735217,0.0,17569.45511560142,11742939.208800029,2143050.191325063
109,121.59931777612148,312.42655726570615,642.3676644494085,193.87967497843465,97626.97394599456,774483.0617439675,29093.966316769624,1091372.605428219,0.0,39.91500571591314,12615815.923200013,1992576.6074349508
109,135.2816960999503,379.1188072931047,557.4043214340287,181.79661151221782,108611.97959050797,939808.3735480016,25245.826417062253,1023355.5507361974,0.0,20461.016232826747,13488692.63760002,2097021.7302917694
109,100.14447341538569,345.9956711175407,1267.8684555405896,178.2026860977944,80401.78247512404,857698.4910068831,57424.00214246433,1003124.9012692523,0.0,0.0,14361569.352000037,1998649.1768937237
109,136.13294755713886,358.52670158377157,524.7416042655291,178.30446338394435,109295.41355504259,888762.018151407,23766.474255198656,1003697.8181671748,0.0,0.0,15234446.066399964,2025521.724128823
109,225.89916315849513,416.40745824889945,506.06374993055834,173.87415393817201,181364.92966761612,1032244.2689254398,22920.521236444292,978759.0598201555,0.0,14211.43755831616,16107322.769999983,2215288.779649656
109,122.28330317141565,212.60471413173295,574.1400046987336,184.26863234881463,98176.1170299119,527031.8611292377,26003.815077043746,1037270.860948109,0.0,0.0,8782751.236679992,1688482.6541843023
109,110.78165460406574,208.74058052532578,563.799521173758,188.9303747064376,88941.9275167109,517452.95064009895,25535.476310906422,1063512.3837030856,0.0,0.0,7909874.524439989,1695442.738170802
109,99.04241111580629,216.15053330413136,577.9172165770201,190.18717904833053,79516.98304223586,535821.6929318333,26174.891675758226,1070587.0903698765,0.0,457.77044376399135,7036997.81219999,1712100.6580197038
109,93.10413510356857,173.79652387400895,474.77178764584266,195.61836692503078,74749.39118289486,430829.1366406699,21503.252984815408,1101159.9168625134,0.0,0.0,6164121.099959991,1628241.6976708937
109,141.0601391250997,179.02143449726722,515.7683112069383,198.1171669215969,113251.24827212433,443781.3159056296,23360.057960535207,1115225.97026909,0.0,0.0,5291244.387719993,1695618.592407379
109,127.7539092010749,166.8327845064947,650.5617875278524,200.16954805292764,102568.23634516698,413566.52544096747,29465.09262656613,1126779.0768176815,0.0,7905.944131665863,4418367.675479995,1672378.931230382
109,156.54085047243265,161.8928733224762,501.02816468529056,194.06617104014353,125680.05980669297,401320.8393762961,22692.450684922034,1092422.4147637875,0.0,0.0,3545490.9632399976,1642115.7646316986
109,99.2058263139542,144.59750330678918,447.2316998273253,161.247616879103,79648.18222643966,358446.85567601735,20255.913755746966,907682.7252367346,0.0,176517.70079852827,2672614.2509999922,1366033.6768949386
109,95.38759765215153,124.54977375844248,372.8834194011396,108.95928990255452,76582.68714881137,308749.96979824675,16888.548793061254,613345.2829430758,0.0,492841.2784847107,1799737.5376800029,1015566.4886831951
109,75.54263010439094,69.65742908736304,197.50179474662227,56.09747151136631,60649.99800896506,172675.778349128,8945.205186791165,315779.58673649025,0.0,895492.0079197998,926860.8258719989,558050.5682813745
109,81.21891333178519,74.39382180152164,221.11036960174988,62.876575915786326,65207.24688902189,184416.9567015293,10014.479248415593,353940.00162858627,0.0,801045.5337280673,1026015.8864760015,613578.684467553
109,122.18451443879957,113.8886497028475,452.9892695638488,118.22751937237027,98096.80371465939,282321.8067365921,20516.684260321545,665517.2898607918,0.0,326270.1255993796,1898892.5990399986,1066452.5845723648
109,144.02799428314714,108.35872294267367,527.8504437923183,168.7753792637572,115634.01425707527,268613.51431125595,23907.27908938061,950057.4282462092,0.0,13912.929311640444,2771769.3112800024,1358212.235903921
109,167.00871485666718,110.64398139252401,560.0224516523243,167.64529983531025,134084.2675127871,274278.5063548457,25364.406159785292,943696.0717486693,0.0,0.0,3644646.0235200054,1377423.2517760873
109,160.44657867076114,121.14588329401263,684.4856617730079,164.1695612937253,128815.804579212,300311.96909880335,31001.564820366315,924130.7107672318,0.0,0.0,4517522.735760003,1384260.0492656133
109,215.25363210628555,122.84644588724726,768.9285123207144,165.9212561947405,172818.0808720596,304527.5419855074,34826.130696721186,933991.2174358597,0.0,0.0,5390399.447999997,1446162.970990148
109,166.77152973723454,129.69788018261346,1493.1253899112432,162.02263769796363,133893.84156386968,321511.7569538272,67626.28663450187,912045.4130245863,0.0,0.0,6263276.160239992,1435077.298176785
109,216.6959075616089,134.90569494863334,616.1289636827677,162.25357377260943,173976.02312761598,334421.556812974,27905.56920628498,913345.380674633,0.0,0.0,7136152.872479988,1449648.5298215079
109,224.56801443878058,173.09986810940862,618.8241746828626,163.5380255222891,180296.20639059017,429102.17688964464,28027.640073785074,920575.7180101513,0.0,0.0,8009029.584719985,1558001.7413641713
109,248.88039236473494,174.4170080521904,622.7825910791416,157.1150689589916,199815.59128312956,432367.27248381765,28206.92374523171,884420.1032464172,0.0,0.0,8881906.29695999,1544809.8907585961
109,223.93336421461086,195.77113745742525,970.0912992297422,160.128809846375,179786.6724389778,485302.63005195785,43937.14868598316,901384.8224451419,0.0,0.0,9754783.010280015,1610411.2736220607
109,201.96285620504727,205.12577904495174,707.1580627483702,152.30359230076303,162147.4763295147,508492.1166360429,32028.437913150137,857335.70764367,0.0,0.0,10627659.722519994,1560003.7385223778
109,202.44222022393453,172.51219756697617,840.1290724975403,144.85664608131333,162532.33752313352,427645.38369964465,38050.929848613814,815415.9287967709,0.0,0.0,11500536.437999995,1443644.579868163
109,304.37712710416537,222.02466320137526,744.4614715502345,147.91961475737185,244371.58366516966,550383.2402846409,33717.97519724175,832657.7572901745,0.0,0.0,12373413.141600015,1661130.556437227
109,330.39537329730763,245.2323379180994,1048.9694875842513,143.17342603218418,265260.5383868973,607913.4039425289,47509.6811811873,805940.875515753,0.0,128.40366637910483,13246289.856000029,1726624.4990263665
109,212.8710611106656,209.5517475927764,642.6223530882021,141.9706960263743,170905.2149056393,519463.77571042336,29105.501615148434,799170.5599568198,0.0,0.0,14119166.570400013,1518645.052188031
109,192.4096325706535,250.06003198011368,1128.6584613311932,133.690097448569,154477.59518287587,619880.911797926,51118.935579131954,752558.0491540767,0.0,0.0,14992043.284800023,1578035.4917140105
109,226.02395049194715,209.38269940479734,2935.8441369730494,133.87350935327126,181465.11616515997,519044.71735842497,132969.56736698662,753590.4973894254,0.0,0.0,15864919.999200039,1587069.898279997
109,227.8653401870233,243.65863795809605,1235.894317691767,129.61924029251608,182943.4904445009,604012.314438626,55975.836954419334,729642.6920841738,0.0,0.0,16737796.713599956,1572574.3339217203
109,236.84978269166442,279.62422120619453,1321.7105428845862,128.82574534688166,190156.7211629065,693168.4197171716,59862.60539462752,725176.0111579369,0.0,0.0,17610673.417199977,1668363.7574326424
109,429.0079635439962,308.3534691110226,922.2861866419006,115.41041566472298,344432.4363451193,764386.1678934565,41771.970685324966,649659.4656019132,0.0,13828.27848043514,18483550.131599985,1800250.0405258138
109,200.0871627239349,272.58290857417575,1365.51987855136,118.77514360616146,160641.56098426276,675713.5099499956,61846.80759967104,668599.9342220164,0.0,0.0,19356426.845999982,1566801.8127559456
109,230.05383112110053,273.1881949586478,620.1625441509802,111.90183744265443,184700.5376986275,677213.9715508932,28088.25719133283,629909.246008273,0.0,0.0,20229303.560400024,1519912.0124491267
109,218.58200855950062,276.97427756566157,897.0068620894416,108.76485115403923,175490.29423002218,686599.3992019807,40627.02541839543,612250.7632437472,0.0,0.0,21102180.2748,1514967.4820941454
109,269.5679781162951,331.169280125781,663.424030900662,108.83846097063989,216424.7831117509,820944.9294965996,30047.646351102325,612665.1219811315,0.0,0.0,21975056.978400026,1680082.480940584
109,282.81445939751336,348.88976171357245,1588.471283721316,93.39881932559643,227059.8253683083,864872.7343407264,71944.67060130727,525753.4746880184,0.0,0.0,22847933.69279999,1689630.7049983602
109,273.53650844885317,292.7999079366232,953.0219949286209,91.13872619066944,219610.94907440746,725830.0035750489,43164.04973989412,513031.13164999726,0.0,0.0,23720810.40720004,1501636.1340393478
109,278.7406647070101,323.8236934103199,1644.2725253011556,88.24517410500574,223789.14708339123,802735.7460664669,74472.00740981444,496742.9700413897,0.0,0.0,24593687.121599987,1597739.8706010622
109,252.93703279884835,371.5175695541731,1674.1432025464742,86.86640103129142,203072.49713763944,920965.4495385524,75824.90315119534,488981.6863383855,0.0,0.0,25466563.836000066,1688844.5361657727
109,254.4660218483265,307.4498606716875,567.6264583635573,83.92929736235642,204300.05808803835,762146.187282209,25708.805056823057,472448.3674954747,0.0,0.0,26339440.539600033,1464603.4179225452
109,260.8099408133873,392.33159246390596,814.2578466742652,79.33523366352956,209393.32360008472,972561.9217828421,36879.17632748809,446587.81625899486,0.0,0.0,27212317.253999956,1665422.23796941
109,289.3643767652861,389.9620167232632,678.69770834002,73.78648838211146,232318.47832711248,966687.9132135691,30739.418184503633,415353.2446345458,0.0,0.0,28085193.968400054,1645099.054359731
109,259.94540143469976,327.68566879879563,733.5728570979167,73.72292854632127,208699.22132268702,812309.3064879095,33224.810613087975,414995.45847880444,0.0,0.0,28958070.682799984,1469228.796902489
109,263.27310770971354,382.09616936912994,5219.667438888647,73.2615336273856,211370.8966227806,947189.040917451,236407.9592672674,412398.2095672505,0.0,0.0,29830947.397200085,1807366.1063747497
109,282.36721372487625,340.27613421189795,1250.2097079497055,71.61813897428097,226700.75064298467,843520.168609429,56624.20626848321,403147.3383529002,0.0,0.0,30703824.100799937,1529992.4638737973
109,306.67679353811445,344.96240185606484,472.8410997345177,73.21557001017946,246217.88904860098,855137.0905029138,21415.808718596887,412139.4746964047,0.0,0.0,31576700.81520004,1534910.2629665164
109,314.6830099203749,485.1242379058032,508.24670629612507,85.81502634310901,252645.74318834208,1202588.24469893,23019.391186607823,483063.3685319906,0.0,23501.072732279892,32350422.470400054,1961316.7476058705
109,319.26919410631865,366.2518545699136,782.0263574094806,82.63741249343485,256327.79743191105,907912.119184782,35419.355239182325,465176.1882148717,0.0,0.0,31477545.75599995,1664835.460070747
109,326.4988163784645,362.5044745843835,2099.1967326020385,91.91145024045855,262132.15684864426,898622.6325607524,95076.32841846853,517380.8906414397,0.0,0.0,30604669.041600022,1773212.008469305
109,319.3861063225505,432.74967377893506,1509.2615585261708,92.2374864286424,256421.66132931426,1072755.4509137806,68357.12221690438,519216.1885611503,0.0,0.0,29731792.338000048,1916750.4230211496
109,299.9844853527255,492.9167027478783,673.3402406255624,87.19161583546507,240844.91649577447,1221905.2070027776,30496.769007320636,490812.36058618536,0.0,26505.02093324694,28858915.62359995,1984059.253092058
109,296.463640872342,370.0280134171806,546.7998581762847,98.42610927527576,238018.17866006432,917272.9465461248,24765.531542486537,554052.7099288187,0.0,0.0,27986038.909200035,1734109.3666774943
109,293.9621020514407,461.59117630152997,476.4453100582796,97.40236463990226,236009.79843425864,1144251.4702486503,21579.049771285867,548289.9250978404,0.0,46398.014595969114,27113162.19479995,1950130.2435520352
109,286.17964061009656,452.0512699530978,678.0445215559201,99.80089748085864,229761.58771840038,1120602.7255895948,30709.83420114505,561791.5623175793,0.0,38930.262009122525,26240285.480400007,1942865.7098267195
109,288.12283639863307,440.676322722527,444.6511631431588,108.67717723441362,231321.69782501052,1092405.0459959991,20139.03669059662,611757.2359356342,0.0,40897.53713681537,25367408.766000066,1955623.0164472405
109,286.35003378920453,401.70203070353557,687.9298303427472,116.45595825720025,229898.38922980343,995790.5671362494,31157.557299289052,655544.9538221973,0.0,0.0,24494532.062400036,1912391.4674875392
109,274.89398829355343,333.46291668340103,1929.2878620482047,122.11867901533155,220700.8125033682,826630.6902693714,87380.85551347623,687421.107463891,0.0,0.0,23621655.347999975,1822133.465750107
109,270.66289270681506,332.0179150692102,535.9248030358233,125.55960063948838,217303.843949893,823048.6347482981,24272.981083520343,706790.4797224738,0.0,0.0,22748778.63360001,1771415.9395041852
109,264.89127639429756,344.23236086351335,547.7631352049647,125.38774389449817,212670.0561485023,853327.371162605,24809.160060821367,705823.0769064683,0.0,0.0,21875901.91919995,1796629.6642783969
109,255.04717037900147,302.0164093447462,405.1510000383967,124.830004521697,204766.63778190978,748677.0505469876,18350.004523384592,702683.4931800584,0.0,0.0,21003025.20480006,1674477.1860323404
109,262.8605417405988,312.52977487898954,453.48791833207184,129.03370621829302,211039.66477169472,774738.9308156022,20539.2689439373,726346.6485549957,0.0,0.0,20130148.50120003,1732664.5130862298
109,146.51708619191228,311.8070677299429,519.0493451092749,134.2675528620243,117632.40138103593,772947.3915481452,23508.66178218084,755808.6169052939,0.0,0.0,19257271.786800012,1669897.071616656
109,129.5848171563325,336.17591525339515,416.8793567592073,138.10799506126276,104038.19527679963,833356.019439161,18881.20251835029,777426.9397617024,0.0,0.0,18384395.072400022,1733702.3569960133
109,132.7827927541659,305.54767182334297,498.4932870256397,141.6896982814833,106605.71527674259,757430.7973480936,22577.64159765232,797588.7889898771,0.0,0.0,17511518.358000007,1684202.9432123657
109,246.0078257207086,315.92761346310874,382.23923283231636,153.94835840337308,197509.32843525062,783161.9293371472,17312.290111151957,866594.2989164541,0.0,849.3878067680635,16638641.643600002,1864577.8468000037
109,213.7415843011796,284.6247698979939,637.4686238109472,156.49307846007326,171604.12133368492,705564.4218212144,28872.080111706593,880918.842005745,0.0,3526.0515783459414,15765764.939999979,1786959.465272351
109,208.61702287514385,281.51163156369404,444.6453081952771,158.41229968258642,167489.8266651462,697847.1748308104,20138.771509663824,891722.3750023849,0.0,0.0,14892888.225599967,1777198.1480080052
109,196.10940316135225,252.28525507003897,432.13482943306656,162.9973308885239,157447.9852612915,625397.0804835573,19572.149825761986,917532.0812222363,0.0,5487.686498076306,14020011.511199983,1719949.296792847
109,161.83458026249068,254.30899250138611,544.3987599710139,164.9779055030934,129930.17263415667,630413.7806505109,24656.781563037803,928680.9800306759,0.0,0.0,13147134.79679998,1713681.7148783812
109,187.5626670635252,240.98082488952411,397.48386485714013,168.76908268863045,150586.1705932021,597374.2076071321,18002.746426417965,950021.9840481408,0.0,0.0,12274258.082399972,1715985.1086748932
109,178.759295194626,232.5518705946762,556.7262993573848,173.05670612309228,143518.31386670086,576479.433530606,25215.11759943083,974157.545237235,0.0,0.0,11401381.378800012,1719370.4102339726
109,181.42505458860134,219.12447600966775,491.8283986783742,178.80279734338572,145658.53987833913,543193.8839267113,22275.77703034634,1006503.00149415,0.0,513.9132508394541,10528504.661160005,1717631.2023295467
109,136.67432519748434,210.70008265007414,463.38349278347516,177.41861805569079,109730.06287508449,522310.4160820596,20987.456992165073,998711.2855457948,0.0,0.0,9655627.948919987,1651739.221495104
109,134.97034219323479,239.04225420386092,628.2132792151689,72.2056493883531,108362.00664415592,592568.6297037061,28452.889204657324,406454.5069428693,0.0,0.0,3671738.4834000086,1135838.0324953888
109,132.71966240311679,242.87380078610752,583.8010137298919,72.53759609356904,106555.03057513577,602066.7592935965,26441.37924301005,408323.0758920133,0.0,2620.9625982973957,2798861.7711600047,1143386.2450037557
109,128.58315623234577,176.8534980363038,378.7957886397079,60.899327847105766,103234.00388233134,438407.15667074296,17156.330440549147,342809.8283572836,0.0,184877.32971296087,1925985.058919999,901607.3193509071
109,104.871848967486,95.75152659024397,228.38180872747742,37.006556851050284,84197.19332362518,237361.17738929196,10343.81557199858,208314.47325745018,0.0,535666.17005493,1053108.346355998,540216.6595423659
109,98.52272280551736,81.72082311536208,192.58879183908627,33.53382441770988,79099.74717236013,202580.06825199575,8722.68660589628,188766.0340301234,0.0,600479.4150206756,899768.3659920022,479168.5360603756
109,136.27351460870045,151.55272938817998,328.05442003059613,65.81628860761984,109408.26892406475,375688.3630490793,14858.164217556525,370488.00698321464,0.0,229170.572182173,1772645.0777999994,870442.8031739153
109,216.52034914818265,200.56410961402008,396.6484620068399,90.59749563520325,173835.07466699122,497184.0647903504,17964.909555521917,509984.4780927215,0.0,3615.3884280504426,2645521.791119998,1198968.527105585
109,150.51106605405843,181.39638032625757,515.3011954157198,100.9104607900635,120838.99969979012,449668.6365393497,23338.901461153517,568037.4310492509,0.0,0.0,3518398.503359995,1161883.9687495441
109,232.74661477818017,170.83248309504634,704.2555667432176,103.60983404905826,186862.4603536207,423481.4918126643,31896.97874158544,583232.5360906642,0.0,0.0,4391275.215599991,1225473.4669985347
109,226.2480657800272,186.00034844617426,406.7617897066145,118.43625730008374,181645.04889661307,461081.54380591155,18422.960033046955,666692.3014036246,0.0,3319.0486949881306,5264151.927839989,1327841.8541391962
109,255.4621757633529,169.8812566806811,695.2603490881622,113.16271077959034,205099.8281368106,421123.4696513703,31489.56944321656,637006.8575500697,0.0,0.0,6137028.640079987,1294719.724781467
109,216.29563782409593,172.79138054818227,362.577292041072,120.83662367204255,173654.66340331643,428337.458317,16421.766078325527,680204.2597955414,0.0,0.0,7009905.352319986,1298618.1475941835
109,185.42081021028622,149.40676200991936,543.6104889556026,128.29205620514867,148866.5638796826,370368.66359694704,24621.079376206028,722171.8091487956,0.0,0.0,7882782.064559984,1266028.1160016311
109,190.46871562688986,147.69214605596392,465.6630834211381,124.34050518561786,152919.31466481392,366118.2534354155,21090.70367922401,699928.0410377361,0.0,0.0,8755658.776799982,1240056.3128171894
109,303.2356272524881,158.48503377358864,405.501945530043,133.80461943637337,243455.1214816874,392873.0491792867,18365.89946467453,753202.7075496656,0.0,0.0,9628535.489039995,1407896.7776753143
109,204.05162410293434,131.71225323353866,767.455280921439,134.0124919023209,163824.4601553754,326505.2434923237,34759.405444066906,754372.8473014636,0.0,0.0,10501412.201279981,1279461.9563932295
109,333.1740083839816,114.5207805558819,351.2877456531435,138.78896987155758,267491.3875410972,283888.81385265023,15910.44257852961,781260.2309668022,0.0,0.0,11374288.909200024,1348550.8749390794
109,273.32699173151224,100.44625251855709,577.1780206869932,145.66245853934768,219442.73692092524,248999.06676345447,26141.41218805025,819951.9465196667,0.0,0.0,12247165.623600006,1314535.1623920966
109,312.6661031731232,150.9348785420533,847.7971681996421,153.74746169979872,251026.4536555836,374156.75504751515,38398.23144926636,865463.4265915119,0.0,0.0,13120042.338000022,1529044.866743877
109,300.3754659115427,134.55176147267775,275.36775919838044,154.52007563482005,241158.8183294945,333544.1810722215,12471.892273265228,869812.5657333438,0.0,0.0,13992919.05240003,1456987.457408325
109,356.66918072215844,124.18115776569884,961.2835182976091,155.24406199697904,286354.6724646107,307836.1971498317,43538.22872791739,873887.9742693435,0.0,0.0,14865795.76679996,1511617.0726117033
109,265.0305070740308,185.14221384127717,998.9379545536173,161.3485374283074,212781.83860083338,458954.2895737308,45243.66466552525,908250.8194567127,0.0,0.0,15738672.47039998,1625230.612296802
109,195.22177904817897,164.36438063926303,435.27563771692525,167.68561726220096,156735.34922224606,407447.5290232322,19714.40258142698,943923.0235177744,0.0,0.0,16611549.184799967,1527820.3043446797
109,346.6335857139546,139.48052756896152,405.80180034868124,170.02666337272356,278297.51564566954,345762.2392625286,18379.480419128176,957101.060840938,0.0,0.0,17484425.89919999,1599540.2961682645
109,242.07023439771484,194.52733943970057,801.1734758937882,175.33272791411528,194348.00210110424,482219.3438377861,36286.56206025281,986969.5526452134,0.0,0.0,18357302.61359999,1699823.4606443564
109,236.6908828766183,158.7267059307577,865.621327134638,177.21727814637302,190029.14718973593,393472.13715010666,39205.51909523466,997577.9183610538,0.0,0.0,19230179.32799998,1620284.7217961312
109,196.66192722548834,185.92794988365998,756.4841466340382,175.62732362757663,157891.58357582532,460902.0729540971,34262.50339080433,988627.8682545421,0.0,0.0,20103056.042400014,1641684.0281752688
109,171.98423633885696,247.4577271707763,332.3895639558589,181.05939357770842,138078.90428372516,613429.9845337222,15054.510544310144,1019205.6600473284,0.0,0.0,20975932.74600004,1785769.059409086
109,366.71356441881727,189.94207543470824,487.9311674307764,185.81577918166306,294418.8853515834,470852.80273266905,22099.264542371937,1045979.9413101098,0.0,0.0,21848809.46039999,1833350.8939367342
109,386.4854139335803,253.7295413899625,375.83001225763746,182.9578289375715,310292.8711003829,628977.362841366,17022.005188923995,1029892.1868591837,0.0,0.0,22721686.174800046,1986184.4259898565
109,274.3119921831638,210.99775261439504,889.6445600540967,186.3706213547337,220233.55232341975,523048.31860665325,40293.57375311928,1049103.216341868,0.0,0.0,23594562.889200006,1832678.6610250603
109,361.3218723027566,306.5710915953079,1591.5128502450905,195.78356910437702,290090.1226959524,759967.781672914,72082.42852233954,1102089.8603076711,0.0,6480.065137217753,24467439.60360001,2224230.1931988774
109,370.9914467893063,271.6149710263372,481.2992575672505,193.7815286033225,297853.4170444065,673314.062085551,21798.893628853653,1090820.1273763997,0.0,0.0,25340316.30720004,2083786.5001352108
109,314.13134165909855,277.4875188036725,393.9324513830011,198.46696628377302,252202.8319619023,687871.6874764052,17841.896636318263,1117195.0340263804,0.0,0.0,26213193.02159997,2075111.4501010063
109,384.0597098734867,341.1907235340672,1784.9119525086637,205.91316260343348,308345.37541203166,845787.3700428513,80841.81551883901,1159110.591594866,0.0,6880.246982571203,27086069.736000057,2394085.152568588
109,390.041437346548,234.63984340698636,3848.4772690804803,202.58490355732033,313147.85262033116,581655.3686068961,174304.33415955256,1140375.4108849717,0.0,0.0,27958946.4504,2209482.9662717516
109,332.28637586828114,286.40638001079407,1299.276523375463,195.93098846538825,266778.74475601636,709980.9057048877,58846.52901956959,1102919.7020749182,0.0,0.0,28831823.164799925,2138525.881555392
109,362.33402469618954,359.4111498149618,1391.2608703965382,193.23586514838436,290902.7372496375,890954.5019787779,63012.66259386002,1087748.5204812002,0.0,0.0,29704699.868399948,2332618.4223034754
109,377.4834553743848,341.14308283575053,1429.884054799993,183.0344669101595,303065.5774790524,845669.2721634046,64761.97484643683,1030323.5914601425,0.0,0.0,30577576.58280004,2243820.4159490364
109,333.56812944248037,396.59841675889203,620.3081379562899,182.4360573835122,267807.81074982334,983139.0736511897,28094.851391978405,1026955.070421087,0.0,8153.609943455667,31450453.297199957,2305996.8062140783
109,398.67193405124107,375.86752067507155,2155.042500072648,175.5228200405798,320076.91515406454,931748.666855398,97605.68188322723,988039.6046728644,0.0,0.0,32323330.011600066,2337470.8685655543
109,374.62908047658016,295.79851153710473,2227.47356907705,177.13395247720095,300773.9200184972,733263.3271624619,100886.21295371304,997108.8678910987,0.0,0.0,31603793.274000067,2132032.328025771
109,304.2823112014516,337.9951527011979,766.5678846427368,173.87546643867367,244295.4599678234,837865.7787917097,34719.213698947984,978766.4480473758,0.0,2051.7298655834747,30730916.570400037,2095646.9005058568
109,361.96940654273993,407.8042858622196,946.194055089912,167.06091285878318,290610.00068155414,1010917.6206754951,42854.80028249717,940406.485373916,0.0,0.0,29858039.855999947,2284788.9070134624
109,296.5939518177546,327.0544700428842,1358.0572883109583,164.65755023062104,238122.79983315428,810744.6099738692,61508.813704420725,926877.6606862437,0.0,0.0,28985163.141600024,2037253.8841976877
109,277.19183507855735,376.0717122733688,789.6135429286795,156.56949551449108,222545.65696725313,932254.8432048598,35762.99227471689,881349.0030310738,0.0,0.0,28112286.42719993,2071912.4954779036
109,183.23005497508177,431.55788561603225,610.8113933931882,155.0763616227221,147107.69871348876,1069801.0934051448,27664.727053956707,872943.9681768821,0.0,22245.6155264416,27239409.7128,2117517.4873494725
109,303.96195004416035,394.0364834643769,1076.8392970655489,151.73182175769887,244038.25547911267,976788.2244811159,48771.95408684274,854117.1407291109,0.0,0.0,26366533.00919997,2123715.574776182
109,317.3323505504956,447.22081936689233,710.9899274049214,146.44836238135557,254772.78726557165,1108628.38450813,32201.98983274073,824375.8961872305,0.0,9676.624297370436,25493656.29480004,2219979.0577936727
109,320.89454920206697,388.37153335897926,1551.7999722748605,139.86561856965443,257632.72662466983,962745.2188523599,70283.76212309265,787320.8192925437,0.0,0.0,24620779.58039996,2077982.526892666
109,327.249705241894,424.11775595655087,1130.7492471061973,133.59804562965132,262735.0139110608,1051357.5447872637,51213.63096042218,752039.878110837,0.0,0.0,23747902.866000008,2117346.0677695833
109,320.66646421874333,396.32558901450255,2013.1450861894841,132.2343171512304,257449.60679199605,982462.7532107868,91178.89733532813,744363.2822904837,0.0,0.0,22875026.151599936,2075454.5396285946
109,305.8562599811312,425.93214555052003,937.8626670592656,125.1928580889194,245559.11719317903,1055855.2866573269,42477.457000525894,704726.0406677849,0.0,0.0,22002149.437200047,2048617.9015188166
109,298.450653431256,424.99655669953967,1142.2702824357261,125.77155709490756,239613.46740729737,1053536.0288958154,51735.43900332691,707983.608754766,0.0,0.0,21129272.73360004,2052868.5440612058
109,293.68740396959896,430.6218741638555,944.0253811011596,121.4363587700383,235789.25490679944,1067480.7880455311,42756.577206410526,683580.2426392261,0.0,5531.399018912693,20256396.01919999,2029606.8627979672
109,285.2353142763326,398.6919118384436,1288.5357323689489,115.39677874155312,229003.42785312363,988328.6980325066,58360.05962041821,649582.7016792814,0.0,0.0,19383519.304800015,1925274.8871853298
109,294.8046548246459,448.65618014915856,893.3685218882028,111.29350305731315,236686.24859156358,1112186.5410972682,40462.23856326237,626484.8567154019,0.0,6794.9464004093315,18510642.59039998,2015819.8849674962
109,256.10297032080166,385.54090791950733,1265.3061231247648,105.59190111217369,205614.29511498858,955728.3010967155,57307.949580786466,594389.8360760616,0.0,0.0,17637765.87599999,1813040.381868552
109,250.44288838141827,405.2844422811089,1233.1813765343743,104.78627376523059,201070.05356713932,1004671.1088907918,55852.96305677349,589854.8603663318,0.0,3137.40254769125,16764889.172399966,1851448.9858810361
109,238.88583399227437,400.36144487543186,879.6620830869679,96.83714719420772,191791.38105173354,992467.350871387,39841.44973643405,545108.2463766967,0.0,0.0,15892012.457999978,1769208.4280362513
109,226.04777105865648,363.0106386451723,1165.6727495101097,93.69326893663941,181484.24069552775,899877.3770196594,52795.37807945556,527410.9678688124,0.0,0.0,15019135.743599974,1661567.963663455
109,239.7367740191034,349.87230329736775,822.924843648527,89.210785695768,192474.56498194102,867308.3845644728,37271.719931395746,502178.51679356524,0.0,0.0,14146259.029199965,1599233.186271375
109,206.9913583118986,332.64868861675893,808.7066358590328,87.98685021636244,166184.6490139601,824612.2772012576,36627.75218300831,495288.83300807583,0.0,0.0,13273382.314800028,1522713.511406302
109,193.0443877489392,342.37911832707096,816.9877829049892,83.12675090833228,154987.21339773026,848733.3156305159,37002.81996202827,467930.73451201257,0.0,0.0,12400505.611200005,1508654.083502287
109,172.18433323019175,340.9510889170456,1277.8914080976758,80.26821432231387,138239.5536554016,845193.3329881431,57877.95937012209,451839.6794700551,0.0,0.0,11527628.896800023,1493150.5254837219
109,182.32584598383932,314.87300762200783,917.8657233532423,73.16870990057416,146381.7473739238,780547.636980258,41571.76009387968,411875.6933592621,0.0,0.0,10654752.18240001,1380376.8378073236
109,183.21587055594978,320.2241006901802,1134.997454955229,75.76148339241021,147096.31064041101,793812.6134898909,51406.039798703765,426470.7351623035,0.0,0.0,9781875.46908,1418785.6990913092
109,180.57227282323558,319.9043540960705,642.7691334936019,70.27233396232276,144973.877293782,793019.9845810184,29112.149559008318,395571.6359361174,0.0,11241.102319693659,8908998.756839987,1362677.647369926
109,211.01792686121883,295.97685715577853,1043.139707336136,66.83657582241213,169417.41141793996,733705.4331793382,47245.64013497708,376231.32956727,0.0,0.0,8036122.044599989,1326599.8142995252
109,146.01522715863592,282.76148104693914,597.0111880364375,70.74684572724271,117229.47988721274,700945.4621946453,27039.691374182963,398242.7211916741,0.0,0.0,7163245.332359992,1243457.354647715
109,189.1686661576387,269.65952194695296,573.2760633924947,65.54701216318824,151875.55966697124,668466.6438527984,25964.685649062772,368972.21666237543,0.0,0.0,6290368.620119996,1215279.1058312077
109,149.13310880671662,269.45609250516407,718.6884506589847,72.8925321570259,119732.69582617292,667962.3568347407,32550.669550974315,410321.0547744229,0.0,0.0,5417491.907880001,1230566.7769863107
109,135.94737443370133,254.49661813238075,865.8741401740102,72.81514857368605,109146.42470528383,630878.8911533635,39216.96944440228,409885.45303857117,0.0,0.0,4544615.195640007,1189127.7383416207
109,287.2258812851256,233.7878433316718,730.9335855894216,124.1158105624599,230601.57031855243,579543.3214342401,33105.27334398402,698663.2072879948,0.0,0.0,31776836.846400045,1541913.3723847712
109,109.20037152585866,237.77470268932123,705.9457151766917,126.24789767053932,87672.38189177912,589426.4602719827,31973.52854991987,710664.9886114026,0.0,0.0,32150286.449999936,1419737.3593250844
109,290.6779345467676,295.71923277494375,1412.6727760970505,135.30891046345764,233373.07858025987,733066.8007884332,63982.44562888017,761670.5472947748,0.0,0.0,31277409.73560002,1792092.8722923482
109,116.4956090265771,238.42111933520025,1958.1045131447054,136.54863575051718,93529.42101369055,591028.880845458,88686.01254855566,768649.1138552146,0.0,0.0,30404533.021199916,1541893.4282629187
109,113.08649231013985,340.6709275456751,712.9938005174896,142.87328397259563,90792.38469686483,844498.8330116355,32292.748786011067,804251.338839935,0.0,4558.1422834626865,29531656.306799997,1771835.3053344465
109,223.12766385193348,332.7927988798663,823.403555852707,145.9726519657204,179139.80953091278,824969.5162233721,37293.40165280645,821698.0635789447,0.0,0.0,28658779.592400063,1863100.790986036
109,236.00441407022996,333.7709757977081,819.4011955597127,143.8793379343023,189478.01027958156,827394.3467527853,37112.127684647174,809914.5406867058,0.0,0.0,27785902.888800044,1863899.0254037199
109,261.1639111256045,327.08143654162893,604.8830007574355,153.94459130245198,209677.51146462612,810811.4579931129,27396.219678503723,866573.0934406989,0.0,0.0,26913026.174399953,1914458.2825769417
109,218.43772495295934,281.5552997405293,1825.9741935412285,156.7237635830353,175374.45499544215,697955.4251139878,82701.59695493682,882217.3970178091,0.0,0.0,26040149.460000016,1838248.874082176
109,272.14317873964,337.4223144415778,1803.9673123438126,162.63965297002798,218492.30329820357,836445.7537686211,81704.8664285901,915518.6680996051,0.0,0.0,25167272.745599996,2052161.5915950201
109,255.70260314924647,348.8499632622612,594.2134634876991,167.06361268225206,205292.85716499767,864774.0768300014,26912.97748696642,940421.6830132443,0.0,387.7791650025174,24294396.031200048,2037401.5944952099
109,136.86283854721987,367.99699615538634,736.8888790048173,165.30273544333863,109881.4123087794,912238.2002008214,33374.99910326942,930509.4878319497,0.0,0.0,23421519.327600036,1986004.09944482
109,197.79961348400826,312.12220766055736,607.5355241003128,171.31116596011023,158804.98398588132,773728.6008681087,27516.35714659727,964331.6843481798,0.0,0.0,22548642.61319997,1924381.626348767
109,188.51936994468696,369.3934026108662,1736.1437347684268,171.75915491147413,151354.26706743726,915699.7918034818,78633.01678442655,966853.469414652,0.0,0.0,21675765.89880001,2112540.5450699977
109,156.62022388405816,371.76655479920123,1120.9153370662627,181.15860375199097,125743.78537794194,921582.6661304648,50768.23580232494,1019764.1263558973,0.0,0.0,20802889.184400037,2117858.8136666287
109,294.8274320650308,402.38680130709605,1671.2133283353498,183.35400203593815,236704.5354791406,997488.0644241857,75692.20397231639,1032122.2940976712,0.0,0.0,19930012.469999988,2342007.0979733136
109,282.66681431058834,396.07262755203556,1665.1819135143076,183.8566464144663,226941.2873426179,981835.6798605913,75419.03054009471,1034951.7413053742,0.0,0.0,19057135.7556,2319147.739048678
109,205.08968533038313,343.93114657858035,747.3712383177249,193.5992915481579,164657.87582135038,852580.6825210324,33849.76367447711,1089794.2925140157,0.0,1383.3169590553734,18184259.051999986,2140882.6145308753
109,330.1845565968508,369.60485537566274,599.1273638814,197.11439933176436,265091.28253168956,916223.9680647033,27135.5367165952,1109581.2678149713,0.0,0.0,17311382.337599967,2318032.0551279597
109,193.61855342034258,393.3437470662822,743.1754018272155,200.6391978600544,155448.1868478115,975070.9805589817,33659.7268275412,1129422.7935131,0.0,0.0,16438505.623199953,2293601.6877474342
109,251.6558648005962,381.72768606489774,1469.7557713178608,205.69603531382367,202043.9012781126,946275.5971943536,66567.83532410723,1157888.3552990945,0.0,1506.8653760957532,15565628.908800034,2372775.6890956676
109,252.18236455527236,401.85704629506904,646.9565439955202,196.05590630595162,202466.605769983,996174.8396865716,29301.804778035756,1103622.8800080114,0.0,0.0,14692752.194400026,2331566.130242602
109,267.2791045671081,444.901566946602,654.0234127041474,196.20975641071522,214587.14288120653,1102879.1238462203,29621.875746038266,1104488.92122507,0.0,3173.152285916847,13819875.490800023,2451577.063698535
109,249.07928964620137,435.68812250188483,653.7512681749216,191.92813504657897,199975.27753853603,1080039.6548676472,29609.549839544554,1080387.1464301914,0.0,0.0,12946998.776400018,2390011.628675919
109,201.59145281217067,389.9808168156138,493.9198987353563,183.60260849380268,161849.29217829622,966734.5172961804,22370.50476272919,1033521.7305144903,0.0,0.0,12074122.062000005,2184476.0447516963
109,249.90967563621302,414.3336094064577,663.4994197435194,182.15312895356035,200641.9594977329,1027103.3461589975,30051.060844975753,1025362.4313897877,0.0,0.0,11201245.347599993,2283158.797891494
109,293.91781011631144,403.0470154934097,487.6096824171418,181.3821630027609,235974.2383038569,999124.6881123189,22084.703918175437,1021022.5689544188,0.0,0.0,10328368.637520006,2278206.19928877
109,312.38031020901144,363.91286912306845,551.9512371388163,173.89544871792145,250797.00251414994,902113.941763179,24998.846596022537,978878.9307620671,0.0,0.0,9455491.925279995,2156788.7216354185
109,290.380619600471,366.0887677605527,537.8765240238375,174.23318240003178,233134.37692430738,907507.8386634676,24361.377974938732,980780.0753179707,0.0,0.0,8582615.213040007,2145783.6688806843
109,301.1863463477401,363.80350936080157,481.60966787526763,175.94476606379104,241809.84010055172,901842.8467440702,21812.952660068386,990414.7908843812,0.0,0.0,7709738.500800008,2155880.4303890713
109,227.4257644593003,333.54925192592947,459.36397965431973,171.53201770308328,182590.5735951094,826844.7091528971,20805.4061417542,965574.8860513427,0.0,0.0,6836861.788560009,1995815.5749411033
109,247.77562274683464,336.84810203118855,426.54646591522356,169.26670803496134,198928.6182583166,835022.3223241828,19319.042969747763,952823.1785045101,0.0,0.0,5963985.076320008,2006093.1620567571
109,280.4702061957737,337.06383938287604,411.6019377613379,160.6181951144897,225177.72314574145,835557.119769476,18642.178888954033,904139.6324848222,0.0,20803.80097607104,5091108.364080009,1983516.6542889937
109,196.06129284075888,317.383300180857,390.8383173053876,155.45086490278715,157409.35950992216,786770.4724647497,17701.75783790783,875052.093335187,0.0,0.0,4218231.651840009,1836933.6831477666
109,183.16898812181887,297.5271563073082,346.5022791752032,144.0662040119477,147058.67070739882,737548.5137548305,15693.700347834421,810966.432887622,0.0,60945.954760287976,3345354.938520004,1711267.3176976857
109,153.12387146947339,203.12785084226738,291.63385470990954,119.098271715042,122936.7111909541,503539.39569867507,13208.612474341067,670418.8622046183,0.0,395189.6411195619,2472478.2262800043,1310103.5815685885
109,123.6964438035236,128.80884555664323,217.67852016125855,83.47027246157182,99310.66816223675,319307.90378224093,9859.044724619225,469864.45970843395,0.0,748585.3604171254,1599601.51404,898342.0763775308
109,82.16860069315358,58.42809468611422,113.80006576101698,39.84718129338279,65969.71089770862,144839.0625316898,5154.206015234372,224304.6986331444,0.0,1146857.4867810293,726724.8020159996,440267.6780777772
109,108.35459621909227,96.46343442258909,178.81912739263157,65.53406147350407,86993.34449791916,239125.94592401435,8099.034177902803,368899.31563268125,0.0,844931.386608887,1226151.9104400005,703117.6402325176
109,139.88696769977096,172.4360584051535,267.1260810970261,107.22665537664766,112309.35831526105,427456.64017001924,12098.612112471354,603592.0694770217,0.0,358098.6115202274,2099028.622679997,1155456.6800747733
109,164.42940664782967,257.6927550378128,338.888144031819,125.24615773101974,132013.44951883683,638801.8856578503,15348.842716211839,705026.0709276557,0.0,0.0,2971905.3349199947,1491190.2488205545
109,199.3163736618348,257.06312578100096,355.19043173019634,131.39276547106678,160022.7268899626,637241.0798196818,16087.202125366428,739626.0840778043,0.0,22900.207653836347,3844782.0471599936,1552977.092912815
109,212.66972458961766,260.9948412264292,396.04464505512715,122.16663205815881,170743.57028744402,646987.520848034,17937.56161908791,687691.0410569529,0.0,982.1661571930163,4717658.759399998,1523359.6938115188
109,149.736660644178,228.63260464427495,398.5419670412175,124.16780348604564,120217.26219207459,566763.8539088834,18050.669743556966,698955.8818681637,0.0,0.0,5590535.471640004,1403987.6677126787
109,242.21285862946192,218.1445741141589,433.50615256691106,115.6619835539757,194462.50909350757,540764.7773011917,19634.259473045797,651075.5722813078,0.0,0.0,6463412.183880008,1405937.1181490528
109,149.17047538069562,224.12212711854167,797.4469906097548,107.6201268455146,119762.69587560589,555582.7031301858,36117.782958604635,605806.9689098104,0.0,0.0,7336288.896120011,1317270.1508742068
109,141.82897391851466,201.09699410475258,440.30093111455614,110.86936264284174,113868.51336635528,498505.04728156474,19942.006996988395,624097.3180048044,0.0,0.0,8209165.609439996,1256412.8856497128
109,193.50855539915383,205.44052906932498,882.9928520302011,99.85158162326093,155359.87406657965,509272.3594063566,39992.30614594282,562076.8696070289,0.0,0.0,9082042.321679996,1266701.4092259079
109,287.5701005557973,212.2746891404518,412.3190415381805,108.09902370519936,230877.9294822728,526213.7528098413,18674.65778582841,608502.7384046977,0.0,0.0,9954919.03392001,1384269.0784826404
109,152.48740287266162,200.99273275695765,410.3095829228836,92.63661549067118,122425.71734448543,498246.59086682054,18583.64585527225,521462.9352837086,0.0,0.0,10827795.744000005,1160718.889350287
109,153.150830329324,173.2302633921309,711.2452698471602,91.01065049960111,122958.35532478959,429425.4174575514,32213.55474303257,512310.1777868921,0.0,0.0,11700672.458400022,1096907.5053122656
109,223.40939568370328,191.57826595108864,575.9919508289252,96.09185497603339,179366.00016012823,474908.8018507114,26087.69298889108,540912.9045491185,0.0,0.0,12573549.172799975,1221275.399548849
109,292.7035563614112,197.24174373559984,462.4055599099047,90.5081121450614,234999.3650737971,488948.1577014269,20943.16468472443,509481.327401298,0.0,0.0,13446425.887199983,1254372.0148612463
109,222.17078782241504,149.79360731839094,750.8717891735116,90.57930322005225,178371.57404315015,371327.62541360065,34008.309806738755,509882.07074381004,0.0,0.0,14319302.590799972,1093589.5800072995
109,254.16121294116854,152.30535861990936,465.15305864073224,83.9533941510224,204055.33984634225,377554.07701670483,21067.603755919863,472584.01129120396,0.0,0.0,15192179.305199977,1075261.0319101708
109,250.97109797271068,164.4471831862457,1260.5715054726422,73.72326878664717,201494.13081485932,407652.790607486,57093.510383241075,414997.3737335674,0.0,0.0,16065056.01959999,1081237.805539154
109,193.5742005492737,130.1252748033043,1224.826928827563,80.59959759805812,155412.57779450875,322571.23761162563,55474.57536133194,453705.07680520427,0.0,0.0,16937932.734,987163.4675726705
109,251.26284179897743,112.48160603196959,3026.623390318154,81.09775591388924,201728.3596530366,278833.8462387199,137081.120119798,456509.27141263185,0.0,0.0,17810809.448400017,1074152.5974241863
109,264.34797441682974,156.92456527827872,726.515546757953,72.83868102123304,212233.8618591831,389004.7595288176,32905.17256048786,410017.92008853046,0.0,0.0,18683686.15200002,1044161.7140370191
109,162.62282873331858,130.70982825061776,1265.4766543113835,71.46564210526044,130563.02415283189,324020.3037460493,57315.67323948541,402288.91466676036,0.0,0.0,19556562.866400007,914187.915805127
109,142.75768764863938,119.119449414119,1067.071664858741,78.20423534944112,114614.13852932783,295288.584629003,48329.56076889291,440221.2872408349,0.0,0.0,20429439.580800045,898453.5711680587
109,205.8195822229546,161.03848663478095,1238.3162115497596,79.61246679314443,165243.87931394836,399202.87596246006,56085.52880571703,448148.3957421844,0.0,0.0,21302316.29519994,1068680.67982431
109,247.5791136626495,132.2798253019795,3645.730520918108,82.5202604956623,198770.84938598445,327912.214004605,165121.5757669324,464516.7251687614,0.0,0.0,22175193.009600002,1156321.364326283
109,249.55970820870954,165.9810173101795,884.5311570427641,82.49014200702649,200360.98538084078,411455.0555586737,40061.978697500635,464347.18448112777,0.0,0.0,23048069.713200014,1116225.2041181428
109,207.16873944648316,146.49396399706876,2813.7712046872025,89.02860612508982,166327.0608606818,363148.04591649893,127440.66861216232,501153.00551844604,0.0,0.0,23920946.427599974,1158068.780907789
109,283.2770878532201,199.7247444311753,1472.7510193079477,89.90822085693813,227431.25028267427,495103.3386113078,66703.4953969234,506104.46534411947,0.0,0.0,24793823.14200005,1295342.549635025
109,213.1567659648102,212.32179485810107,1055.8603477323747,96.61518557588174,171134.595307289,526330.5245105249,47821.780410551386,543858.7970482695,0.0,5428.08770560805,25666699.856399998,1289145.6972766349
109,275.16069275334905,215.67859211648567,923.5231703259628,100.58922987088822,220914.93828815,534651.7845246551,41827.99586160676,566229.1825815174,0.0,0.0,26539576.57079994,1363623.9012559294
109,290.700526420194,199.7751311358074,2873.3032667708567,102.05460568140909,233391.21664450836,495228.24364376144,130136.98087208008,574477.963772416,0.0,0.0,27412453.285200022,1433234.4049327658
109,295.9405645950848,220.6943627572171,868.294063513859,103.74212594408489,237598.22273411436,547085.5207500153,39326.57204745216,583977.2234859174,0.0,0.0,28285329.988800038,1407987.5390174994
109,120.96294225832823,194.75544302785923,1726.4312202446033,112.71911317611395,97116.054828752,482784.79629771144,78193.11984370888,634509.7919225272,0.0,0.0,29158206.703199968,1292603.7628926993
109,153.66036617340492,214.7898319432337,3084.4152272346814,116.08298559743214,123367.44020687931,532448.611701703,139698.61450764962,653445.4447143453,0.0,0.0,30031083.417600065,1448960.1111305773
109,289.3786067903687,249.50324443223016,863.7438643757636,121.47289636380113,232329.9030152883,618500.6753397973,39120.48549019711,683785.9172614136,0.0,4281.630637036054,30903960.131999936,1573736.9811066962
109,385.42836780426586,162.47337800243903,915.1418761943747,127.72906371104462,309444.2132558028,402759.86890640086,41448.392244160714,719002.6549546017,0.0,0.0,25723183.694400046,1472655.1293609662
109,224.51578451742986,163.756150508527,784.9408998577179,126.0602439977578,180254.2731851729,405939.7700861558,35551.36001543533,709608.6629403154,0.0,0.0,26596060.408799984,1331354.0662270794
109,483.9744494509107,265.1383416811096,567.9435102550152,123.68404809277207,388562.7142584958,657258.9617478203,25723.16489708471,696232.7630884069,0.0,0.0,27468937.12320001,1767777.6039918074
109,502.11198448799007,178.99312516275964,498.83952135536515,123.59848454702889,403124.57770389435,443711.139092694,22593.32316209622,695751.1153351918,0.0,0.0,28341813.837599948,1565180.1552938763
109,220.84247762718226,212.72184996357123,1559.7607584914197,124.97057784632989,177305.12969795289,527322.2324679485,70644.32019420617,703474.7977640762,0.0,0.0,29214690.54119996,1478746.4801241837
109,192.31351720112704,213.85436761410998,1622.2064041636838,133.83124159287405,154400.42819832216,530129.6626209568,73472.5938019305,753352.5669524395,0.0,0.0,30087567.25560006,1511355.251573649
109,194.4704470455414,318.4025817517082,1123.991058214585,133.00619547282193,156132.13638201173,789297.1984853572,50907.54064663987,748708.2805735817,0.0,6673.063658411615,30960443.969999988,1745045.1560875904
109,202.1691824912557,217.02526222364438,3372.991917944058,137.00010155227372,162313.12702013066,537990.0832815829,152768.76262368183,771190.4705414147,0.0,0.0,31833320.684400097,1624262.44346681
109,195.28823100305732,295.24493946941016,1746.3337766450254,140.78748704254537,156788.7006997561,731891.0616494523,79094.54178254168,792510.1306385269,0.0,0.0,32093802.60119999,1760284.4347702768
109,194.6024425487164,219.475217961426,1721.4538938076673,140.72044918271882,156238.11001562356,544063.3481075325,77967.6879365348,792132.7662564721,0.0,0.0,31220925.897599958,1570401.912316163
109,220.6813096887995,267.53119625938945,854.4849763044066,148.58660479734291,177175.73474402403,663190.6768885346,38701.13409287905,836412.3264981065,0.0,0.0,30348049.183200046,1715479.872223544
109,175.04996699477226,330.26528030502925,1106.900650818785,152.72358058285764,140540.25038618868,818703.9786788484,50133.485904112524,859699.8734889546,0.0,0.0,29475172.468799945,1869077.5884581043
109,283.88827586770793,322.29332102589166,1153.6331851853363,155.65449682370894,227921.94741369245,798942.0625196089,52250.08494233326,876198.3625359657,0.0,0.0,28602295.754400015,1955312.4574116003
109,161.93706166729626,254.29453350561008,437.47272116002495,160.0035686821449,130012.45064048006,630377.9378354303,19813.912371888593,900679.8244832469,0.0,0.0,27729419.03999998,1680884.1253310458
109,153.1283835655191,302.7683648047579,396.59172359589877,164.39284395973027,122940.33376294834,750541.0942827755,17962.33977265745,925387.5964359947,0.0,0.0,26856542.336399954,1816831.364254376
109,148.59820186628033,321.8362469780813,504.4200693850093,171.48257022858118,119303.24155872669,797809.008687406,22846.076040843232,965296.5401180456,0.0,6580.691330407048,25983665.62200003,1905254.8664050214
109,149.5875120020887,360.53188776679093,1613.4367581674924,170.75915523753105,120097.51702522965,893732.7311022615,73075.40104248194,961224.3479004962,0.0,0.0,25110788.907599952,2048129.9970704694
109,466.2690698975676,287.7885306930648,1135.0193497305895,175.08148947049733,374347.81026092084,713407.1582666575,51407.03145175871,985555.3004559339,0.0,0.0,24237912.193200003,2124717.300435271
109,448.39116937593946,380.784050235314,383.79348632664505,176.61443410950588,359994.3964395745,943936.3915491505,17382.68499762321,994184.4349169757,0.0,23775.97713264008,23365035.47880005,2315497.907903324
109,448.5545057897225,317.99014435953893,1291.3383390327385,186.37855741482176,360125.53237112786,788274.7957259358,58486.99462725006,1049147.8894030135,0.0,0.0,22492158.775200017,2256035.212127327
109,431.854277733953,313.3481690341426,338.1317008327608,186.45555616291531,346717.6222026307,776767.6713187895,15314.582067409083,1049581.3248537946,0.0,0.0,21619282.06079997,2188381.200442624
109,160.17723283714733,338.34897969692975,325.51108260311076,196.5500339588256,128599.5581465709,838742.8905756128,14742.97197245673,1106404.3855164726,0.0,14851.985368092428,20746405.3464,2088489.806211113
109,234.93091235760795,364.5543340074862,420.63395786115007,201.1983300678001,188616.14093980382,903704.0872746011,19051.255035060414,1132570.2176792182,0.0,18723.60260533588,19873528.63199995,2243941.7009286834
109,159.19969875549072,349.0738850517977,316.601358287043,202.11019861625093,127814.73717827469,865329.1629106123,14339.434818441416,1137703.2382170416,0.0,0.0,19000651.91760005,2145186.57312437
109,210.79737102650114,362.2076446161416,330.45934885162336,206.25653020088987,169240.33642176882,897886.8123262842,14967.087692359957,1161043.4501551937,0.0,0.0,18127775.214000024,2243137.6865956066
109,194.0495934495482,353.7102775086095,403.0698621410395,202.05693389724675,155794.25074414368,876822.4477863421,18255.74611151674,1137403.4045435868,0.0,0.0,17254898.499600027,2188275.8491855897
109,118.9430840015112,412.18530610038454,391.48853781562906,195.5449866918478,95494.39565319699,1021777.8561091002,17731.207473483202,1100746.8504785062,0.0,40810.55835042079,16382021.785200018,2235750.3097142866
109,167.8368994503328,373.2598923508472,396.5456004242332,195.1541065258664,134749.18206351777,925284.542979021,17960.25077273245,1098546.5378092963,0.0,26425.67002564296,15509145.070800012,2176540.5136245675
109,152.9587803231183,388.1272446901994,462.3746218681338,183.05298656234072,122804.16645847792,962139.6447366324,20941.7634461581,1030427.8408666619,0.0,0.0,14636268.3564,2136313.4155079303
109,115.40222563438874,401.7897389269539,473.3530206957515,191.77369801548525,92651.5895102385,996007.9895410783,21438.99452328049,1079517.8013324235,0.0,8108.874722606968,13763391.641999986,2189616.3749070205
109,129.0205416713588,395.9474609254241,472.5266001088921,188.71098784563054,103585.16224111013,981525.4007567449,21401.564474963565,1062277.4280023277,0.0,2901.124774180702,12890514.938399965,2168789.5554751465
109,161.321016709188,371.8311496840938,512.2405944025599,182.54980748687655,129517.85407386506,921742.7922242976,23200.281434471024,1027595.3837839512,0.0,0.0,12017638.223999988,2102056.311516585
109,212.79940695311495,416.38771790782033,587.5804249297771,168.79088753343947,170847.6867985721,1032195.3340335644,26612.555452885015,950144.726209189,0.0,24596.136006377637,11144761.50959999,2179800.3024942107
109,122.09215917801247,405.79728553100597,574.2088225131322,171.88590723305686,98022.65556314394,1005942.410581183,26006.931957430035,967566.9738676854,0.0,21783.009287065826,10271884.79844,2097538.9719694424
109,175.79986427387863,366.40183301117554,656.407705350209,165.17262906516024,141142.31134728945,908283.9050003054,29729.864572022052,929777.1029806177,0.0,0.0,9399008.085120002,2008933.1839002345
109,107.9799390172602,360.96977104807866,700.4254800336923,161.45492461265908,86692.548000448,894818.2123985579,31723.50734835654,908849.6860402417,0.0,0.0,8526131.372880014,1922083.9537876043
109,102.01697749857148,346.7742064874395,795.5017068423966,154.06114927284094,81905.13718702724,859628.4244358215,36029.677620281625,867229.2126333939,0.0,0.0,7653254.660640013,1844792.4518765244
109,99.0609241038626,356.79473863293885,616.4679135733287,147.96685128873406,79531.84634110703,884468.6060268825,27920.92084561058,832923.6575518183,0.0,29355.795296677155,6780377.948400013,1824845.0307654184
109,95.23913533363658,342.2819497089426,609.8921325117204,149.4530267098423,76463.49300227589,848492.4415846854,27623.092104687163,841289.5223163363,0.0,36871.952320375945,5907501.236160013,1793868.5490079848
109,92.54956279489014,335.5955295100276,606.3286239037222,137.9239185816754,74304.14841903167,831917.2847443586,27461.69450460796,776390.7505523504,0.0,24997.04857734102,5034624.523920012,1710073.8782203486
109,89.69782773297034,323.4671260391935,1078.979550271253,140.41895754399258,72014.61037159375,801851.8410882063,48868.88993545755,790435.632633218,0.0,27466.58446957101,4161747.81168001,1713170.9740284756
109,88.58941854271376,295.3161758054956,519.7567576636609,126.5130949018872,71124.71528733095,732067.6514251799,23540.701746469837,712157.8165386243,0.0,82126.02310993092,3288871.0994400075,1538890.8849976049
109,87.45263720197501,212.41804257525664,460.6145272002503,94.22319162904036,70212.04139767212,526569.1157087921,20862.045649301654,530393.9680700738,0.0,417692.80867985636,2415994.3872000026,1148037.1708258395
109,83.59189605239905,135.76005363532872,349.43097453097397,62.20585825554794,67112.4148330246,336539.45081433654,15826.34613427186,350164.44918636914,0.0,736135.525246655,1543117.6749599997,769642.6609680022
109,69.43052704576607,60.562914042772874,173.6092635548229,30.017507245510995,55742.84773071918,150131.12683661105,7863.070241047292,168972.25093160346,0.0,1058820.297563057,670240.9622879982,382709.295739981
109,85.50873650528833,112.30344356200081,299.3945328780417,53.13651437862623,68651.36534997888,278392.1942343676,13560.107298434456,299111.9938035062,0.0,755867.218697136,1282635.7495199994,659715.6606862871
109,98.60214288030322,191.21399508992155,445.3687312974298,86.73252981876108,79163.51020749642,474005.8004723079,20171.53661994509,488228.1087700957,0.0,336142.3418206764,2155512.4628400016,1061568.956069845
109,107.20483603198974,247.53869971837145,1478.9376146285488,106.15966541150783,86070.25043881382,613630.7096805456,66983.69722810887,597585.8513504958,0.0,0.0,3028389.175079997,1364270.5086979643
109,114.40833279422989,257.45660040309,603.4567576387066,107.13594745482587,91853.63478330537,638216.4752300499,27331.622608083948,603081.4633963037,0.0,0.0,3901265.8873199928,1360483.196017743
109,121.20974047953271,261.3684346223563,989.0705413155708,117.35402141660555,97314.19873245226,647913.6321224953,44796.752088399444,660600.2621221946,0.0,4566.79069760628,4774142.599559996,1450624.8450655416
109,128.4579804771246,249.3867712997213,999.3851623776674,109.25761696592315,103133.5055372983,618211.9467852664,45263.91949790487,615024.6027812929,0.0,0.0,5647019.3118,1381633.9746017624
109,133.49476283383515,232.78594931843983,813.8048906269827,108.108744850163,107177.32608582762,577059.6979238003,36858.66114792357,608557.4599287972,0.0,0.0,6519896.024040003,1329653.1450863488
109,163.4009973688514,241.27488535300074,824.0895839580227,118.28792368045497,131187.78299602392,598103.1624376191,37324.47307761972,665857.313161846,0.0,0.0,7392772.736280006,1432472.7316731086
109,261.3896474456548,211.99520606333263,1113.1869851731926,116.4635579309015,209858.74565441647,525520.9342762082,50418.205092336066,655587.7333228781,0.0,0.0,8265649.448520008,1441385.618345839
109,254.26778946104452,206.25525834022332,2136.3114048709585,105.76068974763713,204140.90564818616,511292.01492392883,96757.31749156491,595339.9681250909,0.0,0.0,9138526.16076,1407530.206188771
109,182.14291793054664,230.30667920725588,1163.396191941295,105.06972398539715,146234.88213964942,570913.7648654687,52692.26876544291,591450.4366191122,0.0,0.0,10011402.873000009,1361291.3523896732
109,277.9833207666284,192.1535543711944,1188.5045486256922,120.92760056656851,223181.10751139355,476334.9006461811,53829.470595599516,680716.379956789,0.0,0.0,10884279.58199997,1434061.858709963
109,187.33684965693013,174.81407393807493,1131.974110269475,103.44798355714072,150404.87130243803,433351.5703799546,51269.10717690577,582321.4597074717,0.0,0.0,11757156.29639998,1217347.00856677
109,267.6439010479407,204.22432670895327,1225.728297562245,119.69054763464581,214880.02262083962,506257.48085056257,55515.39994366565,673752.8564130483,0.0,0.0,12630033.010799985,1450405.7598281163
109,161.08384402039553,184.66279863643126,753.5153661961157,108.70584917810932,129327.43810498543,457765.8536131479,34128.042080182735,611918.6338433693,0.0,0.0,13502909.7252,1233139.9676416854
109,146.0844340030983,197.29001951925412,1169.2242511318207,120.65278486805794,117285.0431496124,489067.82991194533,52956.231861914515,679169.4084914746,0.0,0.0,14375786.439600011,1338478.5134149469
109,275.3201583427985,152.57645937590598,1273.1645406114483,122.58256117057724,221042.9664977747,378226.11637655605,57663.871191281374,690032.3573354335,0.0,0.0,15248663.143200034,1346965.3114010454
109,219.5318442070127,144.0274577398207,769.2305300443052,121.422696874148,176252.8772914121,357033.75353802,34839.80961296108,683503.3381420707,0.0,0.0,16121539.857600022,1251629.7785844638
109,192.97306882011702,169.6431012789927,3005.1048678525303,124.16419199597729,154929.95443169892,420533.09946554253,136106.5082231389,698935.5523450932,0.0,0.0,16994416.57200003,1410505.1144654737
109,175.5736952185613,120.92776991307399,1107.8003799954831,127.34895754232416,140960.72973256768,299771.2816471504,50174.23622796873,716862.9904449416,0.0,0.0,17867293.286400046,1207769.2380526285
109,262.7334785939403,174.8168611445853,2308.5484051074245,120.02540938968714,210937.6511195197,433358.4796652943,104558.23550271093,675637.8345372296,0.0,0.0,18740170.000799954,1424492.2008247545
109,273.21670649808243,104.42106351792435,1262.762816271009,123.9170618056536,219354.19354907423,258852.33858383136,57192.75872042489,697544.4260203583,0.0,0.0,19613046.704399977,1232943.7168736886
109,294.8776771721389,167.0943141624411,1386.4768705015413,121.66039786889928,236744.87516074628,414214.83872920676,62795.98678729717,684841.3863618412,0.0,0.0,20485923.418800008,1398597.0870390914
109,236.51574552231443,188.54543980043678,1231.3478223932063,119.88742897630972,189888.53677975753,467390.6430121963,55769.91815059995,674861.1257705034,0.0,0.0,21358800.133199982,1387910.223713057
109,298.28586848644363,144.11034967172327,2532.8823570062855,126.18188249285312,239481.16851115137,357239.2367010892,114718.71648807863,710293.3810332632,0.0,0.0,22231676.847600043,1421732.5027335822
109,371.22708078293425,182.53203576054537,3581.937596340484,123.56951922392892,298042.59765970457,452483.84503356664,162232.28151750835,695588.065958602,0.0,0.0,23104553.562000003,1608346.7901693815
109,311.4709383383349,168.97346259072145,1060.01619755579,127.55063376477668,250066.90611600064,418873.1131119706,48010.00619069497,717998.2507778022,0.0,0.0,23977430.26560003,1434948.2761964684
109,190.42112528914635,145.88986528600137,1353.5269904396162,126.16943227293808,152881.10638578786,361650.5284729189,61303.62851069412,710223.2972096321,0.0,0.0,24850306.979999963,1286058.560579033
109,109.54922348760745,373.1944310065397,247.7654297081059,193.5228487342117,87952.46044816841,925122.2689943479,11221.734008928011,1089363.986485124,0.0,11793.634069001419,5203542.601079988,2113660.4499365687
109,110.12952482088778,373.71558042490193,497.1660909399927,190.8179892828076,88418.35996291149,926414.161081537,22517.530542335335,1074137.9989899192,0.0,2910.5768863698468,4330665.887760009,2111488.050576703
109,110.34212317479589,335.73310423027715,233.40607615203132,164.53540050554744,88589.04623268286,832258.3226237565,10571.373519426874,926190.0648166882,0.0,193006.7868599518,3457789.175520007,1857608.8071925545
109,108.32610306038684,252.34555911735436,214.0503011398844,127.98581860017038,86970.46854011407,625546.5698983149,9694.716275602103,720447.9598960958,0.0,553875.7770960343,2584912.463280002,1442659.7146101268
109,100.38318727082844,166.75400206362653,162.40558546283094,85.35894750090016,80593.4357818372,413371.2294069228,7355.635868067557,480496.04447206773,0.0,957561.4636869271,1712035.7510399981,981816.3455288953
109,76.92387378305352,85.78069006829439,91.95066193985949,44.98851165234462,61758.940419958926,212644.18769017165,4164.60791745478,253245.8814046314,0.0,1358253.9301929437,839159.0389079993,531813.6174322168
109,89.58972986944717,111.14023127060858,115.23273800294999,58.40536797566247,71927.82314697113,275508.6742648104,5219.094272001618,328771.02061205066,0.0,1171346.6841615937,1113717.6734400007,681426.6122958339
109,115.29606032189045,194.68308702011015,189.42485913626143,101.41425879495789,92566.3538494898,482605.4309361125,8579.386504445172,570873.3721620688,0.0,668028.0495115543,1986594.38568,1154624.5434521162
109,126.33222674005788,279.1536910305232,270.08523878598805,137.63975327071094,101426.82733794933,692002.0091076313,12232.637591793173,774791.1489652626,0.0,218803.9575219748,2859471.0979200066,1580452.6230026362
109,129.78557335806568,332.1359937530931,1512.3832902060442,155.30008127940107,104199.37398104357,823341.3433497073,68498.51095947453,874203.3137200517,0.0,13169.109254704555,3732347.81016001,1870242.542010277
109,230.50313904032333,305.9446002254933,750.5171188450987,146.32646081245824,185061.26811493177,758414.7544318989,33992.24616101143,823689.6972194012,0.0,0.0,4605224.522400008,1801157.9659272432
109,225.8218315240317,299.82461328354754,562.006425419362,146.31230730651714,181302.84335330914,743243.7450717689,25454.263836542767,823610.0253886299,0.0,0.0,5478101.234640001,1773610.8776502507
109,147.74826330266504,307.82971446163515,580.4143754899324,141.18799450288833,118620.8616611804,763087.8176251237,26287.992414354965,794764.6365352205,0.0,0.0,6350977.946879997,1702761.3082358795
109,236.85242907846475,283.1942055718894,448.6939724747606,134.32438804891186,190158.84583547813,702018.1553034139,20322.142667170894,756128.5491828799,0.0,0.0,7223854.660200007,1668627.6929889428
109,248.6723520587886,291.8566106198142,450.83933355010464,135.2324307528656,199648.56447821166,723491.6370787725,20419.309860225152,761240.0335701129,0.0,0.0,8096731.372440009,1704799.5449873223
109,259.4767273427586,277.8876701074263,647.670001674129,131.78443418285528,208322.94262145826,688863.6339024848,29334.118536680005,741830.8355686292,0.0,0.0,8969608.08468001,1668351.5306292523
109,176.87036090026226,291.5876554364971,661.9266717361147,131.0159141174967,142001.76802981496,722824.9164399435,29979.82830933525,737504.7413241058,0.0,0.0,9842484.796919996,1632311.2541031996
109,169.21076943719578,273.30860807588425,935.9536321430074,137.76494484069613,135852.20444773542,677512.4670454107,42390.9934367057,775495.8677550355,0.0,0.0,10715361.509160021,1631251.5326848873
109,303.87063967562466,277.5978183755937,585.4323119512333,137.05923847139158,243964.9462276048,688145.1122163447,26515.263621273378,771523.3595536428,0.0,0.0,11588238.21600002,1730148.6816188656
109,191.85823746798752,240.10939883673535,688.7443209877613,135.71714635506913,154034.90326398672,595214.0048274647,31194.447019464606,763968.5574843778,0.0,0.0,12461114.9304,1544411.9125952937
109,180.27947386080373,272.4185816977815,497.72891595089817,131.85855197631645,144738.80133119004,675306.15539131,22543.021881354638,742248.05377042,0.0,0.0,13333991.644800017,1584836.0323742747
109,292.6358182694838,236.69795308443565,1957.2437751273285,136.1181179119454,234944.98101098585,586757.2751104467,88647.02820318611,766225.6758377036,0.0,0.0,14206868.359200027,1676574.9601623225
109,337.2101799133893,244.56375310804864,563.9870798340266,129.13690938170532,270731.8597735856,606256.0300775944,25543.971173967366,726927.5918919094,0.0,0.0,15079745.073600043,1629459.4529170566
109,194.770242545726,265.98796829086973,1102.8427193305527,133.58008605290254,156372.8295702707,659365.1252693373,49949.69501834995,751938.7814380119,0.0,6986.521674303513,15952621.787999963,1617626.43129597
109,244.98549780660716,230.53189765689936,577.0165102187441,128.77146421588048,196688.5443843236,571472.0652736275,26134.097093622087,724870.4559759771,0.0,0.0,16825498.491599984,1519165.1627275504
109,302.24764945084456,242.37306777267733,956.2348002668767,121.44657570680349,242661.91569020547,600825.4780121596,43309.56336934132,683637.7550365322,0.0,0.0,17698375.205999985,1570434.7121082386
109,273.77090212429135,247.0646765290564,1188.4610992622902,123.31695508039523,219799.13389043778,612455.6401403268,53827.50269717426,694166.3512409723,0.0,0.0,18571251.920399982,1580248.627968911
109,237.44198283441588,191.622913039993,634.1532282390025,114.45469735918378,190632.17373093535,475019.4787868055,28721.919989341775,644279.6093725907,0.0,0.0,19444128.634800024,1338653.1818796732
109,304.64020417137743,215.53845072106407,905.263251416936,125.77773056667459,244582.79716912852,534304.3840413124,41000.97187660975,708018.3599888377,0.0,0.0,20317005.349200007,1527906.5130758884
109,306.6144805648409,223.84976516369557,3485.809363677687,110.05516771895093,246167.86058520552,554907.5373487046,157878.46404199893,619514.114347629,0.0,0.0,21189882.052800033,1578467.976323538
109,320.9211992466315,169.61136684484848,984.9036165562192,120.43601767455928,257654.12282371058,420454.4320758884,44608.02470484255,677949.1992211305,0.0,0.0,22062758.767199982,1400665.778825572
109,387.0626591803805,189.9316387773339,3682.298729871024,117.88995546906563,310756.3170119263,470826.9310064355,166777.8145510758,663617.1010107275,0.0,0.0,22935635.481600042,1611978.1635801652
109,436.88977250154755,221.2734255967014,911.619310341679,102.99476588437474,350760.40900005534,548520.9760608278,41288.84901379781,579770.2415232668,0.0,0.0,23808512.196,1520340.4755979478
109,299.2189865699447,141.40630207879684,1112.4986476158122,105.9272311614352,240230.32974406402,350536.0963624463,50387.029068358956,596277.4502861721,0.0,0.0,24681388.910400003,1237430.9054610413
109,194.52299301950836,167.0443100730082,1587.6520384423568,113.2712774154159,156174.32333277148,414090.8821724318,71907.56553536089,637617.9925347796,0.0,0.0,25554265.614000037,1279790.7635753439
109,201.9016833196886,130.62679744843848,1210.0772401792744,100.53339588658747,162098.3631947181,323814.476333509,54806.53590594627,565914.8861967905,0.0,0.0,26427142.328399964,1106634.261630964
109,169.3023398919326,125.78413657357908,1808.6273247530019,107.87435955342148,135925.72251150676,311809.8668208832,81915.92662288691,607238.0761821135,0.0,0.0,27300019.042800054,1136889.5921373903
109,216.787865842611,141.2921086931775,767.259993746434,100.57053948873266,174049.8525607715,350253.0191371957,34750.56054292052,566123.9721149132,0.0,0.0,28172895.75719999,1125177.4043558007
109,196.42319181509058,136.7734445984481,775.1170828071356,97.90973044058947,157699.91296354606,339051.5744402192,35106.42198665593,551145.9497732623,0.0,0.0,29045772.471600085,1083003.8591636834
109,201.72739244306268,151.59922633240927,1909.440578369168,98.43687419357308,161958.43238603784,375803.6256440508,86481.93697383864,554113.3069817624,0.0,0.0,29918649.17519994,1178357.3019856897
109,206.74006674610143,162.20164655057164,1432.7788729669498,110.81599794333297,165982.89759301796,402086.26609665185,64893.086275146125,623796.9215287569,0.0,0.0,30791525.889600046,1256759.1714935726
109,211.69603725539866,160.9645697214941,1289.407397590191,110.96086929510149,169961.83771075017,399019.64122781367,58399.53887815459,624612.4202376808,0.0,0.0,31664402.603999954,1251993.438054399
109,204.5964508914864,145.54446573830245,1488.1790523107366,98.01148093429985,164261.87865133258,360794.3077291767,67402.25826647395,551718.7158532377,0.0,0.0,32262720.68159994,1144177.160500221
109,212.16225411722672,192.19366986665366,1021.5028578246694,108.43351574876114,170336.14360534959,476434.3440866446,46265.66899737757,610385.6353773569,0.0,0.0,31389843.967200074,1303421.7920667287
109,207.11118544566284,235.041490898437,1459.3131171171804,105.12658596976917,166280.8531759568,582651.0239751302,66094.86906757456,591770.5197430436,0.0,0.0,30516967.25279997,1406797.2659617052
109,250.12980326229678,212.54956557038545,670.7309805608456,106.60087432726675,200818.6907032158,526895.1517949961,30378.591009523025,600069.470760233,0.0,0.0,29644090.549199957,1358161.904267968
109,165.34304992894735,218.4132086584847,842.7583500073566,113.82112747735997,132746.9752526393,541430.7030989231,38170.01447186241,640713.1663572317,0.0,0.0,28771213.834800027,1353060.8591806563
109,159.21025598780903,272.5731476700239,1942.0963904114126,113.65520338403678,127823.21313573344,675689.313367608,87960.9763903357,639779.1591692498,0.0,0.0,27898337.120399937,1531252.6620629271
109,155.1526484884542,201.6823075453239,934.0846446549369,120.05264529222656,124565.53086524642,499955.9973848495,42306.34369165511,675791.1487921609,0.0,0.0,27025460.406,1342619.020733912
109,365.2066556154604,208.8976489376108,725.1691770758302,122.87002414548469,293209.05170140485,517842.31198605616,32844.1930991148,691650.521879622,0.0,0.0,26152583.691600062,1535546.0786661978
109,332.7358602368978,289.8787787772273,708.3805158680627,123.88734431335553,267139.61683611193,718588.7335789312,32083.80497450222,697377.1425905726,0.0,0.0,25279706.988000028,1715189.2979801178
109,318.3426949700258,313.4467170178166,1888.0683643055802,128.31561993440374,255583.95027311053,777011.9647130275,85513.95164317326,722304.4522873483,0.0,9968.321225705091,24406830.273599964,1840414.3189166598
109,302.9143098293398,298.0521797238338,1373.1127273997888,131.70568335951654,243197.14924737072,738850.0092060389,62190.701137391145,741387.5374701752,0.0,0.0,23533953.559200015,1785625.397060976
109,302.9186651166375,247.91410598963614,1816.0894280703253,135.81156506959843,243200.64592422152,614561.314943144,82253.89846453082,764500.0520749711,0.0,0.0,22661076.844799943,1704515.9114068674
109,266.3649616655026,317.4428965856336,734.0751013912212,142.45372027585674,213853.21602314417,786918.2076843298,33247.55814438645,801889.56303799,0.0,17847.397142763948,21788200.130400054,1835908.5448898505
109,220.95407634741483,333.61855286365676,634.3797963929667,145.4860729816557,177394.7276130712,827016.501214694,28732.18166128558,818959.0504583358,0.0,5493.376827050815,20915323.426800024,1852102.4609473865
109,240.75492536453856,256.88158210040865,541.5233405335268,147.99579417918784,193291.99584168388,636791.0460363314,24526.5487370556,833086.5806522757,0.0,0.0,20042446.712399997,1687696.1712673465
109,229.78500395090427,306.27494769617755,1705.2428776759896,158.83460555714345,184484.70767901305,759233.662154642,77233.46237787456,894099.5868615145,0.0,0.0,19169569.998000022,1915051.419073044
109,182.9807704832825,349.2759593782224,648.2302553555018,156.96344012951315,146907.5586877788,865830.0906947257,29359.49341564231,883566.565861932,0.0,3197.9304334779736,18296693.28359999,1925663.7086600787
109,114.81001964187506,326.9620885502722,541.9759230341697,167.1104254183199,92176.1322456818,810515.6028693746,24547.0469980329,940685.197678901,0.0,16482.721456378233,17423816.569199998,1867923.9797919905
109,207.22561634611523,282.02471904236285,666.6086230013984,164.40860518477524,166372.72492936294,699119.0819468369,30191.882153181323,925476.3183159131,0.0,0.0,16550939.865599973,1821160.007345294
109,108.17948927018924,324.55620890641427,500.79401754729787,175.36106790045733,86852.75849915728,804551.5995238527,22681.845747402698,987129.081924058,0.0,18864.129756620736,15678063.151199985,1901215.2856944706
109,179.50843870780858,324.4762471349918,526.5498550459063,178.41594918786137,144119.76966086857,804353.3800187769,23848.373127461567,1004325.3855091498,0.0,0.0,14805186.436799975,1976646.9083162567
109,165.43239007204377,318.8859728623714,439.51349382512774,182.35814689155626,132818.70269307168,790495.4904317355,19906.342571079233,1026516.5026516413,0.0,0.0,13932309.722399972,1969737.0383475279
109,208.30282855114476,314.26913725900073,441.1884408451491,188.9543732936032,167237.57326731452,779050.6855951669,19982.20388054387,1063647.474710456,0.0,14852.502332847449,13059433.008000035,2029917.9374534814
109,182.4678071241166,320.9684578584151,532.1827138694788,192.88618444420217,146495.72199809653,795657.8216044987,24103.4952544768,1085780.124664394,0.0,18840.443594220094,12186556.304400008,2052037.1635214658
109,101.33239632682957,363.09822055859263,398.0623717715934,194.1468272314731,81355.51577927712,900094.4863110486,18028.948026552287,1092876.4384136882,0.0,0.0,11313679.59000003,2092355.3885305664
109,194.1105777999431,366.22979363652485,369.79234741778913,205.4817866523895,155843.21251215355,907857.431710755,16748.54868230943,1156682.3231564013,0.0,6565.424532832112,10440802.87451999,2237131.5160616194
109,151.4453627628765,399.2596434312288,797.3865870554922,204.58897183489543,121589.10720135969,989736.0639942137,36115.04717492437,1151656.558420403,0.0,3408.411867112154,9567926.162279993,2299096.7767909006
109,165.9053100308144,371.94908338675714,339.82510382336363,204.54342958425838,133198.39022206297,922035.141427646,15391.279280385304,1151400.19547395,0.0,0.0,8695049.450039983,2222025.006404044
109,150.93114804112753,356.65238566019235,331.4809273024585,205.25155734510352,121176.2658453312,884115.7232017285,15013.356785098318,1155386.3339870023,0.0,17192.985473321984,7822172.737799983,2175691.67981916
109,186.91902700944456,394.7338102288967,407.74932206779914,199.5891502632731,150069.4190855496,978516.8475928893,18467.687118239908,1123511.946067898,0.0,51324.021007161704,6949296.025559984,2270565.8998645768
109,138.90971535739274,399.0982245438762,933.036292188681,191.73523622398605,111524.76354357267,989335.9181321132,42258.8619564599,1079301.2951638289,0.0,53798.70084780303,6076419.313319986,2222420.838795975
109,142.1497032777802,257.4511512654255,1363.3914411390738,130.50218845522653,114126.013468933,638202.9672080071,61750.40690921368,734612.9162033474,0.0,0.0,21738755.786400057,1548692.303789501
109,147.97551290706977,283.87474207856394,478.7453581277433,132.8356438478237,118803.31080328255,703705.156568385,21683.223011570753,747748.224438997,0.0,0.0,22611632.490000013,1591939.9148222352
109,236.80617736028236,336.2078296698708,930.2610380312866,120.9315341867366,190121.71227775322,833435.1329921258,42133.16579296307,680738.5227899255,0.0,17188.55072146468,23484509.204399973,1746428.5338527677
109,152.48264551403904,270.4695478388385,1057.832531725355,125.07796580935452,122421.89786149167,670474.6400306196,47911.10410761423,704079.2978542009,0.0,0.0,24357385.91880003,1544886.9398539264
109,156.90902489459214,282.68793927877755,466.24715692416555,117.84447886877142,125975.65155323486,700763.1574178993,21117.157399988682,663361.1076181523,0.0,0.0,25230262.63319998,1511217.0739892754
109,162.32817887233622,234.1582285562353,575.7683325401703,127.16321644289775,130326.46218170077,580461.479881637,26077.564921553778,715817.4308851855,0.0,0.0,26103139.347600065,1452682.937870077
109,165.18395556479314,278.4352442241266,4344.527930918976,118.11780078697402,132619.2450841787,690221.0309245092,196771.34494738642,664899.6704098559,0.0,0.0,26976016.051199947,1684511.2913659303
109,196.65214542200377,238.83761384390968,982.537061543377,121.78031836141439,157883.73017753824,592061.3409062412,44500.83924760222,685516.43360635,0.0,0.0,27848892.765600033,1479962.3439377318
109,161.24895092432433,233.7051474214212,4489.988714262274,123.60488190852574,129459.99548855428,579338.3241948085,203359.52079311208,695787.1268721694,0.0,0.0,28721769.479999952,1607944.9673486443
109,160.62530357216062,297.430233186794,3164.42189930867,127.19881245605144,128959.29527974826,737308.2482800047,143322.25802406573,716017.8052339805,0.0,0.0,29594646.19440005,1725607.6068177992
109,159.58501200997307,290.1765611389333,946.5724863633384,123.95603677440685,128124.08897188962,719326.9147285934,42871.940103399764,697763.8209270161,0.0,0.0,30467522.908799972,1588086.764730899
109,159.29463607515885,182.39212236831088,4766.445591012861,126.02205096264194,127890.95835618301,452137.0097537969,215880.74112433003,709393.6696345538,0.0,0.0,31340399.612399947,1505302.3788688637
109,169.03674791558302,223.4217991062805,3524.3109515603433,123.87289452009865,135712.48989285764,553846.6401401891,159622.2689733388,697295.8029219538,0.0,0.0,32213276.326800052,1546477.2019283394
109,149.01804065062672,221.25555320873744,1460.8741407530893,120.72237413620655,119640.31244703845,548476.6716909556,66165.57058571799,679561.1350656895,0.0,0.0,31713846.95880004,1413843.6897894016
109,163.63850123706922,206.77451048903558,1792.6177108789466,109.11788132444796,131378.46485492436,512579.2038157721,81190.82292826759,614238.0136190978,0.0,0.0,30840970.244399935,1339386.5052180616
109,129.37707776075754,148.87158432861915,4577.163303825639,116.96052477864694,103871.41006015317,369041.99645053694,207307.81195532158,658385.2210094844,0.0,0.0,29968093.530000012,1338606.439475496
109,319.28014833667606,139.29185317362882,4501.9224918629525,109.9970158137303,256336.59212238516,345294.5289479867,203900.02266261942,619186.7701001295,0.0,0.0,29095216.826399986,1424717.9138331208
109,307.85832578529556,151.5132106896339,1048.7285412880958,118.65103168896111,247166.49155741007,375590.3990254253,47498.768297783514,667901.2929309439,0.0,0.0,28222340.112000052,1338156.9518115628
109,278.92261679298497,190.0356337202729,1473.309718289248,114.44110309570848,223935.22875458605,471084.72702261986,66728.79986077292,644203.0855866417,0.0,0.0,27349463.397599958,1405951.8412246206
109,240.3304048240382,140.23326504791012,1246.400463165531,113.73039720382634,192951.16616841816,347628.22156725865,56451.678842872374,640202.4344559707,0.0,0.0,26476586.683200035,1237233.5010345199
109,243.99709385413573,125.74957727863509,821.6173186438983,104.13554454603658,195894.99645427926,311724.1968036024,37212.49981408862,586191.8253243191,0.0,0.0,25603709.968799952,1131023.5183962893
109,272.51865886914135,130.35084543953818,1248.2614015607837,113.2611098850529,218793.76048966212,323130.411065121,56535.964030289884,637560.7582522058,0.0,0.0,24730833.2544,1236020.8938372787
109,133.14598989292662,175.8431549126987,3915.5513895548124,108.32308916238966,106897.31097194485,435902.58842075214,177342.23956763349,609764.0305015999,0.0,0.0,23857956.55080004,1329906.1694619304
109,254.43752272208775,150.9968059651459,1598.7901120384677,104.61345207573726,204277.17733915194,374310.2686945701,72412.02856482659,588882.0257586926,0.0,0.0,22985079.836399972,1239881.5003572414
109,241.23165412748145,179.82346802925989,844.426634346251,109.59557163679173,193674.74129922682,445769.49959563115,38245.57401672865,616926.9913101756,0.0,0.0,22112203.122000027,1294616.8062217622
109,125.8665397665396,164.13092300981677,824.1632169383736,106.97207095239118,101052.94686837004,406868.8042783723,37327.808045378355,602158.9823500026,0.0,0.0,21239326.40759998,1147408.5415421233
109,189.43930453137273,201.62841263562694,757.160134082168,106.98909588863042,152092.84382566993,499822.3957632722,34293.120056516025,602254.8178161118,0.0,0.0,20366449.693200003,1288463.1774615701
109,197.5664788056325,176.02790790389835,743.2117628102077,109.08212905740452,158617.8099655994,436360.5778552706,33661.3736806955,614036.7596978834,0.0,0.0,19493572.989599984,1242676.521199449
109,182.47324794479087,174.37971377664957,746.4158007210516,113.11256065755737,146500.09020400365,432274.8226454967,33806.49021786685,636724.5563271501,0.0,0.0,18620696.275199987,1249305.9593945174
109,150.84658517236412,196.54885259109486,993.5697924398228,115.77023554137412,121108.37387737818,487230.5301740233,45000.53112010378,651684.9360712096,0.0,0.0,17747819.56079998,1305024.3712427148
109,147.20237277313035,196.6788698996295,674.9346982158453,119.44307561466553,118182.58913236271,487552.8337709867,30568.98480832141,672359.805887012,0.0,0.0,16874942.846399974,1308664.213598683
109,136.1335449116317,206.6732832194819,1410.7714199612058,118.93432064293722,109295.89314582133,512328.2686637093,63896.32985059008,669495.9613964462,0.0,0.0,16002066.131999962,1355016.4530565669
109,241.044718195932,221.1696684720903,1094.1023431312747,126.26491064591859,193524.65830819763,548263.7695792476,49553.82793971104,710760.7567483557,0.0,0.0,15129189.428400025,1502103.0125755118
109,151.42677633549098,226.29117991961726,687.4312589023989,127.79548807329085,121574.18494114227,560959.6296922663,31134.97611798935,719376.5658831022,0.0,0.0,14256312.714000016,1433045.3566345002
109,289.25267540782335,249.4682115311965,1034.8336600190617,130.9128368304075,232228.79800888215,618413.8312869364,46869.44457868987,736924.5065605418,0.0,0.0,13383435.99960003,1634436.5804350502
109,286.1351566971624,218.6668788557053,1367.181988634688,136.5708151402459,229725.87345709975,542059.5333518184,61922.08750159536,768773.9643758157,0.0,5798.638920023455,12510559.285200017,1602481.4586863294
109,268.7154911031254,262.2065023934648,707.02037544178,139.705708986596,215740.35717132542,649991.142110755,32022.201811799026,786420.6685247294,0.0,0.0,11637682.57080001,1684174.369618609
109,275.28331662592836,261.089292669221,1166.217814312123,141.80018753772217,221013.38783402246,647221.6592107894,52820.06502723931,798210.746642048,0.0,0.0,10764805.862880006,1719265.858714099
109,196.4080292156104,235.05666518878027,626.1571989291631,149.43311057809777,157687.73955063985,582688.6399542189,28359.76569627385,841177.4119541,0.0,4920.10881213902,9891929.149559991,1609913.5571552326
109,250.85904409679648,261.68756733522355,757.5868856344505,152.7876722655008,201404.1674744024,648704.7392637295,34312.44838820965,860060.6534762345,0.0,0.0,9019052.43732,1744482.0086025763
109,245.8420021279052,280.6918168809653,733.544417781998,157.81267323249935,197376.19565235084,695814.9129414909,33223.522546229695,888347.0037511798,0.0,11038.4356021618,8146175.725079993,1814761.634891251
109,243.907390853777,268.6411840973812,603.4080971010866,163.60624906243484,195822.9776910242,665942.2572496602,27329.41868637241,920959.7567329761,0.0,1101.730403511785,7273299.012839993,1810054.410360033
109,252.17572612800433,275.1820387280465,638.123481102725,163.36580804401729,202461.2760561508,682156.5674706433,28901.739755308994,919606.2845820073,0.0,0.0,6400422.300599994,1833125.8678641105
109,191.56275815378638,273.2600432464519,601.1555239040912,166.46956354972545,153797.67535977918,677392.0783111078,27227.395666929777,937077.7071705468,0.0,0.0,5527545.588359995,1795494.8565083635
109,196.30367846552343,308.84612044079716,559.0746038750976,173.1374929753903,157603.96072567356,765607.4152598626,25321.47645950579,974612.3043938441,0.0,4075.45148916787,4654668.876119995,1923145.156838886
109,179.92854529293774,294.2795312983329,505.19245170606797,161.2709272395469,144457.0555551567,729497.8839288637,22881.058600639124,907813.9421309963,0.0,127457.04100098822,3781792.1638799952,1804649.9402156556
109,168.61242121113693,237.5336226954052,434.6782886043269,118.43252089401665,135371.81584240106,588828.8402314606,19687.347584852418,666671.2687129888,0.0,556339.0593768844,2908915.4516399964,1410559.2723717028
109,140.70093000846194,170.52894337966052,350.33832804521893,82.07895647636782,112962.85439202277,422729.0385955296,15867.44177784457,462032.5704094916,0.0,988117.1995029727,2036038.739399997,1013591.9051748884
109,101.48346845221951,100.32047866848497,230.8205650873068,48.87356652226465,81476.80522990187,248687.28239613405,10454.271155793414,275115.3344872603,0.0,1419115.1260555645,1163162.0271599984,615733.6932690896
109,82.29537473384065,68.8792790547625,163.5802552807353,35.07493749141828,66071.49243886801,170746.80014375702,7408.838739268627,197441.14961766353,0.0,1633435.7363529452,789714.6855119978,441668.2809395572
109,125.49452875664532,136.90174133095897,270.38749836402235,73.4591885849461,100754.27488702358,339369.6128524348,12246.327462048064,413510.8337040127,0.0,1269122.4852487152,1662591.3973200019,865881.0489055191
109,158.42034833317092,205.6526619331568,322.7416107465899,117.14111111597184,127189.02952821454,509798.2215843828,14617.537699581364,659401.7637775333,0.0,874869.6355970385,2535468.1106400047,1311006.552589712
109,180.22024724459632,280.49423697530904,338.58788888385743,160.61833738742783,144691.25077397362,695325.1265046048,15335.243630135927,904140.4333567403,0.0,437389.26579143276,3408344.8228800055,1759492.0542654546
109,197.32103493642472,366.29339672169766,383.3884469434802,196.94662030018887,158420.7534141106,908015.0992041081,17364.34004842521,1108636.8189507613,0.0,41732.02452763461,4281221.535120005,2192437.0116174053
109,183.48812527005762,355.22844080013743,396.2169846030619,198.9945274393776,147314.89249076167,880585.8658662267,17945.367181665468,1120164.7408457205,0.0,2594.149699290283,5154098.247359997,2166010.8663843744
109,229.99916631180093,357.7649543714678,327.4720678435761,193.1966189628483,184656.64962416413,886873.7013629011,14831.78845823467,1087527.5988618175,0.0,14293.034530090168,6026974.95959999,2173889.7383071175
109,175.4991663237287,415.6626792420363,351.9895463499322,184.62171029081944,140900.8936199388,1030398.0151030817,15942.228371874233,1039258.3802356664,0.0,4946.379505224293,6899851.671839985,2226499.517330561
109,248.03187891945282,413.32364398133325,273.96545422508285,180.48834876739656,199134.35555310763,1024599.7141964922,12408.37940374069,1015991.178371951,0.0,39387.89255230292,7772728.3840799825,2252133.6275252914
109,228.65522919217887,371.1063664897387,257.4402889159869,182.87010778242737,183577.65907913525,919946.1065891923,11659.925473865529,1029398.3936565106,0.0,10810.066641873098,8645605.096319983,2144582.084798704
109,164.94945709961542,389.96756920402424,294.8889057945493,180.94058302136415,132430.97613687726,966701.6774157474,13356.039488272483,1018536.8607704354,0.0,3902.40967704542,9518481.808559977,2131025.5538113327
109,263.92147619229183,362.9664519277441,329.98992540862736,167.2250729002382,211891.4443866473,899767.8413114861,14945.82667535261,941330.5624963368,0.0,0.0,10391358.520799993,2067935.6748698228
109,202.4154454192495,406.1035041953156,807.5975221139335,171.65209807816595,162510.84115944334,1006701.5047208531,36577.51846215463,966250.8332945458,0.0,12530.196942864568,11264235.235200008,2172040.6976369964
109,156.697932949748,369.6011083852367,281.1853947125339,164.30300659926928,125806.17471589395,916214.6795437695,12735.383263019668,924881.8908525599,0.0,0.0,12137111.94960002,1979638.128375243
109,220.36883233538958,359.16930285430715,314.6008171908638,153.5537733358802,176924.85982960855,890354.9806826354,14248.826778079609,864373.1308996382,0.0,0.0,13009988.65319998,1945901.7981899618
109,235.35422266716313,372.69848310950016,402.9697970400159,159.26085784043514,188955.99896958406,923892.8496737683,18251.213986318377,896499.0135421995,0.0,57845.68626863882,13882865.367599983,2027599.07617187
109,252.23153988955772,348.39047385465193,367.88455411540195,147.58456112609943,202506.08657601764,863635.0354938275,16662.14135337486,830771.6990710207,0.0,0.0,14755742.081999965,1913574.9624942406
109,256.9491559960232,374.2752233792603,394.67217941902186,149.65794970336174,206293.66197640816,927801.4758878333,17875.400225858382,842443.0591240204,0.0,29789.765334239928,15628618.796399977,1994413.5972141202
109,392.58901729527247,371.42756575139197,673.4200119983119,135.03105453468729,315193.1973297264,920742.3365568757,30500.381993714975,760106.461998317,0.0,26880.172407796606,16501495.510799985,2026542.3778786343
109,366.7677251975829,343.37487058465877,757.9944609941685,134.24489611900378,294462.36876114644,851201.7141685416,34330.90819626575,755681.0793041318,0.0,0.0,17374372.2252,1935676.0704300855
109,132.3355739828511,343.67676461155935,346.51411881887486,132.2143263292438,106246.6621493583,851950.0878417736,15694.236586211986,744250.7514876617,0.0,0.0,18247248.92880002,1718141.7380650057
109,244.58211618965214,320.31632637251346,520.774597463919,135.26848005202055,196364.68626300368,794041.2343518625,23586.80150911894,761442.9595217216,0.0,0.0,19120125.64320001,1775435.6816457068
109,129.1199884141437,272.7840068127253,1106.8137209072117,133.5462965747107,103665.00384503056,676212.0180821667,50129.54869484873,751748.5762973524,0.0,0.0,19993002.35760003,1581755.1469193986
109,135.92323313636066,344.84719349503985,2603.1601846678063,127.67977818561255,109127.0426737922,854851.4972263178,117901.7234542723,718725.2206525961,0.0,38100.64877792285,20865879.072,1800605.4840069783
109,100.82227146548416,278.5553645108735,510.0560536568754,92.30472539152495,80945.95800001833,690518.8005132135,23101.33972493303,519594.6849771134,0.0,285716.4376639528,2791494.98856,1314160.7832152783
109,100.83984887660311,334.057066653725,870.2114739117114,118.98557321846151,80960.07016354632,828103.5454971048,39413.41495162972,669784.4684660556,0.0,0.0,3664371.7008,1618261.4990783364
109,190.46347527367166,311.5194920300023,734.2992461967996,125.83644084233077,152915.1074057893,772234.5119820726,33257.710058600824,708348.8473723937,0.0,0.0,4537248.413040004,1666756.1768188565
109,99.77992534422269,323.1138098888253,690.0017487506314,128.6974522104965,80109.10217315871,800975.9956533766,31251.398144191702,724453.8332683216,0.0,0.0,5410125.1252800105,1636790.3292390485
109,94.98158075522689,300.11556448395953,964.219841836237,129.87153794481526,76256.71327212668,743964.9922617814,43671.22000823222,731062.9066897728,0.0,0.0,6283001.8375200145,1594955.832231913
109,112.43706092594431,298.3034625633652,1013.7389454263065,136.63575649634475,90270.98357402877,739472.9213701879,45914.02768928351,769139.5272797844,0.0,5121.662130066659,7155878.5497600185,1644797.4599132845
109,104.15289698614117,316.41298368811704,831.3059523548541,140.9600217406824,83619.97703956346,784365.1273662574,37651.31515060415,793481.3497364211,0.0,3376.3394440379925,8028755.262000021,1699117.769292846
109,109.16360599714434,302.644215695553,1105.352121087011,145.33270669536498,87642.86439629029,750233.3375317128,50063.35025695885,818095.7327151399,0.0,228.1094605892431,8901631.975320002,1706035.2849001018
109,131.56551220944152,301.6041044642088,682.4918339622848,145.3949194871184,105628.4119645351,747654.9762744121,30911.260836562367,818445.9361938409,0.0,0.0,9774508.687559988,1702640.5852693506
109,116.13027820309263,286.7125142763706,896.2389136259143,151.3343887947376,93236.11227283352,710739.7906261424,40592.2436758399,851879.9415574168,0.0,8656.510099961888,10647385.3998,1696448.0881322324
109,123.70575564981255,258.96588210774,598.6306175270599,154.06971385043806,99318.14425167267,641957.8764920987,27113.03819666497,867277.423697125,0.0,13061.047254947829,11520262.108799987,1635666.4826375614
109,250.98333725663187,246.0641590455239,598.3480470873651,159.57356101749676,201503.95722074996,609975.428948435,27100.240082267912,898259.2582976819,0.0,4836.532012559124,12393138.823199995,1736838.8845491349
109,130.21241995164684,260.85172670665787,743.4914904080193,163.1622554767443,104542.07114442081,646632.7502023418,33674.04303776156,918460.462072706,0.0,8052.127162904129,13266015.537599973,1703309.3264572301
109,165.09064389902744,230.52055445393668,964.3286641047936,166.02943456943575,132544.32907536245,571443.9462858008,43676.14876101839,934600.1668507754,0.0,15171.414776096586,14138892.251999978,1682264.590972957
109,136.4566724708441,256.2530168337693,491.8496558982529,171.8334354714328,109555.31866219259,635232.8777536054,22276.739807387225,967271.6038491344,0.0,7088.389285935671,15011768.966399992,1734336.5400723196
109,238.70181997463118,217.64414916354977,563.4133567835663,174.92938604938405,191643.64394239197,539524.259685427,25517.98624348436,984699.0915365957,0.0,12747.986385387718,15884645.67000002,1741384.981407899
109,246.92105238583693,254.32436445400737,515.7103171214078,180.4230405847232,198242.51968561122,630451.8866202316,23357.431305950344,1015623.5505559464,0.0,8590.746552840457,16757522.384400027,1867675.3881677396
109,249.55067597466262,218.89675952089638,534.7861890578212,184.51838759637343,200353.7337803047,542629.3910584458,24221.411245003972,1038676.7640438199,0.0,7224.6385841581505,17630399.098800007,1805881.3001275742
109,249.8651761134829,196.27633175729977,885.006011255257,189.5262728461504,200606.2327039841,486554.9705430053,40083.48568365238,1066866.7678353083,0.0,1806.4579326674575,18503275.813200034,1794111.4567659502
109,252.19383536743197,214.6562063146371,446.61740770020737,191.914207730898,202475.81520224237,532117.3633377077,20228.09138011362,1080308.7478522947,0.0,13506.439909135457,19376152.527600016,1835130.0177723584
109,162.70877392073768,213.7112502250191,418.5356379635311,197.4763493416602,130632.02592624968,529774.884862427,18956.218420047328,1111618.7290670532,0.0,4957.649307415122,20249029.23119996,1790981.8582757772
109,257.9021140447174,187.97094001844303,500.44894319150313,199.24623057426192,207058.7518822807,465966.4991941298,22666.216720227305,1121581.6088394579,0.0,18385.175473711686,21121905.945600007,1817273.0766360955
109,258.7870587005302,166.99259930826386,564.0713395606926,197.4909156133525,207769.2366977938,413962.6948897795,25547.787445839615,1111700.7244071525,0.0,20174.723934017355,21994782.659999963,1758980.4434405654
109,243.75901551437943,154.2299615183732,387.85223226636987,195.24856608637126,195703.85337636096,382325.02977593493,17566.51277133267,1099078.2623269244,0.0,8726.835602714913,22867659.374400027,1694673.6582505528
109,281.44488960448774,177.2373400788855,484.6631600681193,193.287076839231,225960.2554287211,439358.6736063276,21951.250715720813,1088036.7974059158,0.0,444.6682617091574,23740536.088799987,1775306.9771566852
109,239.12147498625583,153.1666334736702,840.4796912909883,186.29275618558268,191980.56728732074,379689.11570093705,38066.80999316522,1048664.9037000819,0.0,14721.68198993872,24613412.792400014,1658401.3966815048
109,297.3568737746339,202.55616055782684,616.0921196191964,182.00739495336057,238735.31775981086,502122.21642384713,27903.900473557853,1024542.0767264368,0.0,0.0,25486289.50679996,1793303.5113836527
109,315.5134378266742,127.63763394178902,1646.8532216979813,177.8318657284955,253312.45880036196,316404.5540626748,74588.89170863327,1001037.5076699355,0.0,0.0,26359166.22120004,1645343.4122416056
109,320.1069787846766,129.98793253833506,1652.1578870904639,175.05243927837054,257000.41948655932,322230.77597222093,74829.14937537449,985391.7733411235,0.0,10554.900541623007,27232042.935599964,1639452.1181752782
109,337.93991045962764,175.17515077175594,587.7413698162244,170.77842576499881,271317.72971371445,434246.6539929531,26619.844931114225,961332.8240766235,0.0,0.0,28104919.65000005,1693517.0527144053
109,134.67711995516794,147.4608516797884,288.1225793832654,165.5942368798452,108126.5908513729,365544.89124049735,13049.580611848658,932150.3853746222,0.0,0.0,28977796.353600025,1418871.448078341
109,335.1812665210594,115.25545274606267,250.3511629356761,162.64753939687876,269102.9306108714,285710.01360022946,11338.84643470922,915563.0617691355,0.0,0.0,29850673.067999955,1481714.8524149456
109,386.4883527086756,131.40043481861352,279.2972453057684,160.39637122969404,310295.2305192095,325732.2679718912,12649.865640820319,902890.9584754265,0.0,528.2874392910162,30723549.782400057,1551568.3226073477
109,304.9433276700121,148.53409988053852,885.7113183427749,155.9036357366564,244826.1622672626,368205.39667192666,40115.43028762745,877600.7962081248,0.0,0.0,31596426.49679997,1530747.7854349418
109,155.4783875208107,155.6967283097227,373.81788942972787,151.8870087059286,124827.05302348429,385961.0396125207,16930.872591472064,854990.7072029395,0.0,0.0,32330696.788799927,1382709.6724304166
109,392.254367543623,266.045619316845,1785.769399194421,146.33300390834262,314924.5211300337,659508.0380341827,80880.65079398511,823726.5291132225,0.0,15559.628055787936,31457820.085200086,1879039.7390714241
109,365.65575528080575,161.00036127330523,784.821522951094,148.77480399287558,293569.6149194366,399108.3659216229,35545.95322444548,837471.7229840498,0.0,0.0,30584943.370799977,1565695.6570495549
109,347.3147964974937,259.38680211995694,417.0324859231707,145.100611365643,278844.43111059634,643001.3070591546,18888.138008701106,816789.2394752756,0.0,0.0,29712066.656400055,1757523.1156537277
109,337.6235670980716,258.60373291665854,1698.5046610918957,136.43169437134196,271063.7509440845,641060.1345818989,76928.27664518243,767990.8364071683,0.0,0.0,28839189.941999964,1757042.9985783342
109,274.7129218418433,178.86305833645392,380.4225966640064,134.3608830593982,220555.44187064684,443388.7127447222,17230.011449856112,756333.9840985512,0.0,0.0,27966313.227600034,1437508.1501637762
109,190.88738088058892,261.8768062659813,961.0664612392102,134.99157496754628,153255.4433747646,649173.8490211621,43528.39783029385,759884.2266450927,0.0,0.0,27093436.51319994,1605841.9168713135
109,322.78563129284225,207.53314121876062,440.07384584990206,135.00930159548003,259150.9968368906,514459.7950671452,19931.72190418793,759984.0120203038,0.0,0.0,26220559.809599977,1553526.5258285275
109,312.5025152604437,217.5038291248606,534.6117148681631,125.73770801752316,250895.11580615223,539176.4163582171,24213.509000731745,707793.0681229001,0.0,0.0,25347683.095200036,1522078.1092880012
109,262.64752721300033,213.27935497954596,449.3629909083337,130.89571557134352,210868.6443735847,528704.2474780953,20352.44369390199,736828.1288813705,0.0,0.0,24474806.380799975,1496753.4644269526
109,247.87130386681744,267.4920363897677,1510.6499473390413,123.35217310285329,199005.43660218987,663093.6023760873,68420.00479893916,694364.5978335165,0.0,0.0,23601929.666400023,1624883.641610733
109,242.80611234673393,282.39237722131713,510.4474509493776,125.09116185339637,194938.80753217242,700030.4802434598,23119.066799745076,704153.5800138388,0.0,0.0,22729052.95199996,1622241.934589216
109,258.6346552377777,238.76118527421224,1021.1125532401406,132.83290435657335,207646.87837243857,591871.8799552196,46247.99141324,747732.8035048337,0.0,0.0,21856176.248400033,1593499.5532457319
109,224.27005097912567,251.17291439631055,580.715067574851,134.4521181700489,180056.9840705592,622639.6676111334,26301.611290077548,756847.5577902157,0.0,0.0,20983299.533999976,1585845.8207619858
109,216.8034642170024,274.8763169478881,3802.2320443579133,134.17687451269006,174062.37583901154,681398.705071201,172209.80623597934,755298.177291756,0.0,0.0,20110422.819599994,1782969.0644379477
109,222.6602475902656,279.14186949303524,496.2009562509591,135.36472915047037,178764.54068866652,691972.7043627712,22473.81788728138,761984.7575691806,0.0,0.0,19237546.10519997,1655195.8205078999
109,397.4562723003315,270.610364168113,1363.269876420564,136.47647298774888,319100.9115032735,670823.7136266498,61744.90102835857,768242.900762346,0.0,0.0,18364669.390799977,1819912.4269206277
109,196.85751269981537,307.46453661345447,804.0300523182544,140.3553032789448,158048.61092067847,762182.5678908653,36415.94145288761,790077.3149235378,0.0,0.0,17491792.68720004,1746724.4351879691
109,446.01833426512854,348.84302221589894,608.2338741149216,129.3435239529133,358089.34700526943,864756.8704731367,27547.986652450058,728090.6507990577,0.0,14269.852811849327,16618915.972800028,1978484.854929914
109,353.5084503978298,296.3819229092634,851.226919334767,118.7883797838967,283817.05512705573,734709.562174364,38553.570937105855,668674.4422991648,0.0,0.0,15746039.258400012,1725754.6305376904
109,406.9336438660821,306.9338113384682,860.6164933097463,119.16959302855649,326709.89421672537,760866.9379408585,38978.841329866074,670820.3386758447,0.0,0.0,14873162.544000024,1797376.0121632947
109,193.8493788128265,312.6645159328568,597.5490894700584,115.58498762855857,155633.50683965217,775072.9442389648,27064.05388035756,650642.1527197204,0.0,0.0,14000285.829600018,1608412.657678695
109,189.39216806735342,335.62640753717454,621.6774084180736,113.8129743348145,152054.99994275282,831993.8291623961,28156.868070118377,640667.2713121566,0.0,0.0,13127409.12599999,1652872.9684874238
109,313.86116708098734,337.81142550645575,640.933570551213,107.09695962459428,251985.92016518736,837410.3322331492,29029.01367067878,602861.9960907979,0.0,0.0,12254532.411599984,1721287.2621598132
109,186.66087625339648,344.005471703618,624.6960413215814,120.53445850006739,149862.16070946853,852764.9291833759,28293.5872869747,678503.3347705491,0.0,0.0,11381655.697199974,1709424.011950368
109,305.27960663620973,363.99563526074456,821.1742096607923,116.7022448859893,245096.14649474,902319.1130913693,37192.43062545628,656931.3316350008,0.0,0.0,10508778.98388,1841539.0218465663
109,197.8790939944777,378.01747691116617,1933.5218166294376,111.16843492361811,158868.79554228415,937078.2544004478,87572.61879607967,625780.832763732,0.0,0.0,9635902.271640012,1809300.5015025435
109,162.8299226133418,369.45046315106606,772.4055169276756,110.05918064543879,130729.29111221257,915841.2407963764,34983.61037777719,619536.7036058219,0.0,0.0,8763025.5594,1701090.8458921881
109,197.59653630776893,356.7416704719608,842.6425894633837,107.64718437462119,158641.94186889968,884337.0538561735,38164.771472325614,605959.2790786859,0.0,0.0,7890148.84716,1687103.0462760846
109,265.0195220525798,363.991482801247,703.9768645769298,117.12847512001977,212773.0191894863,902308.8194416438,31884.355828124597,659330.6341976745,0.0,0.0,7017272.13492,1806296.828656929
109,272.13475185645325,388.8061893075936,728.5223912992744,98.86276884140794,218485.537708393,963822.6998220772,32996.066095015696,556510.7204883466,0.0,0.0,6144395.422680001,1771815.0241138325
109,236.22216615590196,380.85210765795614,720.8213101461279,98.54380001571984,189652.8342636579,944105.1010261027,32647.2705250139,554715.2056238807,0.0,0.0,5271518.710440001,1721120.411438655
109,246.6747125429285,393.8867317221783,1011.9947565314889,96.4563816477594,198044.74379455103,976417.0006363362,45835.030292988034,542964.8701484726,0.0,0.0,4398641.998200002,1763261.6448723478
109,127.26028426750558,365.79383984271016,661.7719689178548,90.06748926002615,102171.92566341307,906776.7334757284,29972.821545401355,507001.00683079095,0.0,85524.80872827535,3525765.2848799964,1545922.4875153338
109,112.84842053406398,263.9751589088029,493.4830815235965,77.78105463520441,90601.24688864927,654375.5149539621,22350.720539536047,437839.1508012372,0.0,395594.457175396,2652888.572639997,1205166.6331833848
109,97.35817627158289,177.5864875524692,348.4898149461974,56.05634683209767,78164.7817777628,440224.185189939,15783.71935404365,315548.09084417555,0.0,735740.1841453587,1780011.8603999973,849720.7771659209
109,72.80504972043748,97.14853581425147,195.85012374029455,31.415810082682633,58452.10994752585,240824.26321196655,8870.398089105649,176843.4700820968,0.0,1091475.480787283,907135.1483759993,484990.2413306949
109,77.30579486555607,111.63331982394965,222.0055989290594,36.533180555009295,62065.568781472844,276731.005477127,10055.02576614365,205649.77969627272,0.0,1022334.6876936656,1045741.563864,554501.3797210162
109,94.4162505845413,193.27205721649594,365.6846264762196,63.34512562054183,75802.83347367238,479107.5891006448,16562.502744248166,356577.52571205975,0.0,657344.9974184181,1918618.2763200009,928050.451030625
109,271.93953807178,430.4123985575953,733.4354747801119,125.45700882189941,218328.8087775179,1066961.5130187315,33218.588325217745,706212.9777266089,0.0,0.0,22063847.50439999,2024721.887848076
109,247.8860202264657,432.01885903094126,1035.9068946210161,111.54016293499096,199017.25174791797,1070943.813489141,46918.05326976715,627873.3355922402,0.0,0.0,22936724.218799956,1944752.454099066
109,306.875630295307,391.5445224368262,843.5895443395716,122.89686020878975,246377.5267116155,970610.8315499421,38207.66073153969,691801.585390183,0.0,0.0,23809600.922399964,1946997.6043832805
109,273.33967641797,438.86983593619453,1746.759425843248,106.46863424915284,219452.9209217648,1087926.8946201259,79113.82018667253,599325.075048773,0.0,0.0,24682477.63680004,1985818.7107773363
109,278.1432017690482,445.7511228941289,829.0322045245341,109.27160897836556,223309.46923860678,1104985.1122011216,37548.33309461156,615103.36554524,0.0,41155.83861349849,25555354.35119999,1980946.28007958
109,122.87879854772912,373.36892809336206,1545.0759564466534,113.11327718139229,98654.21520226638,925554.8347763683,69979.2195677214,636728.5897281998,0.0,0.0,26428231.065599926,1730916.859274556
109,477.917616439566,381.06907655942075,1553.2138745772086,110.07801615389855,383699.9379748125,944642.9513950988,70347.80025613749,619642.7310062938,0.0,0.0,27301107.780000012,2018333.4206323426
109,120.42270992654822,339.9027803993285,2344.1643245194296,107.92739869455592,96682.32502874958,842594.651244954,106171.34341125084,607536.6400499145,0.0,0.0,28173984.483600043,1652984.9597348687
109,127.57759017517309,406.39876732422016,1740.9144367524466,101.21884148545682,102426.6772208009,1007433.4408728096,78849.09030510942,569773.3440222462,0.0,0.0,29046861.197999958,1758482.5524209663
109,135.13107538686307,433.4227597694771,764.1452905740867,100.7799758682024,108491.05255982047,1074423.9828828112,34609.49013387264,567302.9153288357,0.0,9737.503357879817,29919737.912400056,1784827.44090534
109,143.38362986024856,304.2860932254429,1761.6320058220406,101.96607325545015,115116.6811841886,754303.434348983,79787.42560751409,573979.6038262565,0.0,0.0,30792614.62679998,1523187.1449669423
109,152.16393855319782,410.43229388639884,1696.588242952765,103.41335614951944,122166.02145748308,1017432.2643686144,76841.47868215528,582126.5377586957,0.0,44860.72827716626,31665491.34120003,1798566.3022669484
109,159.5942258197463,337.30191404995554,2046.0112557299826,105.80233001503672,128131.48635193356,836147.28981999,92667.46421453444,595574.3663265923,0.0,0.0,32261631.944400046,1652520.6067130505
109,159.73649996877148,329.464113123522,2253.4108807911,110.59785148705139,128245.712277655,816717.9426096583,102060.95962157799,622568.9482180761,0.0,0.0,31388755.24080003,1669593.5627269675
109,159.4541699314514,262.59858753181805,984.9639530415777,109.73130809409909,128019.04137438259,650963.0930904468,44610.75745085366,617691.0685713924,0.0,0.0,30515878.52639993,1441283.9604870756
109,159.31655941686552,323.6198233384311,1016.3251270014556,114.47726689788387,127908.55968445318,802230.3667579463,46031.16042151861,644406.6560898763,0.0,0.0,29643001.812000003,1620576.7429537945
109,158.8939955838292,254.54955941851188,5082.402433184891,113.11003665781719,127569.30096924961,631010.1288104127,230190.98466933327,636710.3484212783,0.0,0.0,28770125.097600076,1625480.762870274
109,158.51067639717368,327.6760997215173,1349.00314204212,119.12744890385271,127261.55012875957,812285.5854306042,61098.73542503151,670583.1041994275,0.0,0.0,27897248.38319998,1671228.9751838227
109,158.09052361261166,343.7908949213448,3453.8943343919163,122.56019259536616,126924.22714289141,852233.008706549,156432.9759851946,689906.4418664163,0.0,31810.93833753164,27024371.679599967,1825496.6537010511
109,157.56927792191385,258.04978189773607,1830.6041392683876,125.68371461040711,126505.74091783784,639686.9296759331,82911.29537608929,707489.1325741803,0.0,0.0,26151494.965200022,1556593.0985440405
109,157.7312724538707,300.2624686604332,951.3899989571166,134.8103708166297,126635.7995089548,744329.157195051,43090.13375929328,758864.2061281292,0.0,0.0,25278618.250799943,1672919.296591428
109,154.1593849319215,250.84373834699065,3182.199722871091,142.41433913861528,123768.08136364925,621823.6637580639,144127.44705915498,801667.8817588115,0.0,0.0,24405741.53640006,1691387.0739396797
109,148.65846200714415,224.5818324035602,2997.291643744291,136.3749300486759,119351.62188938714,556722.2796109978,135752.63350059144,767671.3030330263,0.0,0.0,23532864.821999986,1579497.8380340026
109,144.10243977505,221.38255563784293,950.6143643778063,145.19777145561127,115693.7834090024,548791.5016177179,43055.003898975796,817336.1656063624,0.0,0.0,22659988.11839998,1524876.4545320584
109,205.21628243370162,227.6712222443219,499.3137536536139,148.62782025631543,164759.51530694411,564380.6557866151,22614.801980653192,836644.333400572,0.0,0.0,21787111.40400002,1588399.3064747844
109,145.1817304358154,193.1689338752751,863.1543792437641,148.34079003043777,116560.30045157904,478851.953722702,39093.786667196226,835028.6048540516,0.0,0.0,20914234.689599972,1469534.645695529
109,143.4926823526628,217.51050646059772,1310.7200942880506,158.00980193802306,115204.23484016609,539192.9689953272,59364.82856218396,889456.6655503139,0.0,5158.8552955372725,20041357.9752,1603218.697947991
109,140.2611278217515,236.95184953161137,491.45748387887375,162.0232908883523,112609.75572824223,587386.6662207784,22258.977643826307,912049.0899138548,0.0,4507.538854674669,19168481.26080001,1634304.4895067017
109,130.99451616640647,163.30090821476418,470.90387762140205,159.84874197245958,105169.98327565641,404811.2570410598,21328.06850683608,899808.2858366201,0.0,0.0,18295604.557199974,1431117.5946601725
109,121.73476292681866,177.32233599042618,473.99283108094494,165.0551886548409,97735.71715640112,439569.372384248,21467.972665902118,929116.0164247059,0.0,0.0,17422727.842799973,1487889.0786312572
109,109.88387007366022,178.15836006217683,435.3888784192056,172.39132269894125,88221.13410633679,441641.81618815433,19719.531452882016,970412.0198679293,0.0,2828.7327449212316,16549851.128399964,1519994.5016153024
109,104.13693266255486,180.66359718663048,2693.233321040899,175.49331815584208,83607.15995611816,447852.119612813,121981.29492200915,987873.5349246309,0.0,18303.234868919593,15676974.413999956,1641314.1094155712
109,195.0096357390943,147.0317043460486,372.27678299521415,178.22862238309088,156565.02828880993,364481.0657325672,16861.073158565163,1003270.8998184158,0.0,11012.772365426878,14804097.699600032,1541178.0669983581
109,182.20755401568871,152.96113239342893,831.8774883410098,183.77082665228832,146286.77573178086,379179.6932395117,37677.20102508117,1034468.6512782436,0.0,5091.515503959614,13931220.98520002,1597612.3212746172
109,170.5887306268798,119.69165179414203,525.453139686643,184.28527847574094,136958.51148649325,296707.03335210733,23798.70095140514,1037364.5640498697,0.0,18656.56952111656,13058344.281600023,1494828.8098398754
109,155.29954371697102,142.54270876206579,1743.0287560501633,192.9524118417284,124683.46686118355,353353.1671490886,78944.85156121716,1086152.9268541902,0.0,1288.2486436462495,12185467.567200014,1643134.4124256794
109,146.188057251782,112.85877908962624,1543.0123332436247,193.7012327200307,117368.23789432361,279768.83123825956,69885.7544273008,1090368.1319448873,0.0,14605.527252628235,11312590.852800002,1557390.9555047713
109,138.45192663160398,121.75695725698749,617.0066260027235,198.3735268373746,111157.2242446464,301826.7776923452,27945.32008321646,1116669.0518568882,0.0,7206.575928756967,10439714.14163998,1557598.3738770962
109,161.61411512029883,116.90440919461912,455.37389531391204,198.58885561396508,129753.17045119715,289797.6585499331,20624.68817317402,1117881.1641010281,0.0,22314.651226646733,9566837.429399993,1558056.6812753323
109,130.91420435563242,131.80721513484195,403.91406618848714,196.5247247271494,105105.50430322971,326740.64724517387,18293.98160417961,1106261.9167294845,0.0,11253.785956579493,8693960.716080002,1556402.0498820676
109,129.89820787721504,140.5425373370887,613.2482595674737,191.62696402204747,104289.80349551387,348394.8854243004,27775.097027909098,1078691.817583787,0.0,16836.698212331394,7821084.003840005,1559151.6035315103
109,163.17870449510457,141.05297865234112,511.36431910334113,188.82615394138176,131009.31340433084,349660.23289071664,23160.59337815901,1062925.7121609997,0.0,8605.917268666555,6948207.291600006,1566755.8518342061
109,141.32436135368113,158.30323543861735,274.7369883282087,183.31673924510028,113463.3811779451,392422.3841259674,12443.32354624796,1031912.5372516955,0.0,16200.78111448267,6075330.579360006,1550241.6261018561
109,140.99533467050404,157.54812554052955,272.28990479940995,179.00997806790605,113199.21950324552,390550.5207640866,12332.490810259891,1007669.2473481284,0.0,0.0,5202453.867120006,1523751.4784257205
109,203.3458545135668,172.7814624573008,244.44403760484988,176.1047311011631,163257.8274589657,428312.87207996636,11071.30229306675,991315.2538113672,0.0,10520.054158686195,4329577.154880007,1593957.255643366
109,177.2150649307445,187.6721785277811,258.8600846990497,173.09435760177925,142278.51638678293,465225.89085390395,11724.23053306325,974369.4900550577,0.0,4569.813810637454,3456700.4426400065,1593598.127828808
109,170.54313022351033,179.23069850685576,312.3447962134536,127.91545541427539,136921.90084201682,444300.06639943324,14146.647602571207,720051.8768434242,0.0,234338.03362930845,2583823.730400006,1315420.4916874454
109,140.45863015997293,168.19282986438623,197.02840000932764,76.94305257168791,112768.32204243257,416937.98048662377,8923.764302849426,433121.9338185083,0.0,558461.6120753131,1710947.018160004,971752.000650414
109,93.30220127331758,95.76132317696621,100.30995920276193,36.8078754015522,74908.41017368616,237385.4624262161,4543.215257858825,207196.07087095405,0.0,994923.2345950779,838070.3055959982,524033.15872871515
109,109.47619805375862,122.0266319846118,136.22484240914056,46.424922553110164,87893.8314010805,302495.28202998324,6169.863764789375,261331.6155457081,0.0,864876.8431396529,1114806.4063200005,657890.5927415611
109,156.45668456579313,196.15963875217778,251.14141924351463,82.58966901371377,125612.48654292051,486265.6969400122,11374.6385389422,464907.43427838397,0.0,448807.286926965,1987683.118560005,1088160.256300259
109,201.17206769519942,220.3695120877547,339.1725442644835,119.83207750919937,161512.5855204244,546280.2392038603,15361.723705164972,674549.5455345595,0.0,162292.987567554,2860559.8318799953,1397704.093964009
109,190.2922662178358,238.11704904176196,431.1654664789381,144.2602072697824,152777.65086130291,590275.1123633274,19528.245665112318,812058.5011561922,0.0,1763.3807980408892,3733436.544119996,1574639.510045935
109,181.75592397647878,256.30296010482823,555.3334027005667,141.96898523321272,145924.18098308044,635356.6835459865,25152.030849180184,799160.9296910877,0.0,0.0,4606313.256359999,1605593.8250693348
109,269.60484492370716,246.22656850948437,725.4368952937207,137.75432371479477,216454.38191964323,610378.0303790084,32856.318530148696,775436.0801272254,0.0,0.0,5479189.968600006,1635124.8109560257
109,270.6949593422686,273.9311639277789,652.3261323282661,137.2965583140314,217329.5889017662,679055.7384193353,29545.00291943307,772859.2622211629,0.0,0.0,6352066.68084001,1698789.5924616975
109,282.4233316546329,269.1408077876922,858.724170455269,133.81446482036083,226745.80536669897,667180.7885985264,38893.13468484713,753258.1284305549,0.0,0.0,7224943.393080014,1686077.8570806272
109,274.96073142534186,287.0470715149318,465.3961397816229,132.8577168679854,220754.39775456325,711569.1340619795,21078.613330213077,747872.4761921847,0.0,0.0,8097820.105320016,1701274.6213389407
109,315.23010549646654,289.2094547943713,972.2184507645967,127.29522817486126,253084.98319831814,716929.5273575467,44033.49113678004,716560.5412079985,0.0,0.0,8970696.817560017,1730608.5429006433
109,201.8081283145408,314.95883263350873,573.1175866991161,130.54713757808213,162023.25181895448,780760.3910376057,25957.5079596579,734865.9403603566,0.0,0.0,9843573.529800003,1703607.0911765746
109,216.3174014365929,312.73069241058704,754.6181851185224,132.5271023886702,173672.13649172735,775236.99098818,34177.990697396366,746011.4065069654,0.0,0.0,10716450.24204002,1729098.524684269
109,228.5695534609072,330.47396935291016,599.3876365018804,127.21374136747504,183508.8736407164,819221.3038837533,27147.324923369153,716101.8419178588,0.0,0.0,11589326.95320001,1745979.3443656976
109,206.46169465321398,342.6765972673522,567.6202266256543,124.52322272587067,165759.40435673474,849470.7446201949,25708.522810404564,700956.5806099493,0.0,0.0,12462203.667600028,1741895.2523972834
109,308.8077181903206,328.9184090610769,1371.9672148843924,131.1654707185345,247928.71875806386,815365.181318213,62138.81885192937,738346.6138790901,0.0,0.0,13335080.381999971,1863779.3328072964
109,304.96880047148716,315.7879353589298,592.273925037044,123.70590259716633,244846.61330737878,782815.6773196175,26825.13236418646,696355.7847893859,0.0,0.0,14207957.096399974,1750843.2077805684
109,311.64665400830614,371.4547151885618,649.8947273491023,136.08708443102054,250207.98083128617,920809.6380673746,29434.88029265538,766050.984545611,0.0,0.0,15080833.799999973,1966503.4837369272
109,248.10497486528757,397.5174342143891,687.2012267141052,125.14914820290389,199193.04121130108,985417.2521100207,31124.55755381127,704479.9923278079,0.0,17211.713323974982,15953710.51439998,1920214.843202941
109,303.8195952309045,369.9879003535313,921.3041992367006,136.45447873627828,243923.9647914757,917173.509133944,41727.49474098417,768119.0924078365,0.0,0.0,16826587.228799995,1970944.0610742406
109,297.99811582952265,425.20325867930495,1742.0701611977252,126.46672944271418,239250.14401484752,1054048.4283011612,78901.43510691576,711896.8196497799,0.0,7350.548129219678,17699463.943200003,2084096.8270727042
109,216.4515180131643,369.8502222749188,939.2684723215721,122.57167767590634,173779.81304589,916832.2150365663,42541.128404323186,689971.0928014567,0.0,0.0,18572340.6576,1823124.2492882363
109,313.4435916831134,426.5671450885805,722.9809781599922,135.40724393646127,251650.666454605,1057429.4050381302,32745.08570458809,762224.0785437039,0.0,0.0,19445217.361199997,2104049.235741027
109,305.6667750464455,375.95148730186827,848.2262771026262,115.46961590563362,245406.98771482304,931956.814110148,38417.66654953771,649992.7110603234,0.0,0.0,20318094.07560004,1865774.1794348322
109,323.65021027588944,380.9221051686409,876.7637614146071,112.28564583008064,259845.13091096166,944278.6198423776,39710.17962777579,632069.7507636949,0.0,0.0,21190970.790000007,1875903.6811448098
109,164.88914226965105,379.3248356026678,623.6511167798353,110.5118640254504,132382.55189863994,940319.1029731595,28246.26080853624,622084.9141902077,0.0,0.0,9449050.962960007,1723032.8298705434
109,157.33572023495705,334.423966583738,827.8483725744495,113.2499618192584,126318.22728177125,829013.0641489025,37494.71525425841,637498.0044147394,0.0,0.0,8576174.250720015,1630324.0110996715
109,175.86559733092608,347.19759325491503,792.0099659402783,120.11008449576224,141195.08565199055,860677.9699125123,35871.53050638511,676114.4811539643,0.0,0.0,7703297.538480015,1713859.0672248523
109,170.59926541027986,331.41238577892034,754.412827408235,117.58172882859292,136966.96942066043,821547.5710012733,34168.68968391663,661882.055231883,0.0,0.0,6830420.8262400115,1654565.2853377333
109,189.85048560947115,319.55771290499126,1604.9347996639563,120.04251032039019,152422.96380605095,792160.685892254,72690.3323224671,675734.0977855496,0.0,0.0,5957544.1140000075,1693008.0798063218
109,243.32775912518233,309.02735250831876,1170.3391161131071,121.40818312628377,195357.61577369855,766056.676576726,53006.72606641513,683421.6384650784,0.0,0.0,5084667.400679992,1697842.6568819182
109,247.33657218064678,318.0868049459334,546.3067805170305,127.14337634523461,198576.12303901682,788514.4103974795,24743.19918423779,715705.7485281721,0.0,1649.4699338437058,4211790.688439994,1727539.4811489063
109,175.77202029533393,302.40584249336484,744.1382327677119,127.94150844883218,141119.95658891046,749642.4274340435,33703.33514175414,720198.5325885749,0.0,0.0,3338913.9761999967,1644664.251753283
109,166.92938455915507,264.46287728839394,402.52000846921317,91.40120227543103,134020.57655604504,655584.5338901252,18230.842267359236,514508.6419074325,0.0,313509.2783218987,2466037.2639600015,1322344.594620962
109,130.9167807474321,192.10403122004845,245.24315518963454,58.377586696399675,105107.57277976151,476212.1363009782,11107.495740186774,328614.6363642715,0.0,707625.9823264935,1593160.551720003,921041.8411851979
109,76.6258534839565,97.75679145836098,106.32086205315423,26.047236999768266,61519.67246593234,242332.08539486869,4815.4596666937305,146623.1099871886,16828.095100604376,1171725.6111564415,720283.8395880001,455290.32751468336
109,112.49303338094329,153.29261474114261,197.2053946916875,46.61443305434323,90315.92150218342,380001.4142411391,8931.780704688766,262398.393533188,0.0,896542.3380220925,1232592.872759998,741647.5099811992
109,165.02446089538094,221.9205033643579,384.5232449394408,82.6388232526957,132491.1935274759,550125.0355078449,17415.737054373687,465184.12955276755,0.0,490474.4018627888,2105469.585000006,1165216.0956424621
109,201.5064101153356,247.2493911688226,673.2630635110304,133.07060624858653,161781.01497658115,612913.5345043881,30493.27351946394,749070.8567754021,0.0,124432.39784492285,2978346.2972400067,1554258.6797758355
109,219.03207973994373,233.01188717260322,1445.029074897055,158.71501625185576,175851.6374366334,577619.7816842456,65447.91956152206,893426.4039107608,0.0,6243.539998211083,3851223.0094800075,1712345.7425931618
109,247.80385537617082,236.67281496159208,1045.1231234267136,161.75277860881735,198951.28504805718,586694.959504127,47335.47255358249,910526.342924779,0.0,12630.249807809945,4724099.721720007,1743508.0600305458
109,261.3003963160655,226.24305770629252,1719.1847402647077,167.08741196532074,209787.08967918225,560840.3381715972,77864.91396393294,940555.6521132693,0.0,8211.012160466518,5596976.433960007,1789047.9939279817
109,256.69788604597164,210.99253403401946,963.5815376866576,170.55402693647832,206091.92790983833,523035.38211961894,43642.31008568244,960069.6553913825,0.0,6725.416378061083,6469853.146200007,1732839.2755065223
109,264.5626741008992,213.27205544910402,1603.6205387724908,174.45372994062683,212406.23519849285,528686.1524648691,72630.80712494566,982021.5646284246,0.0,12975.626142032212,7342729.859519989,1795744.7594167322
109,207.2510948480353,197.86982986512842,1800.6501473627031,179.17294824015184,166393.18054612647,490505.1382375678,81554.6261665584,1008586.6265500005,0.0,8533.56618875952,8215606.571759986,1747039.5715002532
109,261.1533665651472,202.04497476015123,724.4212656948308,183.0111499727392,209669.04568087123,500855.0234388182,32810.31887142406,1030192.3375432694,0.0,8811.799855910707,9088483.283999983,1773526.725534383
109,273.29013883507605,175.85218731966023,1017.354419819735,188.3983722402236,219413.14928156993,435924.97911077447,46077.77891158657,1060517.6761984914,0.0,697.1969177750871,9961359.996239997,1761933.5835024223
109,178.46189434093773,179.99688121699307,689.87845792026,189.77705997946208,143279.54323931958,446199.3784694305,31245.81408468107,1068278.4795432051,0.0,14928.10431527556,10834236.712799998,1689003.2153366362
109,175.7380835365191,191.77407703818838,794.8325388968187,196.13904148755705,141092.71019370676,475394.2035130658,35999.3698218877,1104090.8581999573,0.0,4376.091062398395,11707113.416400015,1756577.1417286177
109,173.1516970045008,184.5506764583271,655.2634278062878,198.62310952165856,139016.2093120118,457487.9107630026,29678.03822060006,1118073.9835726395,0.0,13049.514742549509,12579990.13080003,1744256.1418682542
109,198.17811048279682,180.5738092367271,937.9480043588644,199.35240954806028,159108.86329470607,447629.54171496246,42481.32207757989,1122179.3033800996,0.0,0.0,13452866.845200013,1771399.0304673482
109,175.44861828798904,133.8874466573043,902.4776948994987,195.61237124368643,140860.31072968556,331897.39221830614,40874.809101026636,1101126.1664326612,0.0,17472.87130746292,14325743.559600022,1614758.6784816794
109,250.83655028295738,168.41143828604132,1315.1098936233993,191.10489713637125,201386.10813806913,417479.89510876156,59563.65032901353,1075753.0386875896,0.0,0.0,15198620.27400004,1754182.6922634337
109,274.90016378050444,153.6364454206496,957.3111328773025,189.17597755783711,220705.7705419057,380853.74587298435,43358.312374695146,1064894.9124486197,0.0,12019.437269796967,16071496.977599975,1709812.741238205
109,295.35507059272356,160.11743906352433,1435.8836569762716,185.73897329651382,237128.15424393336,396919.6649920431,65033.707427777576,1045547.5915086318,0.0,10671.183553964715,16944373.691999983,1744629.1181723857
109,294.68019017820524,164.62960415847914,658.8109808193173,181.05379916620439,236586.32116583874,408104.99913398945,29838.713163596294,1019174.168414904,0.0,12502.226259889198,17817250.40639998,1693704.2018783286
109,324.12752328088493,101.69111377286269,726.184647738644,176.29384312722115,260228.34543185704,252084.98866496902,32890.18555934377,992379.788732935,0.0,9218.248882841319,18690127.120799977,1537583.308389105
109,127.6916554230886,175.640323292067,1120.8336280757767,173.6662588963318,102518.25540717605,435399.7833585316,50764.53505780036,977588.792985873,0.0,10897.360325031215,19563003.83520002,1566271.366809381
109,132.65368149704491,111.7766200345218,605.4564788711186,166.9244170260075,106502.0572828853,277086.2364370165,27422.193515367388,939638.1334945192,0.0,0.0,20435880.538799983,1350648.6207297884
109,137.35625720613746,125.18229300101603,1343.324243543356,162.61003838836433,110277.55738129784,310317.9397041588,60841.52807979409,915351.9639664745,0.0,0.0,21308757.253200028,1396788.9891317252
109,142.24582447720573,175.00234488394764,602.1472218823152,161.37748737194326,114203.18513406727,433818.2805721772,27272.311420277332,908413.782260402,0.0,0.0,22181633.967599977,1483707.559386924
109,146.50828757198715,180.20057661576803,1780.835008515271,159.37858140918658,117625.33733944505,446704.32477581064,80657.16352313061,897161.694031853,0.0,0.0,23054510.68200004,1542148.5196702392
109,151.6084080512664,188.4461830319125,612.0065687359049,150.23446514406874,121720.00940058882,467144.5925910725,27718.858656601184,845688.335652692,0.0,0.0,23927387.396399993,1462271.7963009547
109,156.293984421643,197.22620969587362,749.71460944181,147.16376865571283,125481.86144547383,488909.6499293805,33955.89909243944,828403.006350644,0.0,0.0,24800264.11080007,1476750.416817938
109,160.85019122051466,184.84051521644088,522.8552788286992,143.74295469934188,129139.84810675553,458206.4002882228,23681.03924381988,809146.8226343002,0.0,0.0,25673140.814400032,1420174.1102730986
109,165.71944857939252,249.13489080603202,528.9572366158814,137.7433291012256,133049.16988590173,617587.5530792597,23957.40769159783,775374.1900912639,0.0,0.0,26546017.52879996,1549968.3207480232
109,170.26602040912744,219.52883286169777,1523.9227698018344,135.51104524681043,136699.42103601375,544196.2556057969,69021.15437578151,762808.3889235064,0.0,0.0,27418894.243200053,1512725.2199410987
109,174.73803454448273,225.98860037238714,870.965737061888,140.61097770807004,140289.8129515528,560209.5566632294,39447.5768621674,791516.5378224147,0.0,0.0,28291770.957599986,1531463.4842993643
109,178.8416988538586,302.1259810917088,618.9710251273967,134.33950362157216,143584.47229620593,748948.6710609763,28034.29118984108,756213.6366058841,0.0,18816.793553163356,29164647.67200008,1676781.0711529073
109,182.9927759590108,237.09285210933248,615.8213720683696,129.2676613049191,146917.19737891268,587736.2015133699,27891.637838683702,727663.6105958733,0.0,0.0,30037524.37559994,1490208.6473268396
109,188.1510827477989,279.300584513783,626.034720295036,125.7665040406531,151058.58477881266,692366.1475331895,28354.21842256593,707955.1644890757,0.0,0.0,30910401.09000004,1579734.1152236438
109,192.51280982697972,286.22628074229374,627.9312698990409,127.42673325253696,154560.43185909573,709534.4525156751,28440.116504537873,717300.7995113299,0.0,0.0,31783277.80439995,1609835.8003906384
109,375.64814513045496,340.37437814816303,856.8615491419202,122.22519825701563,301592.0841351437,843763.7082919141,38808.77327509604,688020.7174144334,0.0,33986.659433846944,32143845.481199946,1872185.2831165872
109,187.08921859674433,295.8882150467404,388.1418295347119,130.60511975643408,150206.05874737512,733485.6957389358,17579.629143212616,735192.3291943765,0.0,0.0,31270968.766800024,1636463.7128239
109,180.3154825899763,253.04419773143223,2003.302826455277,131.0591032501331,144767.71122418164,627278.4449911977,90733.12400482688,737747.8582790771,0.0,0.0,30398092.06320005,1600527.1384992832
109,173.25208242977723,328.3912092363888,395.8254357202106,135.47764201748464,139096.80454459414,814058.2907070284,17927.633241058713,762620.3580253576,0.0,0.0,29525215.348799948,1733703.0865180388
109,163.68873309878185,304.33913672528234,636.1968707852966,128.25257474906866,131418.79390235952,754434.9253864952,28814.480170521445,721949.5631625005,0.0,0.0,28652338.634400032,1636617.7626218768
109,152.99027867694204,258.68255551884465,469.7672103372729,135.03962518421818,122829.45516095034,641255.5301680168,21276.586837524203,760154.7072417124,0.0,0.0,27779461.919999942,1545516.2794082037
109,141.5382136682164,275.76236686110036,402.91660586686436,123.36190342969779,113635.07419992294,683595.1593536037,18248.80486411988,694419.3710435559,0.0,0.0,26906585.205600005,1509898.4094612026
109,360.71087628359874,356.9317414499884,362.0879361153377,134.48963516442757,289599.57970990334,884808.226199203,16399.60228396264,757058.7455792784,0.0,0.0,26033708.501999978,1947866.1537723476
109,142.83873642331824,288.2988352274055,348.89430801920753,122.34547593908084,114679.20917905383,714672.1666629888,15802.039559889643,688697.7753229789,0.0,0.0,25160831.787600033,1533851.1907249112
109,306.4698946032587,320.27623523714834,582.5550690784486,135.84680911611449,246051.77860248968,793941.8512983279,26384.948208685302,764698.445160148,0.0,0.0,24287955.07319997,1831077.0232696508
109,147.00082330204825,323.54216962274916,565.9523982186374,139.811437831136,118020.77354554842,802037.868757765,25632.9839154985,787015.8292322528,0.0,0.0,23415078.358800013,1732707.4554510647
109,287.24193438923805,397.0211981101909,320.6481105983181,129.99206158836424,230614.45868014527,984187.1183445341,14522.719379530683,731741.3491458496,0.0,27892.861676470842,22542201.64439995,1961065.6455500596
109,334.4147310185718,329.4352415238541,607.9589030551102,127.67734318177244,268487.51152054546,816646.3719816556,27535.53272739283,718711.5137156235,0.0,0.0,21669324.940799996,1831380.9299452174
109,239.54717754799336,359.7840453359758,594.6110582769892,126.51613407115023,192322.34595568472,891878.8832713066,26930.985257356366,712174.9243972861,0.0,0.0,20796448.22640003,1823307.138881634
109,269.985483060202,339.91897274493834,576.0114580551199,107.56333940831452,216759.98025780864,842634.7909101428,26088.576505626515,605487.3054211051,0.0,0.0,19923571.512000002,1690970.653094683
109,172.02343266030385,371.18354397177063,410.8119445978796,111.91778858678981,138110.3733603833,920137.4240402596,18606.3987029949,629999.0369661779,0.0,0.0,19050694.79760002,1706853.2330698157
109,159.9406933144193,363.4000171737366,934.0200530610883,106.08618412129044,128409.65052007347,900842.618507512,42303.418224263485,597172.2161039766,0.0,0.0,18177818.083199997,1668727.9033558257
109,275.03673708739876,376.7473828870605,438.37691777940574,107.80832085844507,220815.41950143717,933929.7822695863,19854.865034115996,606866.3362222466,0.0,0.0,17304941.368800003,1781466.403027386
109,151.70923203043685,398.3391813966722,400.9811487953739,103.4886211200606,121800.95672963328,987454.3045273441,18161.14459421236,582550.2135617736,0.0,0.0,16432064.665199976,1709966.6194129633
109,188.90363448546483,419.5268766563594,844.2713829516994,110.17804679900165,151662.7768929608,1039977.0837674746,38238.5424068054,620205.8158463163,0.0,0.0,15559187.950799964,1850084.218913557
109,234.92256382142241,399.78958317700096,1124.0720088123164,109.33564799883077,188609.43825150278,991049.7466735526,50911.207042216825,615463.8490906243,0.0,0.0,14686311.23639998,1846034.2410578965
109,190.0485773003557,447.5859196655602,1118.3047000345277,113.55809037569672,152582.00328668777,1109533.4420026997,50649.99543925855,639232.4980664558,0.0,2687.089315644698,13813434.521999976,1951997.9387951018
109,220.1864380035874,389.3211701090714,733.8900053870985,102.68276622937725,176778.42309785375,965099.300349761,33239.17481937284,578013.9569802625,0.0,0.0,12940557.807599967,1753130.8552472503
109,213.05841963090907,376.9049140857194,993.7684847717262,116.89478898299423,171055.6371753435,934320.2908298231,45009.53024682158,658015.1861072731,0.0,0.0,12067681.104000013,1808400.6443592613
109,259.58956068482837,402.890840723786,526.2110410094285,102.23454426634409,208413.53176248263,998737.542042523,23833.027641207398,575490.8602623623,0.0,0.0,11194804.389599998,1806474.9617085755
109,262.2894224787376,388.82338460033594,663.0720960781865,108.77890663073134,210581.13715560696,963865.3257213837,30031.706601271395,612329.883255784,0.0,0.0,10321927.675200019,1816808.0527340462
109,220.68694801686146,302.10587576429185,1208.33996752542,135.8987276411842,177180.26152029933,748898.831394107,54727.85175842211,764990.700941893,0.0,0.0,24180088.528799962,1745797.6456147213
109,213.58925923754146,265.4495438049378,1165.1420301824464,145.36149784570986,171481.8259516787,658030.4095267575,52771.34086354755,818257.8016518073,0.0,0.0,23307211.81440002,1700541.377993791
109,174.1619783912786,334.0208205831857,1633.2859295817682,147.94952916901707,139827.32171320694,828013.6940839179,73974.40508098334,832826.1492032553,0.0,0.0,22434335.099999957,1874641.5700813634
109,199.1241319807476,318.4176727794676,1145.7342139566686,134.00137461214075,159868.38413595644,789334.608062463,51892.32658122246,754310.2667037266,0.0,0.0,21561458.396400005,1755405.5854833685
109,142.17415252754952,332.6469265356663,712.4540675435467,150.75062355306704,114145.64274246743,824607.9091284166,32268.30332613973,848593.8550048615,0.0,0.0,20688581.682000037,1819615.710201885
109,168.1238634485088,341.52039369774684,748.5343785214807,135.14697173274388,134979.57337891107,846604.5987700337,33902.44434908541,760758.9742045143,0.0,0.0,19815704.96759999,1776245.5907025444
109,366.10422657945304,299.42171466020295,537.9565107827688,141.22244494030906,293929.67364829534,742244.9882371668,24365.000716553735,794958.5622969086,0.0,0.0,18942828.253200028,1855498.2248989244
109,279.50363139002644,321.46714790062174,1421.281418696156,137.37484359625532,224401.70091878064,796894.0385065752,64372.34626004932,773299.9397312573,0.0,0.0,18069951.538800005,1858968.0254166625
109,287.8267571220941,319.19123826392047,1367.9846646721608,147.6719499007956,231083.98823629523,791252.2215012879,61958.44211732392,831263.6212631532,0.0,0.0,17197074.835199997,1915558.27311806
109,146.60468623787207,359.1747055664533,520.5835656185601,146.54288328256433,117702.73177072058,890368.3736191428,23578.149339369604,824907.9659992472,0.0,0.0,16324198.120799985,1856557.2207284803
109,140.25542675617436,352.6120576511646,975.3489893900618,148.72872278896685,112605.17858265669,874100.0394062549,44175.27876147421,837212.3262031509,0.0,0.0,15451321.40639997,1868092.8229535366
109,133.4879728453678,350.07749711334094,531.3403279493353,152.34195470423705,107171.87468988792,867817.0453397817,24065.3421080114,857551.6543448112,0.0,0.0,14578444.691999987,1856605.9164824921
109,234.05689494285676,394.8600808322045,443.4787428659061,153.13378895782355,187914.42914619524,978829.8633759072,20085.935705065654,862008.9870306647,0.0,4263.798780696234,13705567.977599977,2048839.2152578328
109,240.60512684225415,350.10237371359966,1192.1438896733175,151.1115114176204,193171.7289133847,867878.7126503418,53994.3027808335,850625.3373097952,0.0,0.0,12832691.263199976,1965670.0816543552
109,231.67995138118337,360.6958984963429,509.40766186560757,158.4806272783335,186006.08120962355,894139.3019555653,23071.97291527055,892106.9994670247,0.0,0.0,11959814.559600012,1995324.355547484
109,211.423543595273,359.45829696762905,446.5257482008702,158.36903492117708,169743.0640206994,891071.376393904,20223.939959464806,891478.832323722,0.0,0.0,11086937.845200004,1972517.21269779
109,222.73527187035438,369.5140642253502,526.5205362656877,163.40433947591208,178824.77452526605,915998.9033048804,23847.045228111503,919823.1827649787,0.0,0.0,10214061.130800026,2038493.9058232368
109,236.82930140397067,405.02771093683924,990.1273788552264,169.07152685772573,190140.27759910512,1004034.690273579,44844.61812755849,951724.4795823365,0.0,693.2854930144968,9341184.418560013,2190744.065582579
109,186.48621042932518,402.4315625371735,961.5161896544133,170.12561723202631,149721.92887126646,997599.0243080738,43548.76682469961,957658.0843208692,0.0,0.0,8468307.706320023,2148527.804324909
109,225.4679490646774,416.1421725972993,424.61649501540745,176.054495470658,181018.72602213355,1031586.644792952,19231.63117824714,991032.4712507104,0.0,4303.347874774248,7595430.994080021,2222869.473244043
109,242.66361376170534,396.447695245748,372.6351043743663,176.79414124625583,194824.4014162307,982765.445813684,16877.302166830337,995196.0285565393,0.0,0.0,6722554.281840018,2189663.1779532842
109,192.6154036576509,376.2989746770056,774.5211383615494,182.2505531946878,154642.80012741443,932818.210428595,35079.430609931806,1025910.8444603323,0.0,0.0,5849677.569600014,2148451.2856262736
109,182.68735586264913,381.95317847800607,642.7677126963115,184.61227555777114,146671.9884391308,946834.5767383225,29112.085208589084,1039205.2709595673,0.0,30532.229242263595,4976800.857360007,2161823.9213456092
109,182.41606881202713,356.21848957656874,315.1602409473031,188.76519097221973,146454.18348506253,883040.1258829073,14274.164068275555,1062582.5440878305,0.0,27469.932596713537,4103924.1451200005,2106351.0175240757
109,177.87656847823374,291.744788267772,279.0642638239145,141.88662054961543,142809.60974139217,723214.4374759634,12639.313497926732,798697.2887274701,0.0,488101.4975730791,3231047.4328800007,1677360.6494427524
109,165.63625395650186,214.74152822437827,248.3648170730719,103.05949429663579,132982.37642496845,532328.8702418214,11248.88132155304,580134.6057401061,0.0,905324.9257873085,2358170.7206400014,1256694.7337284489
109,132.3083505290949,139.4315350585541,190.42968122196876,62.75554244856741,106224.80558421317,345640.7903377158,8624.896671805438,353258.6893121848,0.0,1329574.8944114563,1485294.0084000018,813749.1819059192
109,76.24811633015534,62.630703501825565,98.58571971490248,26.192406180865003,61216.403204664966,155257.02882556088,4465.12140544671,147440.28521413825,0.0,1722605.5267843157,612417.2956199994,368378.83864981076
109,127.04504472067902,127.24459241873605,189.75498421022283,55.76545633137868,101999.11889101923,315430.23227380175,8594.33845223723,313910.6323344101,0.0,1317929.331837181,1340459.4171600023,739934.3219514682
109,165.34840462839082,195.49917183475526,261.67102384649496,90.87087856485668,132751.27431543518,484628.4467495588,11851.54293279987,511523.3843254076,0.0,881820.5394906752,2213336.1294000023,1140754.6483232016
109,183.8147522442942,262.3340598306588,306.2719407346522,135.9921262729244,147577.12754016023,650307.347862823,13871.597249751383,765516.4533606397,0.0,408728.21080169,3086212.8416400026,1577272.5260133743
109,193.9906128516048,294.355028274375,664.3427773815879,182.25575733384804,155746.89770463615,729685.0355259276,30089.258002262595,1025940.1392015937,0.0,10442.119317951147,3959089.553880002,1941461.3304344201
109,195.58640826797327,304.042572490085,371.1870371984253,176.7680049492263,157028.09467503178,753699.7638852145,16811.716646305485,995048.9041166591,0.0,16727.83674126549,4831966.266120001,1922588.4793232107
109,199.00603916646992,287.32395220616337,453.798338192399,174.12225717741836,159773.5723860754,712255.5014673612,20553.328407793026,980155.6635573013,0.0,11216.939928136067,5704842.97836,1872738.065818531
109,198.98546513301125,271.04690611490525,821.5110817699843,167.69266312175668,159757.05436060316,671905.8698507886,37207.68815839312,943962.6855303172,0.0,0.0,6577719.6906,1812833.297900102
109,196.75221675697185,256.11432089716874,400.80256250843655,162.20584988637415,157964.07324023254,634889.0604591668,18153.056105790012,913076.7370322937,0.0,0.0,7450596.40284,1724082.926837483
109,213.04656920438228,281.879804883076,499.0032276774328,159.32054296627373,171046.12296668725,698759.850123663,22600.737710622976,896834.9884776796,0.0,13423.77779110556,8323473.115079999,1789241.6992786527
109,222.05713481340786,241.44410349172438,583.4258296133173,159.26315571478608,178280.32682604276,598522.6420853426,26424.386491577636,896511.9485603627,0.0,1817.9987529274076,9196349.827320008,1699739.3039633255
109,240.20590382688485,242.29045179716024,521.864455283162,150.37066032858363,192851.2095582362,600620.678925208,23636.16309507346,846454.9951459437,0.0,0.0,10069226.53956,1663563.0467244615
109,221.0955130446419,223.73661947015384,470.7936576490171,149.75042977682864,177508.28118399353,554627.0572770863,21323.076449574368,842963.6408649428,0.0,8377.763935348717,10942103.25719999,1596422.055775597
109,270.02725791742523,256.2694724182803,833.2566571082189,145.78513679494347,216793.51953230723,635273.6699691789,37739.66601496001,820642.5175527256,0.0,14538.412832244881,11814979.960800016,1710449.3730691718
109,259.82313193262246,210.67224547420003,476.40108108335124,141.6429410142969,208601.0562859747,522241.40971656376,21577.04656287734,797325.586565396,0.0,7837.374345202465,12687856.67520002,1549745.0991308119
109,278.82189606827103,220.01052451781598,506.44130056626085,135.37557504173114,223854.3643241986,545390.334726061,22937.621171708655,762045.8104289235,0.0,0.0,13560733.389600007,1554228.1306508917
109,275.11151279203267,213.88558938560897,1188.2982046368086,133.45659541871962,220875.45376726694,530207.0591566266,53820.12491181982,751243.6374256796,0.0,0.0,14433610.104000023,1556146.2752613928
109,147.2529642094576,200.31762775258198,928.9224841084757,129.70909614050285,118223.20686712091,496573.0539070836,42072.5403211364,730148.5017361715,0.0,8356.631890975172,15306486.818400033,1387017.3028315124
109,176.17568937992064,236.47933294288015,782.3166363585808,124.37413300345625,141444.04550589193,586215.3314355151,35432.502485588055,700117.3361723253,0.0,0.0,16179363.521999966,1463209.2155993204
109,187.55671352623446,229.6888167574365,624.1634827928509,120.51517002368016,150581.39074870464,569382.1280991813,28269.466770401257,678394.7575577401,0.0,7346.564510723809,17052240.236399975,1426627.7431760272
109,207.90195817316828,226.6453643849477,969.4080349165072,117.89215834806467,166915.7313140687,561837.6276177051,43906.20243819569,663629.5012883373,0.0,0.0,17925116.950799976,1436289.0626583067
109,228.69783479258228,208.43271811049712,1363.5903413881265,108.92148709348847,183611.86532236595,516689.78176060575,61759.41545286647,613132.4862678827,0.0,0.0,18797993.665199976,1375193.5488037209
109,137.170684606199,180.91135874055072,976.7146420991602,108.5213298718048,110128.56895183446,448466.30276210076,44237.13158520401,610879.951907804,0.0,0.0,19670870.379600015,1213711.9552069432
109,262.70052426351964,137.06476857278616,992.466437906179,106.44073372186223,210911.19347472183,339773.74571009906,44950.55824411102,599168.0195391361,0.0,0.0,20543747.083199974,1194803.516968068
109,347.4090037757373,143.7650570261025,1438.886076627233,105.78003316391212,278920.0661689734,356383.28095994325,65169.692317784065,595448.854601305,0.0,0.0,21416623.797600023,1295921.8940480058
109,263.70476022444376,202.06151877054972,693.3686709177175,106.37013624913759,211717.45225796005,500896.0348558344,31403.89199707633,598770.6176570011,0.0,0.0,22289500.511999987,1342787.996767872
109,263.7951383091571,146.2248057624362,873.4740072794082,98.62954766796634,211790.01301802814,362480.82192799996,39561.180851378835,555197.8897353123,0.0,0.0,23162377.226400033,1169029.905532719
109,259.78750862560645,105.93891525526108,1430.4314468038624,97.08466821350322,208572.45583220958,262614.9843431872,64786.76719730382,546501.5727259225,0.0,0.0,24035253.940799985,1082475.7800986231
109,259.32131542033216,134.2204022771045,666.8380578721852,94.1596527341471,208198.16893046143,332722.76535593095,30202.27366379431,530036.2997932242,0.0,0.0,24908130.644399945,1101159.5077434108
109,296.57076021631417,149.17613008172876,1575.1339737793778,88.66687464531223,238104.1802725268,369796.9435631438,71340.60027261215,499116.7743993554,0.0,0.0,25781007.358800024,1178358.498507638
109,236.1426775921887,123.92280577922065,3080.5128153278397,94.32731470992609,189589.0162416446,307195.7610766425,139521.867378466,530980.0897359168,0.0,0.0,26653884.07319997,1167286.7344326698
109,235.5668485627571,167.40870095998304,1697.7307226395653,100.99084387277887,189126.7073514157,414994.18108621734,76893.2236054522,568489.9173370744,0.0,0.0,27526760.787600044,1249504.0293801597
109,236.07972949082358,130.564285221431,1040.527309431119,110.94495240046056,189538.4778606379,323659.5129994285,47127.320018849015,624522.8220744049,0.0,0.0,28399637.501999978,1184848.1329533202
109,238.60263132122884,195.24561998718158,3524.982716701144,114.72052383974587,191564.00954757343,483999.9098769629,159652.6944032925,645775.9794212568,0.0,0.0,29272514.21640008,1480992.5932490856
109,239.83792677449608,175.97783874823094,1877.8429477459686,115.3404957717835,192555.77627157563,436236.46000395983,85050.82446317226,649265.8778999681,0.0,0.0,30145390.919999935,1363108.9386386757
109,218.12534795030865,145.0123307535527,754.5232299576122,95.95809749670325,175123.66064842735,359475.1832096194,34173.69001041286,540159.9671990415,0.0,0.0,31018267.634400032,1108932.501067501
109,216.44793555184236,160.47812062142177,1354.0394499413278,111.64620247443122,173776.93683848577,397813.768744681,61326.83870682733,628470.2452396811,0.0,0.0,31891144.34879994,1261387.7895296752
109,209.07014755309294,212.40889828994295,5265.443586867907,108.78546034574154,167853.62139637873,526546.4476803467,238481.24187647464,612366.7749259744,0.0,0.0,32035978.93679995,1545248.0858791745
109,196.30965523293258,286.10477524967587,1932.5435586751396,105.31828356515352,157608.7592206553,709233.249100815,87528.31176515859,592849.6091532782,0.0,0.0,31163102.222400032,1547219.929239907
109,187.40101826406797,259.8796445990072,1334.5236716203187,101.9399607233198,150456.3895761567,644223.0282709263,60442.93463048555,573832.6131619251,0.0,0.0,30290225.518800054,1428954.965639494
109,154.44149231450467,192.50742829599633,646.7173376597501,105.5160700531603,123994.57350680525,477212.1287638884,29290.970700511607,593962.9736911467,0.0,0.0,29417348.804399956,1224460.646662352
109,214.40643502310488,219.97697096718446,992.9532661794117,114.11625382015247,172137.90199376128,545307.1578769067,44972.60755662681,642374.4689445182,0.0,0.0,28544472.09000004,1404792.136371813
109,131.02444323467333,288.9147572056509,742.5617727394576,124.8421219604983,105194.010459093,716198.9931392068,33631.93448213178,702751.7037377518,0.0,0.0,27671595.375599947,1557776.6418181835
109,120.1701284076525,264.82460690904395,984.4844715852411,120.74728719188747,96479.53795876064,656481.235715272,44589.040888653835,679701.373729132,0.0,0.0,26798718.661200013,1477251.1882918184
109,111.0219925442594,220.3291593568494,970.4495456928671,135.99291032927914,89134.88473271043,546180.2076737151,43953.37430116912,765520.8669105737,0.0,0.0,25925841.957599986,1444789.3336181683
109,169.88681969726238,315.2831499517691,1247.4228144548877,124.01360561240139,136394.9767455802,781564.3504443255,56497.982938832654,698087.8830171787,0.0,0.0,25052965.24320004,1672545.193145917
109,122.96880713650286,340.0822927788534,623.0766367050405,169.4485104119163,98726.47930959721,843039.6495784252,28220.241591083784,953846.5665096345,0.0,132380.1743838715,4049096.4201600063,1923832.9369887407
109,118.10487605611675,352.16900203728267,710.9873658448782,180.9905656916839,94821.43377526104,873001.7362678623,32201.873815161176,1018818.2193870064,0.0,4934.587373682065,4921973.133480012,2018843.2632452908
109,138.65285941740768,362.7630518969759,1109.5444940644682,169.18875634166145,111318.54472080785,899263.6272012426,50253.230235270064,952384.3788076171,0.0,0.0,5794849.845720014,2013219.7809649375
109,124.97438616143121,381.5101546246235,689.0098553980936,165.83473210939738,100336.67429090296,945736.3523319334,31206.47354199633,933504.1626867546,0.0,0.0,6667726.557960015,2010783.6628515874
109,134.39932677753282,376.580084832306,1032.3074001547452,167.88218354789873,107903.56240177838,933515.0623725199,46755.02580659489,945029.519386334,0.0,10569.06109163491,7540603.270200014,2033203.1699672271
109,184.3807203458372,381.93333093454964,1466.473910468267,156.41990950580532,148031.5195064485,946785.3760994308,66419.19404855945,880506.9649368117,0.0,0.0,8413479.982440013,2041743.0545912506
109,151.0789015460271,366.06048151717033,602.3190918176638,156.53210586626844,121294.89091524991,907437.7190917777,27280.09571327126,881138.5320892315,0.0,0.0,9286356.694680015,1937151.2378095305
109,162.56833825989793,412.80577983606037,761.5844691718017,145.5222491239068,130519.27604530765,1023315.9660660243,34493.50600866733,819162.6904253789,0.0,6938.921051452286,10159233.406919997,2007491.4385453784
109,120.56011775111735,372.4356175640589,1128.800514165862,141.8814425942588,96792.64398739606,923241.2248111378,51125.3694029618,798668.1413780692,0.0,0.0,11032110.122399995,1869827.3795795646
109,189.94750343596144,349.1662446195623,2797.8604663761794,143.83579971670738,152500.85533531514,865558.1156649804,126720.04316646431,809669.4586894435,0.0,0.0,11904986.836800007,1954448.4728562033
109,150.3074628787355,333.0550910502902,827.8741851417251,142.31819334553578,120675.53528028433,825619.7197303951,37495.88435103028,801126.6652300247,0.0,0.0,12777863.540400026,1784917.8045917344
109,211.97967805172325,385.513533583912,2865.581380890508,129.71924320862706,170189.56096725547,955660.4420791256,129787.24301923008,730205.6208342791,0.0,34073.978921548114,13650740.254800012,1985842.8668998901
109,123.63775229498881,375.03338346237814,762.5931934151193,128.8816636468745,99263.54722044722,929680.9004399715,34539.19291163924,725490.782166095,0.0,37817.73866354104,14523616.96920002,1788974.422738153
109,245.27775660412095,327.5435156476851,912.0881178864979,123.08892684470166,196923.18667123924,811956.9190062813,41310.08213568868,692882.7521750682,0.0,0.0,15396493.683600036,1743072.9399882774
109,267.6240768374949,326.95401822623165,3168.6100755016378,130.17874267054304,214864.10659670323,810495.597114016,143511.94792259345,732792.1999844655,0.0,0.0,16269370.397999955,1901663.8516177782
109,210.38586392092563,330.43066245496675,935.8754551610783,125.88359477690923,168909.9546876494,819113.9491850766,42387.45266308824,708614.2826865534,0.0,0.0,17142247.10159998,1739025.6392223677
109,121.04483061211,321.7942066400673,870.754921749029,124.55074969572915,97181.79954120058,797704.7937000924,39438.0286642259,701111.5333187226,0.0,0.0,18015123.815999966,1635436.1552242415
109,136.11007744528212,313.87923977568107,1361.1524204623533,119.20080230810154,109277.05210486987,778084.1576556395,61648.9977073559,670996.0195600551,0.0,0.0,18888000.530400004,1620006.2270279203
109,150.8574515853787,286.28817767195005,574.5702941796183,118.72035871525354,121117.09806300409,709687.8905716852,26023.3036477738,668291.5433134029,0.0,0.0,19760877.24479999,1525119.835595866
109,161.79361855523643,309.05099865682115,516.6918210909944,121.92446466858294,129897.28620354155,766115.2936854982,23401.88535463818,686327.8509497868,0.0,0.0,20633753.95920004,1605742.3161934647
109,171.67985723501886,347.9448415118708,696.3722583432758,123.55684027894618,137834.53111302352,862530.3448290202,31539.92977765728,695516.6946133517,0.0,5760.20962423156,21506630.662799984,1727421.5003330526
109,182.0052895277381,335.9142054556205,1515.6171551405905,122.41374502818381,146124.38608801897,832707.25959223,68644.97841524119,689082.0704465023,0.0,0.0,22379507.377200022,1736558.6945419926
109,193.48787359911043,243.7876110401936,657.2307627534813,118.4055070654583,155343.2695198526,604332.0294730318,29767.142295812984,666519.2045398897,0.0,0.0,23252384.091599982,1455961.645828587
109,192.32973259047915,250.49192226381788,553.2138204761357,111.16528209613995,154413.44685190308,620951.5368823877,25056.031225824176,625763.0851089575,0.0,0.0,24125260.80600005,1426184.1000690726
109,199.79576086061905,252.51093538274458,1654.0279992678836,121.8951119265633,160407.60669374504,625956.5258171719,74913.85005959256,686162.6207443102,0.0,0.0,24998137.52039993,1547440.6033148197
109,204.77665247386017,232.79487671529,608.3296834886805,124.26276290446785,164406.5549168674,577081.8283012767,27552.32602824252,699490.4201476658,0.0,0.0,25871014.22399996,1468531.1293940523
109,207.50188393608212,286.8471483922308,615.9471933923713,123.078536983681,166594.5285488329,711073.5389578436,27897.336508721175,692824.2663657981,0.0,0.0,26743890.93840003,1598389.6703811958
109,242.07282993819464,233.3966289814637,612.7019560936117,118.13474519187932,194350.08595130531,578573.5290760006,27750.353978489104,664995.0525551529,0.0,0.0,27616767.65279997,1465669.0215609479
109,202.6642285671839,271.61784509339935,1813.439297549606,123.01882073239653,162710.57867726652,673321.1866919784,82133.86937157992,692488.1162213439,0.0,0.0,28489644.367200065,1610653.7509621687
109,204.2464031617646,269.30086017208515,625.3326491476101,122.79726342766568,163980.84006316942,667577.5469976488,28322.42038003418,691240.9428240155,0.0,0.0,29362521.081599995,1551121.750264868
109,199.08325884588265,197.0908629666038,417.3294351848251,129.13987883061094,159835.56881638453,488574.135080069,18901.587365346055,726944.3072860794,0.0,0.0,30235397.785200022,1394255.5985478791
109,200.15295835066604,215.7902068325316,458.7319198931152,120.95552790313593,160694.38552352923,534928.4694126988,20776.779038585126,680873.5863791519,0.0,0.0,31108274.499599945,1397273.2203539652
109,201.1366641779978,189.17256983907936,599.0972468123226,116.4474202320608,161484.16152665002,468945.25346749905,27134.17266133247,655496.8922255256,0.0,0.0,31981151.21400004,1313060.479881007
109,195.82792387611394,183.55399648089872,559.2831409787419,131.76414641559526,157221.99739105615,455017.2124739287,25330.92147332731,741716.6332242351,0.0,0.0,31945972.071600042,1379286.7645625472
109,185.21034682936667,185.4821559722208,514.6823255226561,113.16774484261444,148697.59168985958,459796.981772157,23310.871750413502,637035.1949117818,0.0,0.0,31073095.357199933,1268840.640124212
109,323.81458938584376,171.48305934008403,341.2593710657691,119.28509674932558,259977.10397938237,425094.2237345738,15456.239777541645,671470.5233673883,0.0,0.0,30200218.642800067,1371998.090858886
109,157.20988888189717,172.572540729984,396.10115426474437,124.64971449429588,126217.20258482858,427794.9700794027,17940.12102101951,701668.6183771201,0.0,0.0,29327341.939200036,1273620.912062371
109,145.92369667115915,153.99219944882844,353.06761380238623,114.16438227466396,117155.99391147224,381735.63463232364,15991.055951288254,642645.3899515877,0.0,0.0,28454465.224799953,1157528.0744466719
109,396.8418299759145,153.13089529329895,378.6653495631901,114.22713996668661,318607.601623792,379600.52331110527,17150.422624342595,642998.6607411174,0.0,0.0,27581588.510400023,1358357.2083003572
109,374.59724127733125,154.03915205877627,591.326974564871,121.72524507984993,300748.3576655796,381852.0267899799,26782.243304437994,685206.419311158,0.0,0.0,26708711.795999933,1394589.0470711556
109,464.89468097823567,135.9257086758824,540.085445002755,120.5409263630741,373244.37124766654,336950.0977968599,24461.423908309487,678539.743169222,0.0,0.0,25835835.0816,1413195.636122058
109,310.2891602298986,127.90254199137989,493.51352286251046,119.56999556531142,249118.1062155384,317061.2421468228,22352.09928155252,673074.2539447191,0.0,0.0,24962958.377999973,1261605.7015886328
109,398.05117562958065,174.68804920992298,477.47452326534955,123.84182602010151,319578.53434596024,433039.1641038403,21625.664655621513,697120.9145031838,0.0,0.0,24090081.66360003,1471364.2776086058
109,255.64644125924568,140.7860683628592,439.95897981906427,124.09698196132953,205247.76714745365,348998.5813972646,19926.519418731255,698557.218769732,0.0,0.0,23217204.94919996,1272730.0867331815
109,214.11706606214528,138.40689106260433,479.11078686987753,122.06160990350227,171905.5798349775,343100.771249307,21699.77392486111,687099.8583939535,0.0,0.0,22344328.2348,1223805.9834030992
109,211.26548483469432,183.34500552298374,1208.5610393508991,118.5536595943564,169616.1652947595,454499.1388556698,54737.86449193912,667353.173399608,0.0,0.0,21471451.520400017,1346206.3420419763
109,190.49919305365862,154.3783985620116,445.22694076009753,125.96131141257217,152943.78370792625,382692.9945771331,20165.114676024987,709051.7592150137,0.0,0.0,20598574.816799995,1264853.652176098
109,327.38012792043423,196.7411136080635,662.1171060189986,128.89036137448926,262839.7247899759,487707.1314667529,29988.453414424454,725539.7427476994,0.0,0.0,19725698.10240004,1506075.0524188527
109,380.3081132017576,217.15334169211027,1435.6342237528647,129.25786732222966,305333.37635459367,538307.5831117899,65022.410156445745,727608.4790592309,0.0,0.0,18852821.388000004,1636271.8486820601
109,394.6521647677373,163.62399741331598,1049.4070698436865,128.43918355888056,316849.6115944175,405612.1720269712,47529.50005474117,723000.0071710483,0.0,0.0,17979944.673600014,1492991.290847178
109,275.41418337064823,170.90514342366464,491.1807727674743,136.73597189561437,221118.45523498178,423661.6115639048,22246.444908758716,769703.6521237995,0.0,0.0,17107067.959199995,1436730.163831445
109,356.93400786828715,240.53663477940688,578.8362606230652,140.33159224763344,286567.2910332683,596273.0921338166,26216.516804168423,789943.8426035406,0.0,0.0,16234191.25559998,1699000.742574794
109,226.6861111555726,230.4573665457001,556.9814271565696,142.87164501327726,181996.73709065598,571287.3079863407,25226.672788159565,804242.1129357669,0.0,0.0,15361314.541199965,1582752.830800923
109,317.0330660306134,247.745666540756,573.886387778068,146.91714599769148,254532.50432188957,614143.7656117784,25992.328318672226,827014.736987843,0.0,0.0,14488437.826799981,1721683.3352401832
109,248.22498235610917,223.67225196447023,1216.326096999623,150.22926426980686,199289.39017438766,554467.4948400293,55089.55767044522,845659.0592899463,0.0,0.0,13615561.112399979,1654505.5019748085
109,227.36229802906695,261.92718060142363,885.940052454494,155.17840796564076,182539.61906967164,649298.7233912802,40125.79005962431,873518.3996285439,0.0,16072.888614512864,12742684.39799997,1745482.53214912
109,358.8912504625133,224.87418201619656,766.6552801189396,163.55641184973172,288138.6787289157,557446.9933647703,34723.17199445631,920679.2169152715,0.0,1851.3906836151145,11869807.68360002,1800988.0610034137
109,199.34627115883114,265.3952495986982,736.8637075774833,162.86056327569358,160046.73033187076,657895.8180776458,33373.85904485812,916762.1994593882,0.0,19759.564363103942,10996930.979999999,1768078.6069137629
109,240.39501150816645,278.5849315322412,1125.2381715117374,168.0201951600676,193003.03615571314,690592.0950418089,50964.02461099328,945806.4037749056,0.0,13077.453695695032,10124054.264519988,1880365.5595834209
109,193.4417176028548,236.00654637372315,673.6182848253177,174.88652572435055,155306.21281323358,585043.3273881103,30509.362120314872,984457.8254801794,0.0,11662.943988975952,9251177.552279998,1755316.7278018382
109,183.49038496847155,263.3230898278558,1065.983646690418,173.5550039234819,147316.70670750414,652759.0823987393,48280.282503978444,976962.5250204477,0.0,0.0,8378300.840039989,1825318.5966306697
109,175.2055432828427,259.1814390141135,925.5298712307076,177.75504658817727,140665.1560394427,642492.2266263807,41918.882890580295,1000605.0832534761,0.0,0.0,7505424.12779999,1825681.3488098797
109,187.91501437941395,293.56774683079504,605.3703396893187,185.02988143964808,150869.0554223057,727733.421206664,27418.292119651916,1041556.0259801587,0.0,23706.355959096574,6632547.414480003,1947576.7947287802
109,164.39004152243174,265.6129323296577,924.0149627192624,191.41952205554858,131981.8449165916,658435.4379788405,41850.27000788989,1077524.1011664874,0.0,22584.837731827865,5759670.70224,1909791.6540698095
109,160.62074302025775,291.6107764763631,2005.9360522559132,189.8296781316963,128955.63380458586,722882.2318420106,90852.38745314168,1068574.673612558,0.0,56445.59659205575,4886793.989999996,2011264.9267122962
109,140.97031449598475,292.2290938706826,626.6904581659086,193.0153740366027,113179.1318582604,724414.996383134,28383.917949151146,1086507.3488154972,0.0,67205.04294053279,4013917.2777599916,1952485.395006043
109,133.6354112174591,237.22252898983467,507.8513404376712,168.31784458551587,107290.24675293927,588057.6612136199,23001.484368433037,947481.9091056826,0.0,378800.7581498477,3141040.565519995,1665831.3014406748
109,123.12443591617013,165.5952937260584,374.7166090572391,122.23862669124651,98851.42710614485,410498.87441635516,16971.577191062148,688096.3077271106,0.0,835381.405594147,2268163.853280002,1214418.1864406727
109,103.1580988915817,102.25750512644494,250.85235645816275,76.42826294355844,82821.29552197558,253489.0322696701,11361.546374741083,430224.11950268806,0.0,1256347.7560278203,1395287.1410400034,777895.9936690747
109,63.411890000743234,43.355468211370805,109.910770038093,31.422939779482707,50910.73738067061,107475.10089268409,4978.052941191184,176883.60402482946,0.0,1680554.0109799483,557589.5713080002,340247.49523937533
109,101.21659183278359,108.25608215582224,259.0085046393175,75.20977046566546,81262.5412253913,268359.0751510379,11730.952734353674,423365.07504410483,0.0,1238480.2688622377,1430466.28344,784717.6441548876
109,113.55284950983291,179.33508399756045,385.6701929068659,114.92536017746663,91166.80326282904,444558.83055556053,17467.684353993685,646929.0284327612,0.0,826483.1837184883,2303342.995679999,1200122.3466051444
109,113.52763295610231,261.96306127282094,506.6249883461283,150.8625619659263,91146.55795324106,649387.6690061614,22945.940715758006,849223.9701384013,0.0,424536.6418940469,3176219.707920003,1612704.1378135616
109,114.27086800383162,141.50618858792546,375.3786784202124,115.54003504544694,91743.27008919243,350783.70786543086,17001.56348210969,650389.1090845033,0.0,574377.1663933548,2141754.6074399976,1109917.6505212362
109,129.61594138652617,200.6573275608242,541.6898119655084,152.456365360746,104063.18361115691,497415.14540488645,24534.088522295144,858195.6860428053,0.0,176226.0140636173,3014631.319680004,1484208.1035811438
109,139.41611402697413,218.62586644021175,851.9942252894324,164.53178057980998,111931.32972030508,541957.8665108208,38588.32357929999,926169.6878081957,0.0,0.0,3887508.031920007,1618647.2076186216
109,196.9715717892835,225.14349295210135,868.7790562516528,163.41990810676756,158140.18416269543,558114.5958887878,39348.538225325305,919910.8205084482,0.0,0.0,4760384.744160009,1675514.1387852565
109,220.6778142704088,226.7715788902627,874.650637176409,164.4690558640794,177172.92841972547,562150.5043378161,39614.47249802482,925816.6026462815,0.0,10377.977196927648,5633261.456400011,1704754.5079018478
109,244.23842591190254,205.70706181063133,1869.5870645600749,158.71054149232688,196088.75180543438,509933.0749849186,84676.90092900519,893401.214937413,0.0,0.0,6506138.169719984,1684099.9426567713
109,182.79904028728754,184.28144479134716,988.5174354899107,163.7839399058692,146761.65516270915,456820.5047409732,44771.700948449616,921960.0004087574,0.0,0.0,7379014.881959982,1570313.8612608893
109,272.51035572459074,203.39509727602336,981.4217917399101,151.88791422653412,218787.0942443942,504201.8804697103,44450.326707989894,854995.8044901236,0.0,0.0,8251891.594199994,1622435.1059122179
109,254.88419838212144,209.97182465035692,685.9240183665758,154.60669402659923,204635.79442534895,520505.11665330187,31066.710531460965,870300.1513450103,0.0,1808.7940969577176,9124768.306439992,1626507.772955122
109,191.56517978161602,168.67095029635152,1010.4819807148833,148.03711192829167,153799.6195828337,418123.2067979578,45766.5140038145,833319.1633585078,0.0,0.0,9997645.018680004,1451008.503743114
109,186.34236472566286,195.41000478560443,1055.537976247269,145.800729692826,149606.44121047595,484407.4080202094,47807.17963649593,820730.2918982836,0.0,0.0,10870521.732000016,1502551.320765465
109,200.59060449698265,149.68465436265558,664.5953208483253,139.93416034535298,161045.7531932285,371057.5388387509,30100.69614200936,787706.6494025495,0.0,0.0,11743398.446400028,1349910.6375765381
109,209.30978994272664,158.91301319924364,1130.4698878605425,139.18418320857785,168046.0201841104,393933.97952671174,51200.97828667603,783484.9355902846,0.0,0.0,12616275.160800012,1396665.9135877828
109,305.8793735160447,139.6653229487157,863.4588531701858,134.79863069878454,245577.67407747798,346220.33377523813,39107.5768292014,758798.1195566402,0.0,0.0,13489151.864400035,1389703.7042385577
109,321.84465669491965,126.72745358929869,1203.0298060434197,123.59390440618316,258395.52793924132,314148.2821493483,54487.34516407736,695725.3331574128,0.0,0.0,14362028.578799969,1322756.4884100799
109,229.74596575200633,144.2370902007741,719.52975079243,125.62466456921983,184453.36555229384,357553.41739637125,32588.77352024203,707156.7326085399,0.0,0.0,15234905.293199971,1281752.289077447
109,209.90946828118788,159.62573663501848,660.5096930688785,121.8475935119514,168527.47668070623,395700.7698839288,29915.65084228998,685895.1337270838,0.0,0.0,16107782.007599982,1280039.031134009
109,214.3529056237963,153.82757647747022,1252.33966884179,118.06051314932265,172094.92549218857,381327.5460754265,56720.67596003199,664577.1912311108,0.0,0.0,16980658.721999973,1274720.3387587578
109,213.6803816330519,173.18179332480878,679.3994536600183,110.56965411220649,171554.98428755667,429305.26363173354,30771.201469735584,622410.2217169402,0.0,0.0,17853535.425599996,1254041.671105966
109,261.51708677951405,163.83337268584074,533.6319527092608,111.58760825260293,209961.06133146063,406131.19833362586,24169.133841726845,628140.4111374376,0.0,0.0,18726412.139999986,1268401.8046442508
109,284.06081772749576,181.657825907607,1358.1288961383711,104.41378924622528,228060.47401037213,450316.74141268386,61512.05694942521,587758.0990630455,0.0,0.0,19599288.85440002,1327647.3714355268
109,321.5890773159924,178.579388163611,1049.3847602734384,101.51281595818594,258190.33401361748,442685.5147006392,47528.489614893,571428.1625908633,0.0,0.0,20472165.56879999,1319832.500920013
109,420.77098671213975,168.61615470089077,1497.9107899923372,94.0562616551584,337819.3143534487,417987.37244087266,67843.0258579666,529454.2986563516,0.0,0.0,21345042.283200026,1353104.0113086395
109,327.4639804758834,174.78191696376686,576.4599097164773,98.06437774624695,262907.04647726705,433271.85554349347,26108.887673595123,552016.4785324868,0.0,0.0,22217918.986800052,1274304.2682268424
109,367.15435058996485,205.74891577905018,788.0066207560582,91.7340973915457,294772.77401505114,510036.8279753521,35690.21193076233,516382.54957851156,0.0,0.0,23090795.70119994,1356882.363499677
109,301.756112801081,225.177464205372,687.4126547448944,81.90920811908119,242267.2816036202,558198.8081928716,31134.133502830242,461077.0359679382,0.0,0.0,23963672.415600013,1292677.2592672603
109,306.2751114545267,199.46357266700144,727.9952252696936,83.32706689934979,245895.39541108574,494455.912511143,32972.18981425503,469058.3379343415,0.0,0.0,24836549.12999996,1242381.835670825
109,163.4257013152114,265.16902616792606,739.9016974211842,79.0988140393109,131207.61675473046,657335.0263932385,33511.45497173137,445256.9810320089,0.0,0.0,25709425.84440003,1267311.079151709
109,170.011373274664,192.45690154392054,673.5929008132289,78.92318517043583,136494.97557023034,477086.87656385096,30508.212433564484,444268.34446536563,0.0,0.0,26582302.54800006,1088358.4090330114
109,214.1897209675208,217.04510880258624,1350.0093029654133,76.57340235623234,171963.9114003503,538039.2815295121,61144.306230711205,431041.1271595136,0.0,0.0,27455179.262399998,1202188.6263200871
109,181.8285752683109,207.13532896569265,831.5605931833115,76.68245452614798,145982.50964729133,513473.6469802099,37662.848283568375,431654.9952755071,0.0,0.0,28328055.97679993,1128774.0001865767
109,172.44330587880359,300.2213070282515,594.2414639979347,71.29920505582996,138447.4718944274,744227.1204565691,26914.245679540134,401352.0199855776,0.0,0.0,29200932.691200025,1310940.8580161142
109,188.6100098933373,281.5114238347143,622.6463277139457,71.00668839736598,151427.03806703814,697846.6598855457,28200.752136701853,399705.4076332797,0.0,0.0,30073809.40559995,1277179.8577225655
109,474.44393468246415,293.9038413311002,653.1933240316139,81.69673090179091,380911.06510447594,728566.5754042767,29584.279563641194,459880.9755028378,0.0,0.0,30946686.109199964,1598942.8955752319
109,262.65140075658024,258.2235815253346,2189.4095591790283,74.85817920076971,210871.7542786818,640117.7665064846,99162.22670231378,421385.92444537516,0.0,0.0,31819562.823600072,1371537.6719328554
109,297.8001865573085,254.32132875813727,398.84440408972415,86.13341327618899,239091.23493332474,630444.361347564,18064.367651763067,484855.6078511892,0.0,0.0,32107560.46200006,1372455.5717838411
109,203.2347785864121,250.0459975885786,415.1729354299066,80.16419361069048,163168.64927240447,619846.1215463515,18803.9156818165,451254.13405341696,0.0,0.0,31234683.747599952,1253072.8205539894
109,224.19899921300197,344.61587599341453,776.9395024945561,91.52834888472056,179999.93959821318,854278.0777050657,35188.96259374934,515224.3658546029,0.0,0.0,30361807.033200033,1584691.345751631
109,198.55082436747847,260.05092895151085,744.0962095372936,91.0000842631224,159408.09958463427,644647.6299146434,33701.4318354111,512250.6991384128,0.0,0.0,29488930.318799946,1350007.8604731015
109,181.4440157693271,352.2334715897161,295.79346492455824,94.40814965286415,145673.7630122395,873161.5516715043,13397.008569246638,531435.1196006706,0.0,0.0,28616053.61519992,1563667.442853661
109,159.42595618917431,286.7185036654076,509.72232140881596,102.09150953752045,127996.38974826677,710754.6378926486,23086.22440185371,574685.7001305417,0.0,0.0,27743176.900799993,1436522.9521733108
109,127.76138124980619,282.49538949150093,421.9568389204439,106.93298514439918,102574.23533858368,700285.8402842559,19111.170655211026,601938.9635155981,0.0,0.0,26870300.186400052,1423910.2097936487
109,141.4994521293892,326.83760565686515,355.35638448314535,112.56664965672084,113603.95419192949,810207.018691178,16094.718418716298,633651.5559655539,0.0,4602.603907331359,25997423.471999966,1573557.2472673776
109,148.27649626853108,333.72956192092636,322.1265367093497,109.90211262455564,119044.95767536171,827291.684718004,14589.679909857274,618652.5483419978,0.0,0.0,25124546.757600036,1579578.8706452209
109,170.82267667038647,391.95674916677615,385.234480260254,122.81940579019046,137146.33691768724,971632.712092808,17447.950158507392,691365.5849139184,0.0,6863.73476129584,24251670.054000005,1817592.584082921
109,152.52881347301226,399.70434643974426,360.6018669478316,122.90392466284726,122458.96417247309,990838.4509059283,16332.295586106247,691841.3520734701,0.0,10751.314168827492,23378793.3396,1821471.0627379776
109,136.1201626820302,361.64341102024696,729.165715108822,130.385716186184,109285.14911695229,896488.1176483679,33025.20336683307,733957.2794341026,0.0,0.0,22505916.62520004,1772755.7495662558
109,127.70421915721644,391.8899579766548,367.29841698968926,131.77083932993233,102528.342300481,971467.1415155963,16635.594167493222,741754.3084646066,0.0,0.0,21633039.910799988,1832385.386448177
109,232.11710087628697,332.3291283844959,435.190343638232,132.70603785631587,186357.05013896868,823820.1102700573,19710.539461924152,747018.656325956,0.0,0.0,20760163.196400035,1776906.3561969062
109,224.77103435320453,421.24248568973087,516.8319954815734,138.48247396053117,180459.2025344705,1044229.9557017614,23408.234100416776,779534.9276774956,0.0,41805.58649750089,19887286.49280001,2027632.3200141443
109,216.94511639411058,437.1249135553566,1538.178700111557,148.03630695957668,174176.10240966053,1083601.3569966785,69666.83064374993,833314.6320903186,0.0,17655.26182035636,19014409.778400023,2160758.922140408
109,226.12960085482842,400.2464444589532,1501.6069609635238,151.90549797720158,181549.93839453618,992182.27307443,68010.43197083328,855094.7855915788,0.0,0.0,18141533.063999984,2096837.4290313784
109,207.4367422224359,443.06246152907033,484.04666040265096,152.738122207856,166542.22900885812,1098320.1132195133,21923.328356775786,859781.7300897737,0.0,24861.435318794567,17268656.349599984,2146567.4006749205
109,189.36958380509247,454.67435204565936,509.0885067529991,157.93368174257466,152036.86798918876,1127105.1582509934,23057.517816407482,889028.1755807414,0.0,8479.875455366098,16395779.635199962,2191227.7196373306
109,137.27313511060078,389.9408042335249,451.88563384347583,164.11101094388917,110210.82214952429,966635.328970592,20466.698648885085,923801.1236258438,0.0,0.0,15522902.931599967,2021113.9733948451
109,155.84997959716577,361.9619141669784,541.2166228381769,160.50330722876097,125125.38866072564,897277.6641402362,24512.65695079186,903492.9144046839,0.0,0.0,14650026.21720004,1950408.6241564376
109,140.07727137467094,356.88556920185084,1358.7311713905501,173.28278553065863,112462.14512567305,884693.7685025906,61539.3350595638,975430.1741092236,0.0,0.0,13777149.502800027,2034125.4227970513
109,230.9153224817763,420.9726299931613,564.7802948218686,167.93933324023183,185392.1928506592,1043561.0027550678,25579.89728204444,945351.2220538671,0.0,298.9859203998931,12904272.788400017,2199884.314941638
109,198.65853149448324,356.0415378133689,612.5311533623669,182.4793960491752,159494.57310335294,882601.4751339332,27742.618021054346,1027199.0291159097,0.0,8289.382423985284,12031396.074,2097037.6953742502
109,263.7134488911717,393.34370060577896,1191.93957993665,179.09518749856971,211724.42802275697,975070.8653867213,53985.04923193034,1008148.9017438807,0.0,14821.99460696755,11158519.370400013,2248929.2443852895
109,173.17533740905697,328.80786498290087,639.9915587092967,184.7249771414116,139035.18919777012,815091.1504647775,28986.348290219124,1039839.6820755715,0.0,0.0,10285642.652760012,2022952.3700283382
109,155.7282983603377,368.261247654159,823.6083395878475,189.45009683389804,125027.69591742095,912893.2607425082,37302.67666993781,1066437.9636660616,0.0,18091.703302619164,9412765.940520002,2141661.5969959283
109,216.63635692793014,362.19835759453315,626.226957616107,194.14679019943347,173928.2124304102,897863.7904647859,28362.92519043984,1092876.2299557691,0.0,4643.213950893376,8539889.22828001,2193031.158041405
109,178.1242669718448,313.19674750286464,588.2426558067983,193.4823501251692,143008.47643591385,776392.3081864602,26642.549059189114,1089136.014819338,0.0,0.0,7667012.516040009,2035179.3485009011
109,185.71613773635679,323.5583725439032,1025.7517778230451,200.6243192676383,149103.6699195891,802078.0346389706,46458.11009016102,1129339.0400811217,0.0,45212.9729373944,6794135.803800007,2126978.8547298424
109,159.76180323180049,327.23151666448825,547.1259928263224,200.3701198964787,128266.02720248894,811183.4958700342,24780.30275692969,1127908.1204654812,0.0,5456.574711257243,5921259.091560003,2092137.946294934
109,136.23224975458277,299.18817763696853,910.7824590005833,205.82173121840722,109375.13910959286,741666.0666807917,41250.94653819476,1158595.9130505312,0.0,5476.674930001609,5048382.378239985,2050888.0653791106
109,124.36653598537461,292.9161304449018,1708.9937209331592,193.04793516116405,99848.65696986664,726118.1108500608,77403.34469515638,1086690.6394020538,0.0,37098.99490821676,4175505.665999988,1990060.7519171375
109,113.16628693412831,229.94349247992605,482.88970883800255,172.8696996592444,90856.44844179056,570013.45097721,21870.92797656539,973104.8627850682,0.0,249524.4463259204,3302628.9537599916,1655845.6901806341
109,106.36098282455546,161.60411193350373,377.9409916314051,135.59726596175238,85392.75621760357,400605.0205720238,17117.61517397583,763293.7359632028,0.0,581534.2808474208,2429752.241519998,1266409.127926806
109,98.59324874938235,101.10065462664733,259.41676633224955,88.23159121805578,79156.36948414729,250621.28272589072,11749.4436276535,496666.51029530505,0.0,957885.8895903078,1556875.5292800018,838193.6061329966
109,67.71490766404308,46.88295275493959,123.78961724499202,40.51114803240583,54365.44914210964,116219.48246340388,5606.650449285264,228042.24930711708,0.0,1343927.0124778538,683998.8170400017,404233.83136191586
109,94.5245992812156,84.33111681084127,227.9828606088244,71.5734744382533,75889.82208167411,209050.79939283914,10325.746506931026,402895.91617024905,0.0,1015577.6465242562,1268877.8951999985,698162.2841516933
109,161.839551184559,221.52939577597954,695.8838755607327,118.11190252679393,129934.16357825183,549155.5078045358,31517.81005866866,664866.4683757543,0.0,17926.472082029795,6707244.454559992,1375473.9498172104
109,155.17578969916102,211.16770247454545,1088.2165123607936,121.1561640272621,124584.1099692749,523469.6121393932,49287.24826632514,682002.9918702377,0.0,16294.091537326225,5834367.742319994,1379343.962245231
109,147.97110650430938,175.9514568878683,737.8649929865492,126.60311225040081,118799.77308797829,436171.0612613978,33419.209029885475,712664.5352970087,0.0,0.0,4961491.030079995,1301054.5786762703
109,139.27683294547776,189.71737956790162,695.9326032390937,130.0194047404027,111819.50680251989,470295.7977699391,31520.01702130297,731895.2671214403,0.0,11782.733950486581,4088614.317839991,1345530.5887152022
109,130.9108546431968,182.5399754454806,860.3366722814144,130.78998703502853,105102.81496010955,452503.52694393863,38966.1677411667,736232.969908884,0.0,1724.4238430882106,3215737.6055999924,1332805.479554099
109,117.3612401376154,149.70074952841543,547.741347682256,115.42930560910892,94224.39979704004,371097.4376020509,24808.17326542849,649765.7994289282,0.0,162846.67060122162,2342860.8933599945,1139895.8100934476
109,100.9447688770616,100.60337507506078,367.34779856409114,75.43019421982869,81044.3060156753,249388.56232905237,16637.830746234384,424605.867545465,0.0,503889.70183180895,1469984.1811199982,771676.5666364271
109,72.9602284347906,43.415546649131464,155.2916801538104,32.55742189689934,58576.69640557669,107624.031037512,7033.434529339316,183269.74380164946,0.0,901587.181135908,597107.4683399991,356503.90577407746
109,91.85233620891675,88.6650992210256,323.34454658683615,75.1978540658189,73744.37454045942,219794.43141938743,14644.8457289205,423297.9961594857,0.0,539239.7716069242,1355769.2444399996,731481.647848253
109,99.46020525407336,125.21811578299872,504.8377611171344,131.1481677146411,79852.41237027275,310406.7418153268,22864.99403727703,738249.2131358561,0.0,145254.71014920104,2228645.9566799975,1151373.3613587327
109,100.88193792609646,116.51534201810317,699.1832539023386,156.72226009535308,80993.86168979372,288833.1888815115,31667.244732375715,882208.9337001914,0.0,0.0,3101522.6689200024,1283703.2290038723
109,98.60637587246191,123.38644738839241,509.14868776982536,162.68802389999956,79166.9086987277,305866.16703586624,23060.243520974123,915790.9540309486,0.0,0.0,3974399.381160005,1323884.2732865165
109,95.27923895605579,119.43016171515771,1425.5540995028225,167.49908150900077,76495.69051269506,296058.8181723228,64565.863521815634,942872.9907539055,0.0,7791.5015807233285,4847276.0934,1379993.362960739
109,91.16669655878364,112.37895025631786,1123.403084113575,169.41679456165645,73193.90332496194,278579.3699223393,50880.910260901845,953668.0340763854,0.0,0.0,5720152.805639993,1356322.2175845886
109,86.97527738133638,121.31909959189075,501.36854134622007,174.89114726900715,69828.78929046742,300741.35989675176,22707.866945198126,984483.8407251169,0.0,8297.55867020099,6593029.517879993,1377761.8568575343
109,101.86666537568401,114.98590318256372,768.4316657638336,179.71189291055538,81784.45791042209,285041.81953549484,34803.62763844088,1011620.4125782957,0.0,3835.376935337088,7465906.230119988,1413250.3176626535
109,115.93077270598124,149.83834935984234,493.3825921697701,180.29873653033292,93075.9377066864,371438.53773025906,22346.169199178767,1014923.8277009318,0.0,0.0,8338782.942359985,1501784.472337056
109,86.74317532674759,150.57898417121953,1922.6342785508655,185.0265904602721,69642.44432035935,373274.51838878467,87079.50296279433,1041537.5006513104,0.0,0.0,9211659.65459999,1571533.9663232488
109,166.00461452363442,160.0758453637255,358.66694879517195,190.04802282480634,133278.1176194741,396816.5571888801,16244.65972478462,1069803.7628227985,0.0,0.0,10084536.36683998,1616143.0973559374
109,89.308573169659,160.87417088304963,2085.0426453624414,198.17228184561804,71702.0942670156,398795.5489810172,94435.26480306002,1115536.2189748073,0.0,4486.189747888129,10957413.078,1680469.1270259
109,162.9522221737291,182.36682085980186,703.0106814384909,201.66291504767028,130827.4802814768,452074.2891261131,31840.595686944915,1135185.423837265,0.0,5163.524795188801,11830289.792400014,1749927.7889317998
109,201.7827926668265,167.54478703996259,1647.4018613102767,204.59776769979044,162002.91089381985,415331.52873299137,74613.74056588988,1151706.071428863,0.0,7469.576317930128,12703166.50680002,1803654.2516215642
109,130.11218133496828,189.62021714739163,593.6708640274385,198.47175038803078,104461.59377828233,470054.93908756075,26888.40219886588,1117221.9643393646,0.0,0.0,13576043.221200034,1718626.8994040736
109,165.2622469915475,232.69822880709887,509.376460300273,193.1226221433482,132682.10197531697,576842.2450580911,23070.55974125649,1087111.0616373755,0.0,0.0,14448919.924800029,1819705.9684120403
109,88.16503938226593,214.68382722940225,274.28884202224,190.34884993334575,70783.99912215854,532185.8336074015,12423.026208364343,1071497.1557236614,0.0,0.0,15321796.639199954,1686890.0146615857
109,217.01264078423162,230.0617537763667,322.26806882682644,184.60260737870294,174230.31490028652,570306.6122620724,14596.0901494856,1039150.8475870268,0.0,0.0,16194673.353599962,1798283.8648988712
109,197.1637557528922,227.7829380716548,645.7445465839612,181.16181901532312,158294.4805777675,564657.5913222983,29246.91127417589,1019782.2254697953,0.0,0.0,17067550.06799997,1771981.208644037
109,115.72304297733949,241.40589323897552,256.2289890457886,181.19291178140003,92909.1602512137,598427.9216051186,11605.063562886147,1019957.2504853216,0.0,0.0,17940426.782399993,1722899.39590454
109,211.38602147525648,239.44906597284006,230.70427125371745,176.71265218567163,169712.9390899001,593577.0869461054,10449.004002627795,994737.3165828702,0.0,0.0,18813303.486000005,1768476.3466215036
109,221.72909960959336,297.22647015166945,224.94846640607133,175.79338621869437,178016.96116839055,736803.1343079576,10188.313432988289,989562.6550636931,0.0,0.0,19686180.2004,1914571.0639730296
109,115.66869602198804,263.1343135048811,1075.578929958339,171.80026596944106,92865.52736830634,652291.1194128722,48714.8698340179,967084.8886309791,0.0,0.0,20559056.914799973,1760956.4052461756
109,191.119175302505,260.29640591042397,282.64530688156105,171.2786102511081,153441.54135954846,645256.1497165145,12801.50526420652,964148.4242464742,0.0,0.0,21431933.62920002,1775647.6205867436
109,109.73167330293215,315.4336011235329,1209.9585877509799,165.58726204685556,88098.94172530806,781937.3081249094,54801.16192785981,932111.1231793808,0.0,0.0,22304810.343599983,1856948.534957458
109,266.7091359680082,259.82937349869604,276.53764398595337,161.448407161919,214129.5390838167,644098.4098133056,12524.878421989451,908812.9985061011,0.0,0.0,23177687.047199987,1779565.825825213
109,383.8210814709388,350.32260922334757,268.7787874830242,158.68146018600356,308153.7907118509,868424.6607073415,12173.46610433122,893237.5126769524,0.0,0.0,24050563.76160006,2081989.430200476
109,399.2417695488975,276.0479542064202,293.2065181196834,155.48878535482703,320534.4120899078,684303.1099309629,13279.841178405419,875265.5522371909,0.0,0.0,24923440.47599994,1893382.9154364672
109,419.83328627507905,285.2143443992941,311.59667934763917,153.57943137264948,337066.4741417411,707025.9347888998,14112.764068110193,864517.5631535201,0.0,0.0,25796317.190400023,1922722.7361522713
109,445.08042315897336,306.3396141482086,296.4065277425369,149.41104895625637,357336.33765621326,759393.9656582861,13424.775267297393,841053.2243634631,0.0,0.0,26669193.904799964,1971208.30294526
109,204.81833262870933,352.84583628775687,398.68566428240746,147.22330523461798,164440.01815881598,874679.5599048415,18057.178045463126,828738.1450971125,0.0,0.0,27542070.60839998,1885914.901206233
109,471.71361030993046,425.1860729384718,384.98679219231974,145.6772299176285,378719.00258918933,1054005.8260803535,17436.73192834987,820035.0964300527,0.0,4796.647050453466,28414947.322800074,2270196.6570279454
109,506.62355796320077,383.74020711875903,446.86458065540273,138.95817124836262,406746.73014829174,951264.4927647552,20239.286279905213,782212.6863877549,0.0,0.0,29287824.0372,2160463.195580707
109,159.08988131145026,344.8993652419904,435.81298970164056,138.88058952026876,127726.56937483443,854980.8272508471,19738.740202089997,781775.9692706417,0.0,0.0,30160700.75159993,1784222.1060984132
109,169.08276804904597,363.43529867147186,1121.0422140832065,139.46583056952787,135749.43752095907,900930.0788137934,50773.98228656072,785070.3633261533,0.0,0.0,31033577.466000028,1872523.8619474664
109,177.22121864481772,363.2257508918022,702.7510418081083,134.86792520368795,142283.45694479335,900410.6248742802,31828.836149410712,759188.1868721889,0.0,0.0,31906454.180399947,1833711.1048406733
109,181.66240918651278,410.189219710947,579.6129341522383,123.65432635281498,145849.10189439356,1016829.7008948738,26251.69372036058,696065.4557480245,0.0,0.0,32020669.116000034,1884995.9522576523
109,180.14719853260365,456.6560030415874,498.50124374200334,121.91620285722817,144632.60303784383,1132017.5291584674,22578.001971392605,686281.34419458,0.0,0.0,31147792.40159993,1985509.4783622841
109,251.41928138624667,473.2864059279104,515.3191148446693,122.50798479257594,201853.95841287976,1173243.106965162,23339.71306374675,689612.5577047,0.0,0.0,30274915.68720006,2088049.3361464888
109,533.9679917059191,456.51783399612304,989.3361697871844,122.98127385643888,428700.42503236415,1131675.0179894234,44808.78287113277,692276.7602251872,0.0,0.0,29402038.97279996,2297460.9861181076
109,174.82995684370792,415.7980481936992,1415.7913216856036,118.856938435024,140363.61349645417,1030733.5850401142,64123.69006774594,669060.3674030406,0.0,0.0,28529162.25840003,1904281.256007355
109,498.49826213932187,395.9679384486979,680.537847450436,106.13309335059766,400223.27213710634,981576.1630704894,30822.761335567284,597436.2739419802,0.0,0.0,27656285.554800015,2010058.4704851434
109,466.4580808869797,448.4519230316203,950.024463808094,110.067946503321,374499.55922856566,1111680.2023303001,43028.28626006699,619586.0477011057,0.0,0.0,26783408.84039993,2148794.095520038
109,424.74282429536265,439.74094614503167,587.3747705937999,105.30205085725831,341008.13556845696,1090086.3144452556,26603.241004703774,592758.2332382385,0.0,0.0,25910532.12599999,2050455.924256655
109,385.1587802737201,406.8335236997727,1971.618043630924,93.02046292468896,309227.7727748684,1008511.1707937147,89298.06421700893,523623.6598372108,0.0,0.0,25037655.411600046,1930660.6676228028
109,362.19515167085706,394.95763001431357,648.2440935842534,91.20144846772624,290791.2419429706,979071.6808125926,29360.12017346881,513384.2030843159,0.0,0.0,24164778.697199967,1812607.2460133478
109,287.01564950105154,418.1238394469908,679.6467417170151,93.27778306519855,230432.78406808837,1036499.0550007704,30782.4015826911,525072.146648468,0.0,0.0,23291901.993599955,1822786.3873000178
109,303.8967801129082,404.9542086467515,1937.2738748562392,84.93004361126879,243985.93328440978,1003852.4833601508,87742.55614148246,478081.6915722223,0.0,0.0,22419025.279199995,1813662.6643582652
109,365.02005647485316,347.0594248216502,1097.112481075357,87.36304608512754,293059.2391056471,860335.4602610671,49690.16240484796,491777.362607383,0.0,0.0,21546148.56480001,1694862.2243789453
109,291.7922941722498,409.2979193808156,834.0279483794527,78.9798008571348,234267.75101850263,1014620.2312049252,37774.599159181904,444587.04114931484,0.0,9262.102480789647,20673271.850400038,1731249.6225319244
109,284.1110981714737,395.21144258526243,855.6427769541615,78.25818388264358,228100.84206246326,979700.8639997646,38753.5729296539,440524.9701887599,0.0,15487.642532572616,19800395.135999996,1687080.2491806415
109,273.51744076406453,382.3852865464887,974.2677107795761,77.2867221328347,219595.64043287793,947905.7416956539,44126.30574304017,435056.49216969626,0.0,18689.97232714831,18927518.4324,1646684.1800412685
109,258.574515412621,330.13809894885816,1158.7227953788313,81.49691445946843,207598.5946381951,818388.7052047038,52480.60237920013,458756.18410173216,0.0,0.0,18054641.718000006,1537224.0863238312
109,195.10068515382923,289.8503180022917,1866.8177500997217,77.53542082845904,156638.1280314951,718518.1813560196,84551.4737848803,436456.44780424295,0.0,0.0,17181765.0036,1396164.230976638
109,223.69044285792953,296.44047676965096,1783.6282561327334,83.84164841088021,179591.64110662017,734854.7130010631,80783.67464222081,471954.9807361546,0.0,0.0,16308888.289199982,1467185.0094860587
109,247.81891751706044,281.16210122319245,889.5382170564917,78.42720039422619,198963.3778069895,696980.7141475278,40288.75729089434,441476.3849805725,0.0,0.0,15436011.574799975,1377709.2342259842
109,164.60221866341922,274.7510647508346,859.2913193684159,80.89766944873884,132152.19301223848,681088.2138443566,38918.82186103747,455382.96001972066,0.0,0.0,14563134.860399991,1307542.1887373533
109,294.78466873548456,315.51368194991693,1646.316069555354,88.34214267589992,236670.2026018202,782135.8227587091,74564.56313917146,497288.8180879846,0.0,14723.880812241812,13690258.156799974,1590659.4065876852
109,183.32711192472868,260.9849251700158,1595.056178936821,86.87001815950143,147185.62165308866,646962.939654301,72242.91213836154,489002.0475992508,0.0,0.0,12817381.442400033,1355393.5210450022
109,181.14898261739253,242.51867977179205,916.80459418483,95.91931364436306,145436.89331293615,601186.4397302927,41523.699679272744,539941.6481102471,0.0,0.0,11944504.728000015,1328088.6808327488
109,171.79853165321865,231.52512370377653,1240.2031895185867,93.84445217691501,137929.80980821306,573934.2015162105,56170.99337142271,528261.9969767114,0.0,0.0,11071628.013600005,1296297.0016725576
109,173.69798548903427,273.63040974777914,811.2016757037289,98.52695052448829,139454.80134214752,678310.1903449429,36740.756945262045,554620.3577593608,0.0,2865.693320844439,10198751.303520005,1409126.1063917133
109,172.98229796712306,224.87027827103321,841.5144623519856,107.061314607521,138880.2059551591,557437.3162600682,38113.67660252362,602661.3458928949,0.0,0.0,9325874.59127999,1337092.544710646
109,170.1429346884212,242.3030497724436,1143.1383011296919,107.16161486721145,136600.6006917201,600651.90840376,51774.75310340106,603225.9484266865,0.0,18006.231346070417,8452997.87903999,1392253.2106255677
109,165.56402345875725,239.17594401650194,1250.3288321971518,110.54232834045068,132924.38559861857,592900.0371753512,56629.601616092565,622256.4015771045,0.0,3987.365176062798,7580121.16679999,1404710.4259671667
109,202.9171690296505,217.12465326958053,516.4521073162084,102.59893093431317,162913.65392794003,538236.4665667948,23391.02829430457,577542.0377632992,0.0,0.0,7680551.47811999,1302083.1865523388
109,195.293597886762,219.72938168123497,432.14589786198405,97.74609279999844,156793.00954478246,544693.4017675818,19572.651134460924,550224.8133097426,0.0,0.0,6807674.7658799905,1271283.8757565678
109,192.524199836617,250.7596154312587,577.3784984505209,99.56110346021993,154569.57641841102,621615.1290742358,26150.49218012042,560441.7321969145,0.0,3217.922322583501,5934798.053639992,1362776.9298696816
109,114.45594080284705,253.1573893383877,572.6830701408437,101.69204801173653,91891.85724953208,627559.0388788807,25937.82793712549,572437.0819284964,0.0,8812.920700652758,5061921.341399993,1317825.8059940347
109,107.54116673493725,253.19021280036523,1474.1561468549714,99.61212122702507,86340.27620354999,627640.4058905453,66767.1361057983,560728.9174992803,0.0,23689.757582248887,4189044.6291599935,1341476.735699174
109,103.34782767868496,265.61379353128603,670.4451295270451,90.48444912357552,82973.62077917348,658437.5728360041,30365.644311223485,509348.1253345304,0.0,2517.3303502683993,3316167.9169199946,1281124.9632609314
109,102.4459096985823,258.79321592022245,398.74404197235816,85.00512803075142,82249.50879602057,641529.8493783392,18059.822074169853,478504.35103112087,0.0,0.0,2443291.2046799962,1220343.5312796505
109,92.7024895648805,180.62661007787855,253.06710982131276,64.32871470211681,74426.92688574133,447760.43121896463,11461.856467097099,362114.269977536,0.0,279683.5105481268,1570414.4924399992,895763.4845493389
109,68.48713694716591,80.1892286519735,128.28278228592498,28.47497944520843,54985.4395292479,198783.35525891144,5810.153831524526,160289.17167355889,10426.129877794563,721475.105456076,697537.7798759999,419868.12029324274
109,81.23165220169618,145.8166614294993,210.1388430111583,50.36352851987571,65217.474391475414,361469.06135497807,9517.559427048474,283502.5143579852,0.0,435848.42414199567,1255338.9320400034,719706.6095314871
109,91.08029473468625,263.53246906979615,289.28719461097194,70.1860242369767,73124.53493717565,653278.118545291,13102.328092897433,395085.78784587694,0.0,96959.63885684905,2128215.644280004,1134590.769421241
109,109.05738532130336,293.4212769520282,656.8506557608205,82.81036630341823,87557.58428664405,727370.3328663084,29749.926578625975,466149.7665450463,0.0,0.0,3001092.357600008,1310827.6102766246
109,123.99856104314607,301.4175961811295,360.0501554348223,99.56819004433538,99553.2253773649,747192.6355970254,16307.307597039542,560481.6234530276,0.0,0.0,3873969.0698400084,1423534.7920244574
109,134.94066480893255,336.78210694739596,338.4117153160642,95.14598526029306,108338.17992146497,834858.7252375489,15327.264418025874,535588.4872465931,0.0,783.183335531503,4746845.782080003,1494112.6568236328
109,142.16950426646687,343.9417667312157,405.01198671670403,96.47662922496286,114141.91084929642,852607.0091188772,18343.70836446698,543078.8462580808,0.0,11556.261911712936,5619722.494319996,1528171.4745907215
109,145.8435338258471,352.9569814544278,337.359724839106,106.08610403098972,117091.63453714478,874955.0808136103,15279.61791089912,597171.7652657947,0.0,17434.328870766098,6492599.2065599905,1604498.098527449
109,149.83484836052398,353.7022331757207,336.14351062293247,105.8632457419121,120296.0929766615,876802.5064611875,15224.533420508935,595917.2684671025,0.0,0.0,7365475.918799986,1608240.4013254605
109,161.44665996680246,364.0805208544121,363.2765207568444,104.59121284008499,129618.7277568918,902529.5383991823,16453.43538210631,588756.8383580059,0.0,0.0,8238352.631039983,1637358.5398961864
109,190.15713565431668,363.58251574910946,373.3216336113494,107.8842160110921,152669.16021970016,901295.0194066407,16908.396288782107,607293.5593981312,0.0,0.0,9111229.34327998,1678166.135313254
109,239.81716216683677,363.76387680807346,393.4476134114324,120.84921376327944,192539.10524209923,901744.6004840524,17819.937468080865,680275.1309720962,0.0,0.0,9984106.055519992,1792378.7741663286
109,303.67949084892336,395.6141131358822,442.142828514885,125.58374982783316,243811.48088038524,980699.0554584147,20025.429784108364,706926.4184824586,0.0,0.0,10856982.765600022,1951462.3846053667
109,251.0600482718177,373.8068103847771,515.5162785619804,120.92818732177584,201565.54526596173,926640.3136188413,23348.64295680924,680719.682874227,0.0,0.0,11729859.480000002,1832274.184715839
109,248.50415946995443,422.3986160939457,539.1534349212814,122.60220086503341,199513.52972811335,1047095.920180159,24419.211525249193,690142.9115980752,0.0,0.0,12602736.194400018,1961171.5730315968
109,196.8354873261765,386.9392680999963,613.7227975206969,137.30361092781985,158030.92767526463,959194.7358437619,27796.58969011982,772898.9622541149,0.0,0.0,13475612.908800028,1917921.2154632611
109,173.04813646557568,410.98616202293294,579.5363639670122,140.30357766418433,138933.0649143262,1018805.2638150749,26248.225721404335,789786.1450577187,0.0,0.0,14348489.612399977,1973772.6995085243
109,165.75454395718458,381.716561598223,564.1656150607769,132.51585485487763,133077.34648751424,946248.0204381204,25552.057349783638,745948.0927518687,0.0,0.0,15221366.32679998,1850825.5170272868
109,270.7889465796736,386.1556735386956,610.9323776189095,141.33223391712318,217405.04729861583,957252.2610416409,27670.20664326794,795576.5779898183,0.0,0.0,16094243.041199965,1997904.092973343
109,221.96489782844122,429.4698495051,516.9109842432871,140.31776876308425,178206.27363320516,1064625.0014161034,23411.811640974753,789866.0285038922,0.0,1316.7920220512897,16967119.75559998,2056109.1151941756
109,292.6984844771245,417.913901869701,636.4991968611793,140.09006350862649,234995.2930713865,1035978.6347808713,28828.173052581362,788584.2475392042,0.0,18263.63859699061,17839996.469999988,2088386.3484440432
109,208.4580817608836,344.1779913964924,710.9067129530853,144.0281054932528,167362.21953457495,853192.5931474059,32198.220903212088,810751.9716264526,0.0,0.0,18712873.184400022,1863505.0052116457
109,215.0478428972001,400.06249122459997,836.2540717431798,140.69150655649378,172652.8613780593,991726.2661798609,37875.42421895007,791969.8446433909,0.0,0.0,19585749.887999997,1994224.3964202614
109,212.40883162917052,395.95532353873597,1640.7495363582423,141.79016553345102,170534.1103108744,981544.8916120819,74312.44501694816,798154.3315437959,0.0,0.0,20458626.60240004,2024545.7784837
109,206.31333559188144,391.42346671895024,749.4828720430403,147.49253194724614,165640.29311104477,970310.7430944578,33945.40329626651,830253.6554714957,0.0,0.0,21331503.31679999,2000150.0949732647
109,246.89639326537653,380.01013596578775,591.723812228274,145.66425260426988,198222.7219157327,942017.913497106,26800.21678325899,819962.045532411,0.0,0.0,22204380.031200044,1987002.8977285088
109,136.56044931071287,336.38705853682814,647.2717753663072,150.54990596763545,109638.63671880143,833879.4285182452,29316.08216370013,847463.9909580391,0.0,0.0,23077256.745600007,1820298.1383587858
109,263.80542537924083,310.08486972916336,724.9476932106558,154.1267240216666,211798.27207360027,768678.1860355078,32834.16170359208,867598.3409831506,0.0,0.0,23950133.44919996,1880908.9607958507
109,267.0296532760407,327.130476218659,693.6436033081324,153.01861234296433,214386.86893938496,810933.0238406054,31416.344170728276,861360.643658636,0.0,0.0,24823010.16360004,1918096.8806093545
109,330.72435284361393,291.05854061887703,1379.0284882612527,157.1745416028594,265524.6622173874,721513.2786984183,62458.63639747156,884754.882094674,0.0,0.0,25695886.87799997,1934251.4594079514
109,285.8361642510084,272.8780762908191,902.1375505741851,159.61430366529703,229485.82500712023,676445.2095817893,40859.403363641024,898488.6036877377,0.0,0.0,26568763.59240005,1845279.0416402882
109,262.1158558614136,340.0015516913274,606.2794954559408,163.65369988733556,210441.787824235,842839.4982045378,27459.46939041861,921226.8632793811,0.0,0.0,27441640.306799997,2001967.6186985725
109,395.4089844557345,350.7007050305859,874.1686196990707,167.43035750509515,317457.23026624223,869361.9331370135,39592.641074953746,942486.1348588443,0.0,0.0,28314517.01040002,2168897.939337054
109,369.29280409052313,300.8960456336188,1947.4071675887858,173.80382317088282,296489.6483199555,745899.7491394033,88201.51087061157,978363.1592558147,0.0,0.0,29187393.72479995,2108954.067585785
109,390.9107523256988,277.9499774185201,633.4605685644106,177.17375494436664,313845.7890263287,689018.08926469,28690.548209040793,997332.9208883916,0.0,3049.1656854406465,30060270.439200036,2028887.347388451
109,369.607889235369,252.38465317810474,607.9671970787804,177.72872315128058,296742.6169203491,625643.4812752828,27535.90837837691,1000456.9053802,0.0,0.0,30933147.153599955,1950378.9119542087
109,423.90500955244954,285.1097061177071,831.4565390321287,184.64409939339603,340335.4893762428,706766.5439822784,37658.13548724133,1039384.4112557563,0.0,0.0,31806023.868000064,2124144.580101519
109,432.8405249767913,209.97891134674842,2087.2405397305733,188.58175758544718,347509.43860128976,520522.6840661587,94534.81132174892,1061549.9749272584,0.0,0.0,32121099.428399958,2024116.9089164557
109,364.62677505729897,231.11204535761286,654.9834230611491,191.33378587785464,292743.49000929366,572910.2098777374,29665.356311041953,1077041.4816467275,0.0,0.0,31248222.71400004,1972360.5378448006
109,366.2153889879367,278.8878738415973,729.3328488829892,195.7554243673869,294018.9212670755,691343.0673321778,33032.773150720284,1101931.4301115125,0.0,0.0,30375345.99959995,2120326.191861486
109,357.54799551710164,284.2412746828883,1137.2092759106042,202.46732702189558,287060.23587284656,704613.7646461058,51506.21707713133,1139713.5580640507,0.0,10605.302503102226,29502469.285200022,2182893.7756601344
109,370.85221086539826,197.03186179254703,1724.6571726891627,204.37646224908633,297741.63038174825,488427.87539481727,78112.77009592607,1150460.3157489174,0.0,9214.105293797795,28629592.57079993,2014742.591621409
109,329.5056568619785,281.8692210380009,709.2682682110631,198.12249250210738,264546.22251046187,698733.6135296598,32124.01284640222,1115255.9486186916,0.0,4224.26567623642,27756715.86720006,2110659.7975052157
109,398.76394154657623,254.9913097374511,1682.7518711731777,198.8497161686348,320150.7840993366,632105.1962161182,76214.8049612004,1119349.5803403014,0.0,4852.170292315073,26883839.15279997,2147820.3656169567
109,364.5340077029578,229.24300419711335,1182.3747677342758,190.94815139276926,292669.0110052093,568276.9906879934,53551.84199027906,1074870.697562334,0.0,0.0,26010962.43840003,1989368.5412458156
109,315.6301518642433,147.0389002604463,1587.1928147045267,186.94883765821385,253406.16358845847,364498.90388904006,71886.7664810191,1052358.0672368906,0.0,10980.346726321033,25138085.723999962,1742149.9011954083
109,351.27083759280373,221.76574761249702,1061.8024547225434,182.08393557097986,282020.56999035703,549741.4070814631,48090.90893334338,1024972.933304268,0.0,0.0,24265209.009600013,1904825.8193094316
109,300.55211951708077,154.76164657274222,1029.2170652429838,176.40284678627538,241300.6460737676,383643.03895029915,46615.05907911742,992993.3837753058,0.0,0.0,23392332.295199938,1664552.12787849
109,249.0468379851055,160.96348182801282,1481.1398519370393,176.58393889058155,199949.22346578093,399016.9444177806,67083.44044623875,994012.7735680785,0.0,3619.1574896522798,22519455.591599986,1660062.3818978788
109,258.8053052840777,154.87405285098342,1188.817137850789,171.7143308727379,207783.88611169817,383921.686064339,53843.62831381802,966601.1493715796,0.0,6582.353576717316,21646578.877200022,1612150.3498614347
109,172.00229114284042,133.43454353655338,803.6517965632427,163.325037152363,138093.39972588987,330774.6778155921,36398.80958152408,919376.7802038133,0.0,0.0,20773702.162799988,1424643.6673268194
109,236.8925574089471,111.68371894651222,762.2241147560834,162.9598564122249,190191.0631829612,276855.941292741,34522.47668716453,917321.1327726886,0.0,1023.2245401096297,19900825.448400017,1418890.6139355553
109,237.50160560423066,137.28668417889057,1031.4415907235048,157.83988308872392,190680.04234320842,340323.8586056502,46715.81176793239,888500.1713881919,0.0,0.0,19027948.73399998,1466219.884104983
109,308.95030186710255,164.14285064038785,694.103560277295,154.80327684271717,248043.1931905927,406898.3720203879,31437.176434412424,871406.740265344,0.0,11911.215137891355,18155072.030399997,1557785.481910737
109,212.39198471905092,147.12661187864373,708.9636483057285,147.47360704913493,170520.58463585094,364716.3347092833,32110.216072754196,830147.1248856498,0.0,0.0,17282195.31599997,1397494.2603035383
109,206.73022482346184,145.78293086735968,2155.3147529777366,145.78252944485217,165974.9959275918,361385.44570697146,97618.01269825522,820627.8404574462,0.0,0.0,16409318.601599978,1445606.2947902647
109,160.72800554929614,141.66234654197706,548.6278714278579,139.82033502864675,129041.75037431113,351170.81225062785,24848.3254919819,787065.9126545063,0.0,0.0,15536441.887199974,1292126.800771427
109,215.52052020616193,141.65683162690092,814.1238556623483,135.82031166504947,173032.35409373257,351157.1411710922,36873.10763785253,764549.2877396537,0.0,0.0,14663565.172799964,1325611.890642331
109,203.77938969416937,197.56157447765818,585.3622742900834,137.07686992921504,163605.89460732986,489740.99520703795,26512.091491872772,771622.6092045638,0.0,4087.2875718950527,13790688.469200017,1451481.5905108042
109,210.56276855771708,152.6227501330992,631.0303575353587,128.40045714321099,169051.98397434954,378340.8678486307,28580.479658372882,722782.0114003576,0.0,0.0,12917811.754800009,1298755.3428817107
109,195.75270828880983,182.18318900984917,1534.2056187921507,124.75038932394146,157161.60996194583,451619.0789204579,69486.8827720281,702235.3294113921,0.0,0.0,12044935.040400026,1380502.901065824
109,195.91621989771633,217.72084887585058,676.4865591729017,123.07462306497905,157292.8865502896,539714.3927795452,30639.271332552995,692802.2344346446,0.0,12693.2440548077,11172058.326000012,1420448.7850970323
109,117.23565153605226,214.26270103742488,650.0926273046022,114.11758643640334,94123.56999505634,531141.8919354845,29443.843531246068,642381.9704057721,0.0,0.0,10299181.615920024,1297091.275867559
109,205.90100482363178,205.81217017223375,896.4357336603009,115.71706577296789,165309.25009283348,510193.6310862346,40601.1580028956,651385.6368863828,0.0,0.0,9426304.903680012,1367489.6760683465
109,202.61933030348433,207.81652152276018,899.6990627885363,110.33342938793808,162674.53175117695,515162.2745471238,40748.95994404529,621080.483605815,0.0,0.0,8553428.19035999,1339666.249848161
109,239.61257804314604,208.17895649891878,381.87945573377374,123.4446076199058,192374.85326043854,516060.724898064,17295.995170783943,694884.9231317631,0.0,0.0,31403458.80359996,1420616.4964610497
109,349.37647402707967,160.61721794276755,303.1310051983421,128.82440995122934,280499.665220022,398158.58104315866,13729.33873059806,725168.4940510895,0.0,0.0,30530582.08920005,1417556.0790448682
109,386.5776722444086,153.6751390125299,710.327378819686,132.20457196389137,310366.94141485717,380949.664516302,32171.981836870356,744195.8429618961,0.0,0.0,29657705.37479995,1467684.4307299256
109,409.53392103234984,107.75623683853874,591.1186496579647,135.57618722618332,328797.54730398173,267119.9944047783,26772.8079013816,763175.0811606316,0.0,0.0,28784828.660400018,1385865.4307707732
109,403.1982828150736,164.45503695150407,436.52679959602057,143.21494338425768,323710.9300557825,407672.259529132,19771.069913208736,806174.5818117224,0.0,1082.0527558700414,27911951.956800044,1557328.8413098454
109,342.8884070821733,117.57427492967308,628.7259301589962,145.05946002474548,275290.66936236084,291458.2077362199,28476.108071542156,816557.5935013632,0.0,5979.977569866111,27039075.242399957,1411782.5786714861
109,359.42383819451396,182.11638471065214,521.259147303829,150.5021496201446,288566.27100152784,451453.47584678646,23608.74762736451,847195.1645872882,0.0,0.0,26166198.528000034,1610823.659062967
109,342.157037863894,131.22931922621166,477.36017989365155,152.1953476069693,274703.48380142445,325308.0846723812,21620.4858423206,856726.3849103686,0.0,0.0,25293321.813599955,1478358.4392264949
109,277.76017605512,202.74591489392407,1753.0610515520282,158.87929283555223,223001.9540150168,502592.6038342067,79399.231947349,894351.1370638341,0.0,0.0,24420445.099200007,1699344.9268604065
109,194.34653846320668,207.06787728889563,1718.9293029029518,160.93419353562223,156032.65539675203,513306.4391038286,77853.34475456849,905918.4265756466,0.0,0.0,23547568.39559998,1653110.8658307958
109,283.9547830786435,194.0090634113688,831.4656573476054,163.05430748246147,227975.34325396502,480934.5746787113,37658.5484718575,917852.8094975492,0.0,0.0,22674691.681200024,1664421.2759020831
109,307.40584498935186,210.33496608978217,705.9043935055015,171.4999618123875,246803.2137719377,521405.31827608834,31971.65701843363,965394.439488536,0.0,3888.818382115336,21801814.966799974,1765574.6285549956
109,401.6257268311284,166.83149851168636,566.887888845081,175.3877054301357,322448.3910474972,413563.3375519312,25675.35393858914,987279.0278643455,0.0,451.7990177826723,20928938.252400003,1748966.110402363
109,305.59936665318634,252.40281276294718,661.9580935815478,178.13425377826695,245352.868353195,625688.4975856498,29981.25146022412,1002739.6873015349,0.0,15178.921386989765,20056061.537999954,1903762.304700604
109,187.4878246381972,222.36037387147573,781.6248049273257,180.19405320804782,150526.08276013547,551215.4429946635,35401.168217890954,1014334.5523671461,0.0,20576.564008379355,19183184.834400013,1751477.246339836
109,271.3032353588078,195.5387650990942,715.7877615278298,186.96543870033088,217817.9481122017,484726.5956164734,32419.292215924965,1052451.5165506988,0.0,2894.8882588172564,18310308.120000027,1787415.3524952987
109,246.10235831146048,242.66622519012822,903.7644378029988,189.60806547008187,197585.22467334772,601552.1942562183,40933.08796026041,1067327.1886045036,0.0,14645.192854730412,17437431.405600026,1907397.69549433
109,289.1866678678912,213.46325006603735,717.3209355294852,192.65988071019672,232175.80333342633,529160.1102282789,32488.732374934432,1084506.2330312089,0.0,17161.103874849854,16564554.691200022,1878330.8789678486
109,220.28515567358636,233.62787487995166,846.9250071527293,195.45438556219958,176857.6793599221,579146.7710982029,38358.729734709435,1100236.8455441059,0.0,0.0,15691677.976800013,1894600.0257369403
109,172.77572812246981,241.50372972426533,1504.0577478535936,201.50777645015575,138714.35972171952,598670.4512458144,68121.4324385956,1134312.1295355763,0.0,13684.221088739112,14818801.262400001,1939818.3729417059
109,188.0206083708361,259.06015473688467,1327.8550061555384,198.50172318615813,150953.83239341015,642191.5715886282,60140.898990854745,1117390.6849171552,0.0,12922.88399554044,13945924.55879998,1970676.9878900484
109,181.5719260897648,247.20110793425687,818.4653254050268,195.2454230381271,145776.45682458294,612793.8438235938,37069.74047205197,1099060.5697206643,0.0,5192.962860843632,13073047.844399968,1894700.6108408931
109,198.67585825148763,287.6963652281199,689.4136193644584,191.2397834613512,159508.48402724275,713178.6866792793,31224.760725314332,1076512.330449072,0.0,6360.005526496796,12200171.12999999,1980424.2618809084
109,305.13660956071794,302.22221706530445,1322.8649478827317,186.59673465964585,244981.3401617876,749187.2331477994,59914.890436342284,1050376.0360261977,0.0,11482.053106441745,11327294.415599989,2104459.499772127
109,162.93821608572065,287.8524433855174,752.3033652391904,181.67665312066043,130816.23538295196,713565.5932542854,34073.14841574696,1022680.2901533048,0.0,11169.866733149393,10454417.705519998,1901135.267206289
109,135.8197567730493,286.0163454781608,757.6074988291897,177.95102523610802,109043.9658571638,709014.0380299264,34313.381996214244,1001708.2712365603,0.0,7409.293519721716,9581540.993280018,1854079.6571198646
109,141.6579285407166,280.148117657749,1086.4207067482994,174.79607859827667,113731.18823207599,694467.1215029217,49205.91305770104,983948.6874508954,0.0,1315.3733908184804,8708664.281040013,1841352.910243594
109,148.62960465495976,311.93988992460197,1149.495476124588,169.4524302107034,119328.45353596724,773276.6482569455,52062.680789377984,953868.6315405127,0.0,0.0,7835787.568800014,1898536.4141228036
109,157.3965235251363,312.5060611190117,752.1856379996973,166.2192820895818,126367.04368415508,774680.1461028241,34067.816341095735,935668.8419592876,0.0,5331.819372150698,6962910.856560011,1870783.8480873625
109,155.08478021431003,330.66308275820074,1104.1492553815474,163.27292256679755,124511.04228461285,819690.1024725421,50008.87034419994,919083.4207733538,0.0,2103.5152145249303,6090034.144320008,1913293.4358747087
109,152.1879759623718,335.43872207386045,1032.3555741651612,157.96415821274869,122185.32008153849,831528.5703395084,46757.20769262986,889199.7313906105,0.0,7871.933654886205,5217157.432080003,1889670.8295042873
109,145.56288608634614,328.14553466192706,995.8328514228583,153.11239957257152,116866.31427998096,813449.2810303638,45103.02905932015,861888.5835427094,0.0,0.0,4344280.719839996,1837307.2079123743
109,136.02102562240853,316.8784039394614,650.111608914176,134.41444446032193,109205.55614460859,785518.8708393266,29444.703241876203,756635.4878311268,0.0,148358.464907264,3471404.0075999955,1680804.6180569383
109,123.19473261633578,241.97572623353352,483.5414312429429,103.06476649407423,98907.86536781501,599840.4967913332,21900.44563560489,580164.2835898104,0.0,499094.2562752585,2598527.294280001,1300813.0913845636
109,106.51348166483518,163.27018105488915,326.7650147693041,71.13219783175076,85515.19111756077,404735.0866121853,14799.764775435087,400411.91572096647,0.0,864711.5346122326,1725650.5820400037,905461.9582261476
109,79.71607504773893,84.5984574968921,165.01098142192276,37.45337533933149,64000.681287463565,209713.5178085636,7473.638853695166,210829.66964285364,0.0,1253717.3335731362,852773.8701240013,492017.507592576
109,91.04780808325249,107.77841651284437,203.58618655261247,46.66907241030714,73098.45277215104,267174.976229035,9220.778040249217,262705.96520764986,0.0,1133565.1927911262,1100102.8424399996,612200.172249085
109,118.78228320875286,190.58034005954838,341.3969580094235,80.76040359966714,95365.29546503627,472435.0150297774,15462.471333278092,454610.27362361265,0.0,735204.3556925263,1972979.5546800056,1037873.0554517044
109,130.46502062764114,285.82744914543935,480.92729207624575,110.54717335172673,104744.87359483785,708545.7775484913,21782.046654659258,622283.6747432074,0.0,336773.00490492396,2845856.266920007,1457356.3725411957
109,132.55853868672537,406.16607573008366,670.2749214863622,121.48611259798783,106425.67112518237,1006856.6150746248,30357.93528837484,683860.3130738673,0.0,1031.7756928005256,3718732.979160007,1827500.5345620494
109,163.3274764645528,389.3151490145597,648.300600401652,121.74748774506337,131128.756156567,965084.3744876537,29362.679467052607,685331.6260172677,0.0,0.0,4591609.691400007,1810907.436128541
109,155.5224674867428,381.7501918502542,725.8668455487806,122.28451052920491,124862.44297273972,946331.3874245516,32875.79173674187,688354.5935107301,0.0,0.0,5464486.403640007,1792424.2156447633
109,147.19622404970383,398.1692688260407,735.1665297864622,120.1277260142184,118177.65258113248,987033.1034326511,33296.99086450247,676213.7874374278,0.0,26446.178744672565,6337363.115880007,1814721.534315714
109,155.55392406302926,359.00781715876894,967.5192662066722,116.50153950205589,124887.69813378596,889954.6692078272,43820.656766666274,655801.5362719167,0.0,0.0,7210239.828120006,1714464.5603801962
109,177.6927835494491,395.43360712440614,932.8335028021874,116.43995531855347,142662.05655785245,980251.5939824933,42249.67726690193,655454.871306599,0.0,9551.550711132935,8083116.540360006,1820618.1991138468
109,152.29673749691625,343.6561406081738,949.5287963388472,124.41360528707406,122272.6401396892,851898.962414322,43005.836604748576,700339.5305256993,0.0,0.0,8955993.253679989,1717516.969684459
109,163.83532874843206,359.75166080281525,1766.3968070223111,116.35006847361284,131536.48937903438,891798.6043327464,80003.23187127676,654948.8871689244,0.0,0.0,9828869.965919983,1758287.2127519818
109,132.05410549751835,356.63796696998077,690.3575553786442,123.38379237520108,106020.68294991253,884079.9803012557,31267.51325493527,694542.586617786,0.0,0.0,10701746.67816,1715910.7631238895
109,128.82606997072318,320.29666314499985,598.7604558091155,121.8874792242952,103429.0290982734,793992.4906189935,27118.918801828975,686119.6553217525,0.0,0.0,11574623.39039998,1610660.0938408484
109,178.3609801622368,342.4512599456359,602.3441715622632,124.62081731079496,143198.52349286876,848912.1495366804,27281.231619209542,701505.9525667382,0.0,0.0,12447500.104799984,1720897.857215497
109,162.27474402876447,325.45627405888666,604.8342374197018,123.59482729743688,130283.5615949492,806782.7965807117,27394.011100793432,695730.5282261183,0.0,0.0,13320376.819199996,1660190.8975025727
109,174.0605111201443,307.0988473743856,449.60386611868284,122.18344919163708,139745.85791212184,761276.0504552172,20363.35335770403,687785.7067756882,0.0,0.0,14193253.522800017,1609170.9685007313
109,110.86628847049323,292.04895914673364,707.8019750011482,126.59414256185674,89009.8764857,723968.4553024033,32057.60183660095,712614.0438137869,0.0,0.0,15066130.23720003,1557649.9774384913
109,232.2862750759917,354.8834409023075,1090.3827479274617,119.05591601038383,186492.8729831175,879730.6358258897,49385.36090196793,670180.4367185395,0.0,1080.8581588322995,15939006.951600019,1785789.3064295147
109,238.47373852124505,275.1014582157194,2279.2487552158645,123.23842968200927,191460.52694375644,681956.8141511746,103231.20259894725,693724.3220873835,0.0,0.0,16811883.666000027,1670372.8657812618
109,215.32044810246137,345.0010461410846,1136.0177988490148,110.42326703890942,172871.72462300432,855232.8869180552,51452.252976172414,621586.1908245683,0.0,1110.8332965618465,17684760.380400043,1701143.0553418002
109,261.6800988052087,326.84956695622543,1145.121423779566,109.85010380074192,210091.9368254718,810236.6698957109,51864.57223155863,618359.7842574843,0.0,33987.867998374626,18557637.083999988,1690552.9632102256
109,308.23171733186973,299.90063163941676,433.8830311625169,115.86501586206998,247466.27191354794,743432.1891320869,19651.328970426966,652218.4661875184,0.0,0.0,19430513.798399974,1662768.2562035802
109,112.83825293484078,252.8474650337225,1289.7606607892249,107.45833980073799,90593.08375120237,626790.7587221402,58415.53879250652,604896.2496784003,0.0,0.0,20303390.5128,1380695.6309442495
109,314.497298028743,270.2493862361764,1457.523179833526,114.2864993098779,252496.642927441,669928.875183993,66013.79964593048,643332.8018058907,0.0,0.0,21176267.22719998,1631772.1195632555
109,112.8914687789091,241.32976833295746,1306.6333960723466,112.89309714448032,90635.80851247066,598239.2134146119,59179.73478051547,635489.1691413093,0.0,0.0,22049143.941600036,1383543.9258489073
109,126.75890978871323,310.1402046485993,436.66814593884504,104.02084258262687,101769.39319798948,768815.3573381051,19777.471738774875,585546.1538238479,0.0,10289.50003465556,22922020.645199966,1475908.3760987173
109,133.05524677262395,264.6252705191758,1412.6727655566167,108.66970457011193,106824.45714016697,655987.0950798113,63982.4451514853,611715.1713865302,0.0,0.0,23794897.359600026,1438509.1687579937
109,139.6679932554689,271.54567507863175,845.6852839593588,115.68648957300809,112133.55295089155,673142.282393661,38302.58048121151,651213.519685248,0.0,0.0,24667774.073999964,1474791.935511012
109,145.72282362433953,212.76036874503777,4158.39065149371,106.70904033210556,116994.72139722659,527417.717768769,188340.85873582467,600678.3505437009,0.0,0.0,25540650.788400043,1433431.648445521
109,152.00059626855716,247.23519161984933,587.3594614781498,106.6323262787756,122034.88081246521,612878.3348393518,26602.5476278112,600246.517674861,0.0,0.0,26413527.50279998,1361762.2809544893
109,157.2478642572225,229.09376159328448,351.0751447145422,106.8083747639842,126247.69141523716,567907.0289607714,15900.813506443797,601237.5163136052,0.0,0.0,27286404.217200067,1311293.0501960577
109,160.88527089003404,262.99697443576156,445.1094031372039,106.53064217685825,129168.01209685708,651950.6656957502,20159.791189444524,599674.125322478,0.0,0.0,28159280.920800038,1400952.5943045297
109,163.34210860302548,236.67466670622372,313.06542594919034,116.2834477091186,131140.50368465818,586699.5498464603,14179.28619635279,654573.8706679437,0.0,0.0,29032157.635199957,1386593.210395415
109,166.35526470193247,253.29651560267197,1684.8223671677401,110.41548226413181,133559.63988824116,627903.9229248302,76308.5813824909,621542.3693670966,0.0,0.0,29905034.349600058,1459314.5135626588
109,168.89877762763103,162.4162525147935,1758.6704337874455,116.59102460148694,135601.719356036,402618.2589134395,79653.29077821341,656305.2589345626,0.0,0.0,30777911.063999984,1274178.5279822515
109,170.88415295420347,159.08278945098127,426.89028076601255,120.26532653040016,137195.69363833554,394354.842696629,19334.61495171643,676988.3577159795,0.0,0.0,31650787.778400093,1227873.5090026604
109,168.11152785958816,143.4729904075489,399.87046722852335,125.71172279523672,134969.66965379,355659.26872823585,18110.83986394188,707646.7941013838,0.0,0.0,32276335.51800007,1216386.5723473516
109,146.77184657981692,131.72164424662625,1465.5139355464014,60.21061414924637,117836.93777324026,326528.52314125176,66375.71508847568,338932.97399949434,0.0,0.0,18397137.22559998,849674.1500024621
109,184.33371769347448,124.25190506665582,824.3638236271514,63.305933886432705,147993.78305527812,308011.5746424969,37336.893876700866,356356.91060647595,0.0,0.0,17524260.511199977,849699.1621809518
109,104.77633232992785,148.03649538885168,1349.6917269031946,66.7955241558095,84120.50703576732,366971.8707718495,61129.92264982981,376000.2446722584,0.0,0.0,16651383.796799969,888222.545129705
109,263.02828011260414,136.18322203649672,1701.5945358178371,70.5805074507001,211174.3348502198,337588.4549765889,77068.22253003115,397306.38251526083,0.0,0.0,15778507.082399957,1023137.3948721007
109,197.85761417996017,151.27903440439889,1607.4916955320818,75.32850329005711,158851.5503033254,375009.8927843301,72806.13865329557,424033.4367582483,0.0,0.0,14905630.378800027,1030701.0184991995
109,201.48581954365477,149.8108827402957,1164.3037418973981,78.22193257044042,161764.48367326646,371370.4499473625,52733.37330621441,440320.9070807845,0.0,0.0,14032753.664400011,1026189.2140076279
109,262.6131103735281,172.7641107229316,800.9038622271659,76.03946637900259,210841.01254182853,428269.85837307014,36274.350780997374,428035.53568291396,0.0,0.0,13159876.950000025,1103420.75737881
109,282.0758656489603,173.99224546847168,1370.7028959696167,85.615274871765,226466.83953610633,431314.31645718584,62081.55561475869,481938.94286053703,0.0,0.0,12287000.235600019,1201801.6544685878
109,129.86234430505476,215.66889180468922,973.1285448172504,89.53010230980536,104261.01014297758,534627.7381463775,44074.71090417865,503975.9894015487,0.0,0.0,11414123.521200007,1186939.4485950824
109,226.92547774404696,178.4270519871531,717.7326850530573,88.15988797280649,182188.9144492457,442307.8842284091,32507.381238245478,496262.8838832323,0.0,0.0,10541246.812200008,1153267.0637991326
109,205.1177644997745,220.023214827062,872.5756733494966,96.46283989675642,164680.41940456064,545421.7930938941,39520.4937207144,543001.224428699,0.0,0.0,9668370.09995999,1292623.9306478682
109,191.30113408821953,201.68621793532958,623.5008674453788,98.90329045166112,153587.62840968228,499965.69096163986,28239.45575075124,556738.821630785,0.0,0.0,8795493.387719994,1238531.5967528583
109,184.72605202597867,208.69100272282716,756.5969276938172,103.10027767782745,148308.77177690915,517330.0508181065,34267.611444238486,580364.1804234465,0.0,0.0,7922616.675479991,1280270.6144627007
109,212.432296157546,230.55789182553406,896.0375197214556,105.41043521101395,170552.94899305014,571536.5029561596,40583.122190128524,593368.3421346925,0.0,0.0,7049739.963239992,1376040.9162740307
109,244.30811789023537,238.06361558807262,604.810942015007,111.71938512681044,196144.7045613986,590142.6546581469,27392.956010761605,628882.1994169725,0.0,0.0,6176863.250999994,1442562.5146472794
109,180.70222277247873,243.05175252738027,1528.7977492611315,114.79120019025724,145078.20863824236,602507.8889166022,69241.95080753419,646173.8253161828,0.0,0.0,5303986.538759991,1463001.8736785615
109,232.44922351246038,241.82313194977382,1392.5865702681988,117.57480731439487,186623.69742401573,599462.2264895857,63072.70588300238,661843.0931746963,0.0,0.0,4431109.826519991,1511001.7229713001
109,176.73735479324753,252.24491104569543,1280.14674508875,123.16031330572471,141894.98302491804,625297.0705363553,57980.10756668102,693284.5953696563,0.0,0.0,3558233.114279993,1518456.7564976106
109,170.29297268643734,257.0588082429255,480.9394833539037,120.29021363448878,136721.05988500436,637230.3769519834,21782.598819161256,677128.4502947079,0.0,42926.65100384108,2685356.4009599974,1472862.485950857
109,131.21286438850913,196.24934336438872,259.6518522733086,77.81385428582189,105345.28587258067,486488.0682496913,11760.09108522218,438023.78408038575,0.0,502135.40339154575,1812479.6887200018,1041617.22928788
109,91.80926667698198,114.58685439780056,115.88527565265838,39.90090197703937,73709.79582612976,284052.6061750386,5248.64885491686,224607.0989878705,0.0,993946.972390347,939602.9768039987,587618.1498439556
109,103.48092273821817,121.95165197778367,114.60203254671782,42.99518096983565,83080.47720030333,302309.41196257906,5190.528507697231,242025.17711630513,0.0,996076.9569124323,1013273.7355440015,632605.5947868847
109,161.7358117768949,208.1736753197154,216.17578700357936,84.87782326210133,129850.87557438455,516047.63323301845,9790.983285209622,477787.736785401,0.0,549722.8069261619,1886150.447999997,1133477.2288780138
109,186.180095721238,286.94801410787943,349.0254513364846,132.92897780132006,149476.1622569674,711323.5778436676,15807.97927240428,748273.612775931,0.0,119385.9504675623,2759027.16024,1624881.3321489703
109,192.0825094887015,321.01525602100594,512.7594032534647,149.1277522995512,154214.9618294745,795773.8308982173,23223.779203845836,839458.5125383488,0.0,3622.791926394566,3631903.872480003,1812671.0844698865
109,217.21363563624283,315.85950885177505,1221.9604350763682,157.07677428248454,174391.68520679354,782993.1028828078,55344.74679544986,884204.5377887271,0.0,0.0,4504780.584720002,1896934.0726737783
109,254.72536749916645,331.803156331357,367.4617334679314,160.88214137747184,204508.2757948529,822516.2632166189,16642.99105930443,905625.4185568069,0.0,0.0,5377657.296959994,1949292.9486275832
109,230.7732748124593,334.5471098950824,1468.4408231796697,163.66523909467836,185278.1487559626,829318.3275990969,66508.2789999675,921291.8189008699,0.0,0.0,6250534.009199994,2002396.574255897
109,225.08363921033163,362.1195876134193,334.34767325541407,169.00712237215902,180710.17981625366,897668.5253225378,15143.196773643685,951361.9387888159,0.0,15638.937315575196,7123410.721439989,2044883.8407012508
109,305.16493462734815,366.02198750942057,341.2500751481972,171.88896347496285,245004.08116554073,907342.295203227,15455.818749012833,967584.1778303605,0.0,0.0,7996287.433679985,2135386.372948141
109,240.675623115923,388.00732160881597,464.76306736555034,174.40609158948868,193228.32740422024,961842.3640059017,21049.940362116096,981753.4024736979,0.0,9450.618661356973,8869164.14700001,2157874.034245936
109,282.2893653736175,388.50869645993225,429.34893937954433,181.1694558730245,226638.24947851212,963085.2363569987,19445.97194374037,1019825.2142837995,0.0,0.0,9742040.859240012,2228994.672063051
109,193.47362029203614,412.7647843780008,501.48618516050163,182.77138603044492,155331.82613954556,1023214.3412612912,22713.195241374146,1028842.6767373157,0.0,4952.725622047321,10614917.571479993,2230102.039379527
109,330.23284711031084,387.9269492325458,642.4288857702295,189.20655780277036,265130.05295232695,961643.126640813,29096.739138541965,1065067.052419409,0.0,0.0,11487794.284800015,2320936.9711510907
109,260.5603221617308,425.9615502554051,287.9615771482584,195.68008379311186,209192.9152914907,1055928.1788149858,13042.288536201866,1101507.328725691,0.0,29032.70838956861,12360670.999200024,2379670.7113683694
109,354.7545799394471,444.6852604074302,300.94880221994555,195.8588687413966,284817.52008457127,1102342.9154259146,13630.502902670385,1102513.7312526323,0.0,12443.929037430324,13233547.702799983,2503304.6696657883
109,160.82040678064328,407.7126512668361,919.9386484352394,198.08842393555076,129115.93543365426,1010690.4650757426,41665.646532831284,1115064.1724552014,0.0,0.0,14106424.417199986,2296536.219497429
109,185.00589096721447,380.2409845613875,255.4153502025717,206.26480905325326,148533.44268398941,942590.1706339004,11568.212422318762,1161090.0528363402,0.0,0.0,14979301.13159997,2263781.878576549
109,205.61619103338717,385.67996319826926,217.9039184871944,197.61735853604566,165080.58508888286,956073.0091746387,9869.25341298503,1112412.4872156724,0.0,0.0,15852177.845999982,2243435.334892179
109,310.3690065795275,356.3925331068439,696.9942640851068,196.4303357699272,249182.21148880362,883471.5673307277,31568.1015165277,1105730.5896464435,0.0,0.0,16725054.560399989,2269952.469982502
109,387.54735765866354,351.36009669756857,272.37545962649995,186.7236691238935,311145.4610184587,870996.5178586282,12336.365739518244,1051090.5657827593,0.0,0.0,17597931.2748,2245568.9103993643
109,139.9966734137322,346.1681988075555,296.48589822354813,188.71743153206066,112397.4364153236,858126.1747952515,13428.370096596693,1062313.7003080687,0.0,0.0,18470807.978400026,2046265.6816152404
109,189.04170982954477,359.6284131629707,317.02179944886024,185.50970626189405,151773.63177492563,891493.0822596712,14358.477341403057,1044257.0190907669,0.0,0.0,19343684.692799993,2101882.2104667667
109,411.2848902899376,322.3025633217025,754.8885424692484,178.63012305701838,330203.32681999414,798964.9735090579,34190.23565941863,1005530.9966368892,0.0,0.0,20216561.407200035,2168889.5326253595
109,172.73360478103882,395.32332924352016,944.6706870347307,173.20362904942536,138680.54066391877,979978.2230130768,42785.8042521265,974984.5925124437,0.0,35028.377603607485,21089438.121600006,2136429.160441566
109,166.0956549683668,373.1149081731093,402.20639848489475,169.36496919555128,133351.21016052176,924925.137585121,18216.638317152334,953376.3026979428,0.0,0.0,21962314.83600006,2029869.288760738
109,231.32124784085178,363.3609858151949,446.54682567943223,164.74426458294764,185718.09323545775,900745.8625648291,20224.89459570393,927365.7864716682,0.0,0.0,22835191.539600015,2034054.636867659
109,175.61980806025053,387.80775437347694,1100.724971993588,161.29934285929386,140997.75179220174,961347.6511210502,49853.778500288776,907973.8971596065,0.0,16805.67547453416,23708068.25399998,2060173.078573147
109,220.2182441563956,293.6612471269481,1610.1159348471333,166.55637955399493,176803.9589191751,727965.2017450162,72924.99508780289,937566.4051672965,0.0,0.0,24580944.968400035,1915260.5609192906
109,268.38585749630863,289.0335250681622,1698.2181556999656,149.7846464774639,215475.7082231819,716493.4101650818,76915.30030984723,843156.250893434,0.0,0.0,25453821.682799984,1852040.6695915451
109,279.35468804256266,298.4669229505001,1761.1122483362187,158.59930200422656,224282.12057434933,739878.1279640512,79763.88487278805,892775.0341375532,0.0,0.0,26326698.39720007,1936699.1675487417
109,246.81642660692836,343.80195308375005,416.14829276371097,145.26983368713695,198158.52005158045,852260.4210992465,18848.09133851124,817741.8127964658,0.0,0.0,27199575.100799948,1887008.845285804
109,237.20651600974463,304.5602065454513,496.46009862100436,145.3474806985046,190443.12732855626,754982.9416392815,22485.554903016455,818178.8974011797,0.0,0.0,28072451.81520004,1786090.521272034
109,307.88295387931447,327.65214089887877,641.2450865293328,143.01453242717537,247186.26441746467,812226.1932250399,29043.12277964571,805046.4438137006,0.0,0.0,28945328.529599953,1893502.0242358507
109,279.5926690054557,287.01353314567234,592.7042032657178,136.05847394162154,224473.1854724829,711485.9948463592,26844.620425283996,765889.9325716925,0.0,0.0,29818205.24400005,1728693.7333158187
109,270.5596919286523,234.16706823102848,510.57479422632565,128.41159765824696,217220.98838898062,580483.3928024161,23124.834401720138,722844.7227336727,0.0,0.0,30691081.958399978,1543673.9383267895
109,291.6375463931794,295.2151155914875,1678.0150997603128,133.45802659763416,234143.51054025156,731817.1303918514,76000.26821602619,751251.6937083248,0.0,0.0,31563958.66199995,1793212.602856454
109,329.23792044871595,231.91433711227978,560.0274699981203,121.03150567216206,264331.2682136779,574899.0336832565,25364.6334495317,681301.2746128251,0.0,0.0,32363164.62359994,1545896.2099592914
109,313.5686451490826,222.744854204692,751.7535291944615,123.57719615335813,251751.06661874498,552168.5422070215,34048.245369951845,695631.280341305,0.0,0.0,31490287.909200035,1533599.1345370233
109,296.0434206020543,267.89280380152303,651.791019192496,111.25627416808699,237680.8014927476,664087.0760897816,29520.76670019389,626275.2907057804,0.0,0.0,30617411.194799934,1557563.9349885033
109,341.6816543459426,194.5382217904335,809.9165441913542,109.78335717433389,274321.8183844618,482246.32040593826,36682.551068778994,617984.0592642658,0.0,0.0,29744534.480400007,1411234.7491234448
109,154.1740869953363,256.42660362481786,709.5330538054133,100.63097403010576,123779.88503153325,635663.1869775911,32136.005453735273,566464.165602877,0.0,0.0,28871657.76600008,1358043.2430657367
109,299.42565359513725,183.11496820373972,2322.475454797433,103.22526518499242,240396.2539996681,453928.8928148636,105189.01618641856,581067.7505184334,0.0,0.0,27998781.06240005,1380581.9135193836
109,383.36506128383735,193.0670946471742,834.1921682899933,92.82849329824809,307787.67129819625,478599.50156922475,37782.036969037894,522543.0391306042,0.0,0.0,27125904.34799997,1346712.2489670631
109,295.67873137463613,180.23149603712363,696.758288348712,89.04147953789568,237388.00786236644,446780.9718071271,31557.413758556362,501225.4715470602,0.0,0.0,26253027.633600026,1216951.8649751102
109,303.9971683924643,238.70773769294786,1014.0828128735459,89.06963967668673,244066.53080857312,591739.3872287922,45929.60205343833,501383.988441856,0.0,0.0,25380150.919199947,1383119.5085326596
109,326.8280115154452,140.9452211258269,1026.4465548281864,84.3090709358734,262396.4537678123,349393.10969929816,46489.577768103016,474586.1597857089,0.0,0.0,24507274.204800066,1132865.3010209224
109,322.9869553346327,147.37576252905546,1049.767872345951,83.54235763172765,259312.63143601528,365333.9613292965,47545.84143745521,470270.23602291587,0.0,0.0,23634397.501200035,1142462.670225683
109,308.9407074931087,168.0813417842168,2172.1730846191476,79.35597483808857,248035.4902715545,416661.6095198492,98381.5563198859,446704.57088900247,0.0,0.0,22761520.786799986,1209783.227000292
109,303.22667226971856,130.10450089577833,814.7950625318109,72.97478856100865,243447.93190295037,322519.7405825449,36903.50778271111,410784.086218734,0.0,0.0,21888644.072400026,1013655.2664869402
109,356.47650733827845,129.9780822856941,1007.1525111794496,63.95683151421108,286199.98311460327,322206.3579013274,45615.716446780476,360020.89364118315,0.0,0.0,21015767.357999973,1014042.9511038944
109,306.4474515637974,120.11929178596255,820.8427963916301,59.75038278221222,246033.76003076718,297767.12226736447,37177.42033302788,336342.27486511774,0.0,0.0,20142890.6436,917320.5774962773
109,157.13577423509176,104.95572535856319,934.5983431085477,60.801196172200086,126157.69905450444,260177.72699818265,42329.610002108544,342257.4330547396,0.0,0.0,19270013.93999998,770922.4691095352
109,66.85018759542308,93.32261125765554,154.6438597836746,30.23198780191883,53671.20179637065,231340.07022105556,7004.093600349369,170179.58843970764,0.0,943451.1912898243,792905.4370800013,462194.95405748324
109,83.7139875267409,201.92772465800013,338.7064282405857,52.0132412928227,67210.4369387616,500564.3688321852,15340.612487011404,292788.95104826556,0.0,473771.5285104177,1665782.1493200012,875904.3693062237
109,93.77433441455779,310.9745774984563,544.7946672995273,68.64379298575783,75287.46600000058,770883.7078811856,24674.712905348133,386404.3778992036,0.0,191680.2753354743,2538658.8615599964,1257250.264685738
109,112.83503684158171,367.1913516166039,944.6898628628019,80.95809127696728,90590.50168529482,910241.0650835821,42786.67275925548,455723.0819438252,0.0,0.0,3411535.573799991,1499341.3214719575
109,233.92389270106372,373.784053632202,1962.4476906707714,89.17877135592606,187807.64724452214,926583.9012588809,88882.72273128167,501998.3041256399,0.0,17375.067590396386,4284412.286039987,1705272.5753603247
109,255.7006928785046,338.90283369696965,1177.8155761287042,92.71121719285479,205291.32348902518,840115.8549787166,53345.34814828611,521882.87746738805,0.0,0.0,5157288.998280005,1620635.4040834159
109,264.6749536255169,338.3781303905392,1173.2520949151253,107.19530996932546,212496.3797027959,838815.15305751,53138.660022368575,603415.6223127625,0.0,0.0,6030165.711600004,1707865.8150954372
109,163.9019706837844,341.7454749652794,916.0525172429545,95.45884925061084,131589.99338387043,847162.5591135636,41489.63678597114,537349.6372397307,0.0,0.0,6903042.423840008,1557591.8265231359
109,147.55371889577097,349.7142840377452,763.8878546005908,98.47156308236448,118464.6701455491,866916.6661360586,34597.830403851774,554308.5750156287,0.0,22513.298828580417,7775919.13608001,1574287.7417010884
109,145.7142956927269,350.410779057401,968.3284112769483,98.61230169875262,116987.87467988813,868643.2274118777,43857.304376318556,555100.8100473254,0.0,8824.299159881892,8648795.848320011,1584589.2165154098
109,221.29216655086734,322.01926511064477,745.606330844149,101.70064598747392,177666.16600670284,798262.6975316032,33769.82789714865,572485.4809944788,0.0,0.0,9521672.560560001,1582184.1724299334
109,148.86129226556753,338.56564704948386,1211.937097476055,104.16251558323165,119514.4657664475,839279.9934264545,54890.77212850413,586343.648619556,0.0,13849.173139129649,10394549.272800012,1600028.879940962
109,145.6701501784545,327.6675197807768,812.3369260675171,104.47308124922792,116952.4321046293,812264.3163719415,36792.174439748575,588091.8610615904,0.0,0.0,11267425.987200025,1554100.78397791
109,259.1917140372207,292.6972709255364,693.0169453964079,106.40872331906965,208094.11743507657,725575.573774681,31387.961726864953,598987.8290333472,0.0,0.0,12140302.701600008,1564045.4819699696
109,336.8748261830964,292.87861900036444,687.1460969667864,107.50193967111119,270462.61837907153,726025.1226653495,31122.0606301641,605141.6787267564,0.0,0.0,13013179.40520003,1632751.4804013413
109,172.14634948422744,316.01944133513547,1177.8385569944564,107.73766692341427,138209.0581045593,783389.5640558571,53346.38899229356,606468.6165068257,0.0,0.0,13886056.119599968,1581413.6276595357
109,157.20962180162886,296.3313178336149,1528.0137195979864,114.86735162260796,126216.98815732296,734584.1158157989,69206.44071903924,646602.4911221315,0.0,0.0,14758932.833999978,1576610.0358142925
109,199.58606825386556,251.8442322077167,1549.8036868327451,117.79565880339332,160239.2533260569,624303.8163907102,70193.34682882135,663086.2934482049,0.0,2108.8654028940946,15631809.548399981,1517822.7099937932
109,144.35680877784662,288.5776329574838,688.3146619380351,120.90794050821985,115898.00557457752,715363.2862703872,31174.98700207543,680605.7110632845,0.0,0.0,16504686.262799969,1543041.9899103246
109,123.35610288595147,245.86390972209048,713.2714589749942,125.15254262480856,99037.42276497438,609479.0252160437,32305.324428057324,704499.0999474098,0.0,2171.5262021385133,17377562.966399997,1445320.872356485
109,269.6928095894804,261.7722710110813,698.4887063384269,129.07379509419079,216525.00504722874,648914.7136103197,31635.787446232334,726572.3137823698,0.0,3998.1003338443115,18250439.680800002,1623647.8198861505
109,280.0431519090766,270.7859141580549,750.433802222916,133.71026080160985,224834.85923430353,671258.8894801022,33988.4726040073,752671.5511554846,0.0,355.13259085058235,19123316.39519999,1682753.7724738978
109,234.40930384855557,268.4662797107089,938.9120330774799,137.12095217151477,188197.36342316493,665508.6818004797,42524.98464127982,771870.7535839947,0.0,2817.604018036276,19996193.109600026,1668101.7834489192
109,198.8568435243455,227.96698148168167,917.9308669628346,139.3862916301768,159653.78948488054,565113.8217559045,41574.710563039516,784622.6288254521,0.0,0.0,20869069.823999982,1550964.9506292767
109,148.75023605094037,230.87303309028584,642.1520895212133,143.30183716879208,119425.30340624489,572317.715583354,29084.202547441306,806663.7176431774,0.0,0.0,21741946.527600005,1527490.9391802177
109,152.39581945267244,209.4391705311727,591.960603329507,149.43531772135165,122352.18887145871,519184.7052366581,26810.94147054425,841189.8362357263,0.0,1467.4852667558007,22614823.242000066,1509537.6718143872
109,153.3975846031126,205.8259113069795,844.4241002046514,153.932857338066,123156.46394495943,510227.6943752292,38245.45924097884,866507.0415077907,0.0,335.94048049207777,23487699.95639995,1538136.6590689581
109,154.4774612111654,248.83321424963324,611.160720997015,156.23336274214836,124023.4514199497,616839.718499828,27680.548718249174,879456.8701937236,0.0,14111.336933767889,24360576.670800023,1648000.5888317504
109,155.0899389290297,231.411935348182,576.6604735204248,159.26784395644398,124515.18399952329,573653.6156884184,26117.971562587903,896538.3392509476,0.0,19849.053143376834,25233453.38519996,1620825.110501477
109,442.4073134208211,236.13542382892317,486.1311779299583,163.1580986127674,355190.2103626223,585362.8053702852,22017.73983805447,918437.0625726326,0.0,23130.701907773386,26106330.099600043,1881007.8181435945
109,396.8362733005522,157.91868599739598,623.3768623417435,168.1097213980401,318603.14040303236,391469.1135998137,28233.83934054266,946310.3580114759,0.0,12813.377431618748,26979206.803200077,1684616.4513548645
109,445.34985605316086,156.18908054842757,705.6731866591641,171.53693412479626,357552.6539861245,387181.5455535837,31961.185251917625,965602.5611956036,0.0,17350.0064676716,27852083.51760001,1742297.9459872292
109,155.91898089593,137.80529745290227,436.27560045322997,176.243340913333,125180.78689913597,341609.4637726144,19759.692660268374,992095.5055415322,0.0,11774.065999782062,28724960.23199994,1478645.448873551
109,156.20525109880887,142.9539289528314,531.4727564224559,179.6328014412226,125410.62119548807,354372.5525533973,24071.340027504517,1011175.1969415226,0.0,17131.59425377648,29597836.94640004,1515029.7107179125
109,156.05556959344713,122.8408229111151,1743.119155890219,186.62437967646707,125290.44821515071,304513.60303035245,78948.94592967183,1050531.6532358853,0.0,2378.434943604865,30470713.66079995,1559284.6504110603
109,155.72699587336115,108.24617916924299,390.5464169231402,185.70250938591462,125026.65020545108,268334.5263564878,17688.537153930476,1045342.3316580614,0.0,26414.278379115625,31343590.364399977,1456392.0453739306
109,165.61710142244803,107.07625243036082,432.128069920303,193.00190844335359,132966.99966153532,265434.36175244296,19571.843675487704,1086431.5493301228,0.0,8936.156622020062,32216467.078800034,1504404.7544195887
109,165.21489464205638,136.38376755421962,540.58021276028,196.96778240410816,132644.0847670415,338085.59295341256,24483.83281409461,1108755.9430440594,0.0,14018.348995974287,31710656.206800047,1603969.453578608
109,223.3181412863491,116.33352367690114,534.6557243537432,199.20305095751274,179292.73584552607,288382.4742341789,24215.50226807994,1121338.5454505896,0.0,17402.84663723642,30837779.492399946,1613229.2577983746
109,396.8080594344958,152.11494799776972,351.37472127768416,198.3220019083695,318580.48867753934,377082.0627202445,15914.381858214456,1116379.0116759406,0.0,4077.025335815735,29964902.778000034,1827955.944931939
109,462.8629793778966,168.60512569111268,298.33399207807525,194.84150727331547,371613.2035501016,417960.0323154502,13512.073532073831,1096786.8780577036,0.0,3524.663619819097,29092026.074400004,1899872.187455329
109,341.8314191008813,140.27213151989324,247.26042339478764,190.69268460937425,274442.05820238043,347724.5687679708,11198.861380863784,1073432.6435268854,0.0,517.9491257469635,28219149.360000074,1706798.1318781003
109,330.35310060963667,175.6138278091824,350.34525834831715,187.1427059859565,265226.5994252867,435334.10295387445,15867.755663514821,1053449.375967329,0.0,3359.978474691976,27346272.64559998,1769877.834010005
109,224.0299801822539,165.5808908884871,406.03051044692864,181.97111545922343,179864.24133268837,410463.1708134424,18389.839103512484,1024337.8549788789,0.0,8733.159259025124,26473395.931200042,1633055.106228522
109,233.6295793133373,236.88150185442504,253.81351203937965,179.54999708899493,187571.35541360558,587212.2793668224,11495.662342132564,1010709.0810289518,0.0,0.0,25600519.21679997,1796988.3781515122
109,306.3045690436159,238.55585267690893,373.851908740342,177.34883645676953,245919.04566945162,591362.8751509319,16932.41338614761,998318.4763179368,0.0,1580.0684210092295,24727642.513199944,1852532.8105244678
109,308.8400153153644,188.0779532462701,264.8468424506313,168.4366229431144,247954.6487603274,466231.7773224041,11995.38136771877,948150.5271318642,0.0,0.0,23854765.798800062,1674332.3345823144
109,293.854690666443,181.3304152497369,337.0191907216688,166.04003221055876,235923.5623543492,449505.1138385939,15264.194519139635,934659.8222798713,0.0,0.0,22981889.08439999,1635352.692991954
109,290.17891479160824,205.18977067019966,583.6913611064722,162.9369250132229,232972.43662332738,508650.7472924177,26436.41288198524,917192.0490991281,0.0,0.0,22109012.370000035,1685251.6458968583
109,279.2876961848259,250.49911004667777,305.6748645822727,154.66980928155394,224228.33563155963,620969.3548813607,13844.554616027335,870655.4349003899,0.0,0.0,21236135.655599996,1729697.6800293373
109,249.4407903194502,280.527778321226,1301.2207366523542,150.2297218700878,200265.51121298558,695408.2730991457,58934.58587348824,845661.6351783724,0.0,0.0,20363258.94120002,1800270.005363992
109,225.42645131050836,214.6562420992091,824.4242952480253,150.5887424876771,180985.40922201352,532117.452045099,37339.632743238195,847682.6065198217,0.0,0.0,19490382.2376,1598125.1005301725
109,218.59923268665298,237.65182666499024,1169.332363672265,145.79189769077206,175504.12275672363,589121.8594071533,52961.12846986068,820680.5754692983,0.0,0.0,18617505.523200005,1638267.686103036
109,348.0080396840563,246.04138768845266,1165.8502652931431,143.14644811995515,279401.0068854489,609918.9803849744,52803.41808286497,805789.013520102,0.0,0.0,17744628.80879998,1747912.4188733902
109,438.062069921109,244.32768810824953,550.9934190793466,149.10129203940141,351701.5972544763,605670.8418483508,24955.46532404695,839309.5644701041,0.0,0.0,16871752.094399966,1821637.468896978
109,180.03857685698785,297.3412034475428,745.1616972514065,144.03615144906155,144545.39526654006,737087.5499320634,33749.689656252536,810797.2633041653,0.0,0.0,15998875.379999977,1726179.8981590213
109,146.25975662248146,268.1580789072695,521.667323515959,148.94464322705315,117425.80230112489,664744.6740798535,23627.234649087804,838427.768982832,0.0,0.0,15125998.676399956,1644225.480012898
109,162.53795835364662,319.92851995044595,574.1400191931913,136.86855754262822,130494.88529731397,793079.8900034325,26003.81573352334,770449.9930852233,0.0,23730.47177953145,14253121.96200003,1720028.5841194931
109,155.5363806955381,330.7575324542468,561.189781871361,131.5212661194413,124873.61330245377,819924.23650524,25417.276607587657,740349.4300780044,0.0,9183.155903184786,13380245.24760002,1710564.5564932858
109,179.78241225806974,337.39399681744203,2021.501701348209,133.69019033331577,144339.73149241833,836375.556406291,91557.38319849582,752558.5720137736,0.0,12515.015854821075,12507368.533200005,1824831.2431109785
109,140.19972268037824,334.3089488132586,647.9444825319258,145.65020841203764,112560.45612486755,828727.9433326204,29346.55025962201,819882.9890419906,0.0,25250.944508803426,11634491.818800023,1790517.9387591006
109,327.2289594188333,288.8710787297979,2693.003582270824,141.3087670791962,262718.357962948,716090.717325502,121970.88964726054,795444.480264503,0.0,0.0,10761615.110879987,1896224.4452002135
109,267.9453271364487,333.74573034940266,687.7850781629536,147.6061340765457,215122.02493982957,827331.7650943316,31151.001217349898,830893.1358700969,0.0,0.0,9888738.398640005,1904497.927121608
109,229.31967887546304,322.762610147191,579.7742434138262,142.8022095478683,184111.11776216698,800105.3966442363,26258.999701783607,803851.2521361451,0.0,0.0,9015861.686399993,1814326.766244332
109,275.128076116291,320.45248262129326,2416.8631261470578,128.69950713545555,220888.75176313895,794378.7559420674,109464.00056521366,724465.4006943902,0.0,0.0,8142984.974159981,1849196.90896481
109,137.29293097196435,328.290104023583,569.9377163931614,137.10616683263035,110226.71541337582,813807.6581249026,25813.48601600599,771787.525087649,0.0,0.0,7270108.261919983,1721635.3846419335
109,93.76755833966628,360.52822774789456,585.7822690722462,144.06082424870252,75282.02577468529,893723.6581775213,26531.113797511298,810936.1495367235,0.0,33067.105655444786,6397231.549679984,1806472.9472864415
109,146.8741231578729,339.08650324575547,931.8561724659284,141.04683101912414,117919.05133278786,840571.1586370793,42205.41224944055,793970.0098726569,0.0,0.0,5524354.836360011,1794665.6320919646
109,100.6671066213513,351.3655803800993,1515.2787576907613,115.73025142560188,80821.38267778352,871010.1115149204,68629.65179693226,651459.8605515042,0.0,0.0,4651478.124120008,1671921.0065411404
109,136.02923207021587,362.0374796443062,873.6060915507132,104.26832327808381,109212.14475613149,897464.9855470819,39567.16318136367,586939.2531852125,0.0,0.0,3778601.411880007,1633183.5466697896
109,168.6798737703391,340.0330222364871,515.396965048289,88.64434418232736,135425.97066300578,842917.5114322971,23343.23903699729,498989.94764409063,0.0,135919.17720387565,2905724.699640004,1500676.6687763906
109,150.79691531220146,230.5608166878084,346.50503009620576,67.80621015238329,121068.496037332,571543.7534802804,15693.824941906347,381689.5208146557,0.0,444542.310627869,2032847.9873999977,1089995.5952741746
109,94.78962165112463,132.3737380132144,209.4608671086455,42.88841338053618,76102.59738728766,328145.0168904109,9486.852700725012,241424.16918640214,0.0,815780.3234521463,1159971.2751599976,655158.6361648258
109,194.12939173856728,339.2972529800911,937.9924190017872,143.52525255307302,155858.31743156823,841093.5921361343,42483.33369521988,807921.3503994865,0.0,0.0,11173097.124000011,1847356.5936624089
109,271.3261141153753,320.8937141530055,1391.8587592947533,148.76326705515146,217836.31650284881,795472.5373113888,63039.742038278746,837406.7801385245,0.0,0.0,12045973.838400016,1913755.3759910408
109,273.77264843601955,302.7944040273116,1173.8743223026122,149.47220561310704,219800.5359306195,750605.6436507466,53166.8417999623,841397.482728523,0.0,0.0,12918850.542000012,1864970.5041098513
109,281.6090330353146,312.9562472386722,735.6726886326638,153.13405861568296,226092.03928029042,775796.1252544068,33319.91569281703,862010.5049680173,0.0,0.0,13791727.25640002,1897218.5851955316
109,184.2169483242078,289.72267933276675,896.2979550425864,156.67731545862026,147900.03384369065,718201.7742348204,40594.91776590236,881955.9347961207,0.0,0.0,14664603.970800038,1788652.660640534
109,183.34806532863922,330.6334874932513,821.8348447400994,162.06830577718713,147202.44425912845,819616.73793013,37222.351955262806,912302.4842756733,0.0,0.0,15537480.685199963,1916344.0184201945
109,199.24989202533357,274.6484834758742,788.3122409681685,168.38172098779336,159969.35158232687,680833.9222098546,35704.05401007135,947841.4772532295,0.0,0.0,16410357.399599973,1824348.8050554823
109,214.71804491335251,283.9292298211665,1623.5537874446359,172.83657646614378,172388.08045851658,703840.2277802809,73533.61917098516,972918.4082453733,0.0,0.0,17283234.113999985,1922680.335655156
109,216.2532232740601,287.0058874941395,792.9356663741064,178.14687951267692,173620.61054638427,711467.0418237352,35913.45711435704,1002810.7591179076,0.0,0.0,18156110.817599993,1923811.868602384
109,222.17073626736513,296.52767031551343,857.9856482943369,177.365471313383,178371.5326517706,735070.8595570887,38859.68571152005,998412.1159777165,0.0,0.0,19028987.531999994,1950714.1938980957
109,280.336131854474,293.65270112407353,858.1052333129581,182.15448414535277,225070.08050050068,727944.0168158927,38865.101928269905,1025370.0599315495,0.0,0.0,19901864.246399973,2017249.2591762128
109,238.48374934682903,296.8985892942858,782.9127074363745,186.71671689876464,191468.56421424725,735990.3411429458,35459.499597708564,1051051.430849955,0.0,0.0,20774740.96080002,2013969.8358048566
109,189.28760967837215,261.06839565706713,1975.5307876589195,189.87132520001865,151971.05441325813,647169.857014152,89475.2793062121,1068809.1100972923,0.0,0.0,21647617.67519998,1957425.3008309146
109,231.2667359200184,246.34397812685245,964.5210409662561,198.94521213209632,185674.3279087086,610669.080412441,43684.861848923145,1119887.1388980122,0.0,6079.134600085206,22520494.37879999,1959915.409068085
109,139.04053810960662,233.21852545368864,888.6267499528822,203.02721441555752,111629.79562480064,578132.0231851256,40247.475335592324,1142865.2332648432,0.0,4530.932707854081,23393371.09320005,1872874.5274103617
109,382.34614618259616,241.2785847707572,851.5781520402871,203.40122675661203,306969.6272510644,598112.3330293118,38569.47888681953,1144970.5948669007,0.0,0.0,24266247.80759994,2088622.0340340966
109,223.75459556985479,291.32239814765524,916.7405551742218,198.42855260986212,179643.14661874174,722167.3626167023,41520.799239352265,1116978.798717626,0.0,2111.929962481081,25139124.522000015,2060310.1071924223
109,284.0817966128493,254.7180926515651,939.3440879159496,192.60783188471862,228077.31707438995,631427.9106260273,42544.55316817354,1084213.2437723924,0.0,0.0,26012001.23639996,1986263.024640983
109,303.22666456793905,176.86309547548615,907.6919995886965,193.9007777425236,243447.92571951577,438430.94803517725,41110.97417188668,1091491.3954902927,0.0,0.0,26884877.939999975,1814481.2434168723
109,111.2651102240243,241.2571500116989,1446.584579763018,185.3081548635876,89330.0736846083,598059.197796608,65518.37112482528,1043122.4614084215,0.0,0.0,27757754.654400066,1796030.1040144633
109,115.27945180714288,164.12135006812295,692.511183909168,187.35776823026285,92553.0195720761,406845.0736414578,31365.054895639743,1054659.9878683647,0.0,0.0,28630631.3688,1585423.1359775383
109,148.80328458426544,230.6549291737909,1622.5863787002259,181.17579617323068,119467.89384075979,571777.0515933792,73489.8035199459,1019860.9046157334,0.0,0.0,29503508.083199926,1784595.6535698185
109,128.98467353663116,182.70783714844583,1465.2618400389567,178.02858661523837,103556.36522548053,452919.64408455516,66364.29723759663,1002144.873806848,0.0,0.0,30376384.797600023,1624985.1803544802
109,133.53752732260926,205.58537604252666,633.7349409885593,178.4536258000248,107211.6598938433,509631.42468003684,28702.97502083132,1004537.4718064116,0.0,0.0,31249261.501200043,1650083.5314011232
109,139.2729354977277,126.97971041300961,2094.0331699796134,172.0172662150623,111816.37770577073,314773.60875052866,94842.46154545255,968306.4097804682,0.0,0.0,32122138.21559996,1489738.85778222
109,139.82678266110008,115.31045818350456,1441.5629105133642,168.68478416933553,112261.03828099016,285846.36814055854,65290.9308533281,949547.4572848435,0.0,0.0,31804985.06999993,1412945.7945597204
109,140.82772570359822,116.4197425089657,1416.4451829111438,162.4726358623878,113064.65331862797,288596.20454450126,64153.30459774881,914578.50819921,0.0,0.0,30932108.355600063,1380392.670660088
109,142.1494921747156,105.91109669792614,1886.3275064117797,160.36002109183852,114125.84398316807,262546.02413171664,85435.10511379833,902686.3390656639,0.0,0.0,30059231.641199958,1364793.312294347
109,136.69259793598042,105.90378773046194,1851.2075997893212,155.55670957222654,109744.73328769622,262527.90572478797,83844.46250074325,875647.9060353559,0.0,0.0,29186354.926800035,1331765.0075485832
109,232.9104123801341,105.10310158282174,1750.813918429548,148.45142040648298,186993.9665537444,260543.06210410633,79297.4553184915,835651.3568870195,0.0,0.0,28313478.22320002,1362485.8408633617
109,136.66368591918027,218.98692817131104,1685.6889052399267,150.12779442783463,109721.52104635724,542852.9126856008,76347.82842258904,845087.8730332232,0.0,13472.769745639176,27440601.50879993,1574010.1351877702
109,130.47596530343037,181.80547490282,1608.1445653510903,145.38663479727782,104753.66061435132,450682.7526982698,72835.70828074521,818399.3006528154,0.0,0.0,26567724.794399995,1446671.4222461816
109,187.84122912383123,176.3955444001622,4234.992581667955,138.33833801306784,150809.8163463297,437271.9224020567,191810.29547685254,778723.5686501174,0.0,0.0,25694848.080000047,1558615.6028753563
109,124.96371646018311,138.45387933382523,866.236581157577,139.01242581153411,100328.10803687447,343217.2518087054,39233.38503682901,782518.0920161244,0.0,0.0,24821971.36559997,1265296.8368985332
109,121.88327228855007,220.2748182835027,1486.0960778658489,136.23274771061074,97854.94907195498,546045.500044401,67307.91667412403,766870.9411139272,0.0,0.0,23949094.661999956,1478079.3069044072
109,317.9292713394322,188.0305930017612,1411.975317621601,129.37731063662255,255252.0298417235,466114.3746678627,63950.85650241089,728280.84020923,0.0,0.0,23076217.9476,1513598.101221227
109,318.6436200702925,233.8859676013123,910.6922347351352,129.04569370491444,255825.55036972888,579786.5644717324,41246.86012182423,726414.127595839,0.0,0.0,22203341.23320001,1603273.1025591244
109,129.28314249831084,205.39592484804658,1289.5336784992278,118.34009841931075,103795.99339180985,509161.7887360373,58405.25836361019,666151.0112025968,0.0,0.0,21330464.518800043,1337514.0516940542
109,145.187424988881,206.6569461495633,3439.560550706792,117.69877750451529,116564.87236854318,512287.77023732325,155783.77360032,662540.9366665538,0.0,0.0,20457587.804399997,1447177.3528727402
109,282.3877037998994,247.43229146284094,1164.0102032332884,108.19917694157577,226717.20126176297,613366.9312352708,52720.07842155735,609066.5133261193,0.0,0.0,19584711.100799993,1501870.7242447105
109,185.71354465818365,271.8752674691123,745.9571516896842,105.94792686312066,149101.5880462704,673959.3183266524,33785.717192996024,596393.9489437655,0.0,2560.4886185178766,18711834.38640001,1453240.5725096844
109,274.95365383005685,239.7719008167421,513.3868329623364,101.78885652083007,220748.71545121545,594377.3714050549,23252.196603765395,572982.0289674719,0.0,0.0,17838957.672000006,1411360.3124275077
109,231.36688651456433,226.47893695806678,393.7698303094626,101.48623618284432,185754.7346055818,561425.0659447892,17834.53124061457,571278.5417568615,0.0,0.0,16966080.957599986,1336292.873547847
109,223.7610298744395,269.58422764408084,969.6152720299729,103.56968181500046,179648.31245106334,668279.9946680088,43915.588573165485,583006.514212392,0.0,0.0,16093204.243199978,1474850.4099046295
109,169.27373898120882,228.6489302518671,392.814725986507,93.1825206433376,135902.76004414156,566804.3239209831,17791.27287855974,524535.9027252339,0.0,0.0,15220327.539599977,1245034.2595689185
109,214.58881131750357,250.4203549675682,901.7328149610615,85.6740373800495,172284.32424404405,620774.126680114,40841.07217272483,482269.72426800063,0.0,0.0,14347450.825199973,1316169.2473648835
109,223.9477347945113,240.88118803169087,613.2581266421244,92.15817255815702,179798.20997270074,597127.2149718306,27775.543925151,518769.72100085625,0.0,0.0,13474574.110799963,1323470.6898705387
109,153.51442195365587,278.51614121622487,330.6543971908683,89.47103381869529,123250.26773585247,690421.5687746665,14975.92177621285,503643.48557901714,0.0,0.0,12601697.396400021,1332291.243865749
109,182.56236507197445,298.9221958157059,334.56232651371425,86.35390941469275,146571.6385943467,741006.7167935651,15152.91879891425,486096.8078129309,0.0,0.0,11728820.682000013,1388828.0819997569
109,197.34666491308352,316.2569147238593,280.13131075013155,77.22358856418555,158441.33064356603,783978.2435803866,12687.641938238841,434701.1055242716,0.0,204.93626441329252,10855943.97840002,1389808.321686463
109,141.83237792347327,277.0619253456588,211.36695122750623,65.79177303187006,113871.2462986569,686816.6717718972,9573.182617718261,370350.00578333344,0.0,0.0,9983067.260760026,1180611.1064716058
109,214.42255834053222,320.6651528346968,211.15735760070274,72.10272358763895,172150.84672666923,794905.9501712008,9563.689752096425,405875.1249147961,0.0,13402.516586735612,9110190.548520017,1382495.6115647624
109,136.80637117186618,298.95839635514227,321.44600239084536,73.87293774314988,109836.07702990387,741096.4553384085,14558.857308353909,415839.8787513226,0.0,0.0,8237313.836280023,1281331.268427989
109,266.09452708763354,326.6312195068441,677.8644603741471,69.7345549835502,213636.0954835674,809695.4022051508,30701.678912130075,392544.41172980063,0.0,0.0,7364437.124040021,1446577.5883306488
109,248.43454924353026,321.96420616732263,248.89412870818956,67.84675747806166,199457.64260731553,798126.2103540287,11272.854780578857,381917.7667123944,0.0,0.0,6491560.411800018,1390774.4744543177
109,239.86178132592653,319.9789084914651,337.37866048380505,67.78347855411836,192574.92808684552,793204.7995881581,15280.475539698871,381561.56184408953,0.0,0.0,5618683.699560013,1382621.7650587922
109,225.8608461826202,342.2369213602583,493.71848220113304,75.13537700972665,181334.16658050477,848380.8195328999,22361.3822520758,422946.3051042244,0.0,0.0,4745806.987319994,1475022.6734697048
109,188.2495840847561,342.7161914445378,307.0970285711783,80.93262442643703,151137.66735618757,849568.8957499911,13908.966935451304,455579.72590086533,0.0,0.0,3872930.2750800005,1470195.2559424953
109,159.43844579213825,341.68323719314174,292.24569441605917,84.28170586356299,128006.41712478052,847008.2761334509,13236.32377549636,474432.11841820367,0.0,1567.938718793972,3000053.5617599967,1462683.1354519315
109,136.0482751201436,256.8454407857827,238.32951237188524,57.50348869120083,109227.4336193681,636701.4543055518,10794.364643467918,323694.2308733938,0.0,430667.39263699396,2127176.849519996,1080417.4834417817
109,106.53308520112998,161.54226745891447,163.01057887309528,33.74877234727094,85530.9299717098,400451.7125483685,7383.037088387675,189976.0024393574,0.0,862794.1126222042,1254300.1372799973,683341.6820478234
109,79.57340764885024,93.29866022856662,99.78874009689868,20.828134366952135,63886.13963797921,231280.69733514264,4519.608323779041,117244.13749299917,49457.47382614453,1171027.5559064415,698576.5747440017,416930.5827899
109,118.6021496671387,194.15469483169142,206.07156076708668,45.326911739614054,95220.6738265634,481295.58454062795,9333.345029035085,255150.77723737643,0.0,803729.6228978649,1571453.2872000022,841000.3806336029
109,146.86776619449907,285.96403032483965,296.7729974356169,67.69087683356904,117913.94759446906,708884.3525112739,13441.373327095009,381040.29533673497,0.0,482683.54179808206,2444329.9994400027,1221279.9687695731
109,177.56481636863433,376.6940000582681,376.97735043242017,92.74406276120193,142559.31709470556,933797.4500599,17073.970161724552,522067.7692231009,0.0,147175.4582540603,3317206.711680002,1615498.5065394312
109,185.68568742280695,384.42255320746875,487.13688487433177,108.09822618281143,149079.222644539,952955.9798540025,22063.290082226897,608498.2490528021,0.0,0.0,4190083.4239200014,1732596.7416335705
109,218.73850250559263,387.60280722811643,848.5966031551827,114.8349579551874,175615.9366322761,960839.6018245255,38434.43927066858,646420.1431724762,0.0,0.0,5062960.13616,1821310.1208999464
109,271.2657695746823,375.8603840915775,493.4834561347026,118.57632116769342,217787.868411118,931730.9757759864,22350.737506334823,667480.7381912174,0.0,0.0,5935836.8484,1839350.3198846567
109,247.49190279590704,392.7645954343364,594.671636130146,120.43533958051717,198700.83145191227,973635.3051380157,26933.72893534146,677945.3821461247,0.0,0.0,6808713.56064,1877215.247671394
109,248.87973043058741,361.3429806193185,639.53415989497,124.35987981780784,199815.0598440643,895743.3721991064,28965.631889886685,700037.103232186,0.0,0.0,7681590.27288,1824561.1671652433
109,291.3414305403819,367.2499582987592,871.9976505766322,129.9358211622854,233905.7715859979,910386.3468516606,39494.31404820792,731424.7648502195,0.0,0.0,8554466.986199982,1915211.1973360858
109,254.14053964909746,360.42013979686993,710.0467519812364,133.1431825139197,204038.74213030803,893455.7158874042,32159.27175160722,749479.3975252137,0.0,0.0,9427343.698439978,1879133.1272945332
109,193.1871532183708,358.3950214761551,753.2280275226499,136.99600217382692,155101.8337839256,888435.5925945974,34115.02800405472,771167.3946344812,0.0,0.0,10300220.410679994,1848819.849017059
109,285.5663719687517,198.49527798486753,647.9799207104386,152.5734991911615,229269.22013965543,492055.5793363556,29348.155317331228,858855.0468226218,0.0,0.0,17122508.98920001,1609528.001615964
109,189.7511240882058,188.63058221987112,1317.5326692666004,149.7638779816381,152343.1906229015,467601.7049726932,59673.38211792104,843039.3424686457,0.0,6040.021313492907,16249632.285599988,1522657.6201821612
109,306.5126359981904,186.94673964896188,688.8725621792994,144.1888270280776,246086.09386943135,463427.57982396736,31200.25528957769,811656.6929709138,0.0,0.0,15376755.57119998,1552370.6219538902
109,252.92868568895935,171.62340205634882,824.9532482136896,139.5698269206968,203065.79559445183,425442.1232778696,37363.589957490854,785655.7716147884,0.0,0.0,14503878.856799968,1451527.2804446006
109,281.55482861715353,163.45526142810488,1227.5854870114624,137.04057320692758,226048.52083449365,405193.8876032769,55599.515334694406,771418.2904776225,0.0,9476.37384037883,13631002.142399983,1458260.2142500875
109,252.3541040974689,167.95230487768598,653.0196159901831,131.96196809699913,202604.4882196394,416341.73626924405,29576.412019575644,742830.195870077,0.0,0.0,12758125.427999984,1391352.832378536
109,171.3189915884622,151.13929110253633,881.5800683845786,129.24417313063825,137544.8072747759,374663.47914641176,39928.31867883727,727531.3927655901,0.0,5175.824243274052,11885248.724400017,1279667.997865615
109,253.43679737422715,161.6894684026437,867.586090500413,126.25334325648653,203473.7370793755,400816.6131464123,39294.50669898224,710695.6424864101,0.0,1582.3839991185814,11012372.010000011,1354280.4994111801
109,102.41178673246552,150.43420336164922,950.6009038047857,119.02199663929642,82222.11290281189,372915.6171300084,43054.394245844516,669989.5003947486,0.0,0.0,10139495.295599993,1168181.6246734136
109,99.88518082400334,142.33831896081634,1014.5254548264737,116.70764755749886,80193.60736751463,352846.49946870224,45949.65008944884,656961.7439393452,0.0,0.0,9266618.58335998,1135951.500865011
109,111.9449200522673,127.81091054465878,962.4652795993185,113.21672501044203,89875.86438149611,316834.0943523789,43591.75278494766,637310.910318166,0.0,2296.9345511279535,8393741.871119982,1087612.6218369887
109,94.34428441047869,139.40220480340838,474.1046549640764,108.09792696011363,75745.054861681,345568.08273562917,21473.037367114975,608496.5646913272,0.0,757.0057988900226,7520865.158879984,1051282.7396557522
109,93.41021876967014,99.22717229872384,552.3557315007187,104.80601220464364,74995.13287489027,245977.05420014667,25017.16686024474,589965.9704765158,0.0,163.6845370833762,6647988.446639989,935955.3244117976
109,94.83268184945578,108.23109784153597,816.6478602760358,98.37301110926259,76137.16860805984,268297.1408251171,36987.424265662456,553753.8138026947,0.0,0.0,5775111.734399994,935175.5475015341
109,95.26310559645695,111.6862657059842,528.6213424910042,94.81991276595559,76482.73771735029,276862.25452709163,23942.194453298303,533752.9849550654,0.0,0.0,4902235.02216,911040.1716528056
109,96.33320326961683,124.91085540871104,718.327959380859,94.01292790015752,77341.87409712498,309645.0653512209,32534.342264151328,529210.3676042516,0.0,0.0,4029358.309920008,948731.6493167488
109,95.75482945154694,128.11583924285088,424.82940014722607,88.73440312442506,76877.52210321238,317589.9907584216,19241.274027781146,499496.9005378903,0.0,0.0,3156481.5976800076,913205.6874273054
109,92.32710117085284,139.11259714381393,630.4349692289568,85.6124313157131,74125.54334483332,344850.16608708876,28553.513470174876,481922.93613276945,0.0,0.0,2283604.8854400064,929452.1590348664
109,83.89863355656864,121.14492435800784,317.2938831907018,68.24566004512891,67358.68146408381,300309.59196511947,14370.800494728754,384163.23846687627,0.0,131817.02693044773,1410728.1721200026,766202.3123908082
109,55.365451397888705,52.29428194171095,141.1379026423988,26.70871466634808,44450.59051302772,129633.77999737093,6392.384942067491,150346.64936535235,0.0,526226.3227364784,542148.5396879991,330823.4048178185
109,86.31147881843353,135.26647282572935,279.57020681319796,65.71696468909282,69295.8533645832,335315.8993340074,12662.228549700138,369928.9003942633,0.0,105533.80220794899,1415025.252359996,787202.8816425541
109,99.49831835394004,166.82013438405497,312.78600176270805,79.20307953838368,79883.01177391855,413535.16669334914,14166.630581321833,445843.90438739414,0.0,0.0,2287901.9645999977,953428.7134359836
109,109.13657561271546,174.8602617107887,352.41836823079717,89.0683769366047,87621.16283838148,433466.0665608797,15961.650472406758,501376.8803221758,0.0,0.0,3160778.6768399957,1038425.7601938437
109,115.407271950419,185.27249304462643,319.5147514784239,85.84311055778353,92655.64098497223,459277.2423891846,14471.387542821141,483221.4580405693,0.0,0.0,4033655.3890799945,1049625.7289575473
109,119.50634060311724,186.20667395642604,335.8494489185778,88.51127456315851,95946.61067031694,461593.0099702933,15211.214846435192,498240.88234370877,0.0,0.0,4906532.101319994,1070991.7178307544
109,132.02872967043433,218.41346988709384,444.36790249619264,82.62506060889167,106000.30976645315,541431.3506659379,20126.207315492935,465106.6579331784,0.0,21032.209404099267,5779408.813559993,1132664.5256810624
109,126.66401008445868,237.15731315235323,374.260517422151,95.47641461563357,101693.20221991345,587895.9958227873,16950.919995186658,537448.5148461239,0.0,2815.844906162878,6652285.525799992,1243988.6328840111
109,147.42065463533828,229.3373052956046,365.9349084318608,100.09895210435828,118357.83845172066,568510.7563579944,16573.838456162248,563469.3485581685,0.0,0.0,7525162.238039991,1266911.7818240458
109,144.71685876381966,235.29969341797155,326.5198504605907,100.24245596396872,116187.07455327493,583291.0895304698,14788.660850791099,564277.1494850551,0.0,0.0,8398038.95027999,1278543.974419591
109,166.04652326861634,234.660878065406,322.783335174704,107.65104571170164,133311.76438681857,581707.5120187692,14619.427472640189,605981.0150214061,0.0,0.0,9270915.662519999,1335619.7188996342
109,118.57441745677512,258.69466323785355,1009.0451679439209,109.72856622422029,95198.40880215254,641285.544336373,45701.43821517293,617675.6342476362,0.0,0.0,10143792.375840025,1399861.0256013346
109,172.15253566318353,266.1793803329917,342.9187766507723,112.77955596654125,138214.02472725767,659839.6220142193,15531.397187959126,634850.0318454348,0.0,0.0,11016669.092399983,1448435.0757748708
109,135.96219382934297,302.0120477142888,815.8259490105737,116.45830864433535,109158.32257427406,748666.238377432,36950.19845247769,655558.1844413,0.0,13888.730733725824,11889545.79600001,1550332.9438454837
109,134.86471721334487,287.0969458765018,1169.7607394461681,122.95501806748511,108277.20479371508,711692.7690326725,52980.530365420826,692128.9631505262,0.0,0.0,12762422.510400014,1565079.4673423346
109,173.58059774129276,267.1910930686353,787.326764127754,126.84362466493477,139360.55566051105,662347.5854343721,35659.42002304532,714018.4093455233,0.0,0.0,13635299.224800028,1551385.9704634517
109,156.1639584433011,293.6207708456101,899.9221739482709,131.7000798324685,125377.46906045028,727864.8639421961,40759.06504261338,741355.9945252291,0.0,0.0,14508175.939200014,1635357.392570489
109,161.49475386030338,273.27167785144337,3193.4530543990595,135.10673697652402,129657.34031964008,677420.9196636959,144637.13032396685,760532.4877988128,0.0,0.0,15381052.653600024,1712247.8781061156
109,202.3668892526765,323.6060605569919,470.4243797409174,131.36143263807608,162471.85745710327,802196.2498083488,21306.351200757574,739449.7076960083,0.0,0.0,16253929.357199958,1725424.166162218
109,184.70144917996353,368.108092054319,1343.8074439841057,135.55645128290672,148289.01918741406,912513.5989783951,60863.413081367864,763063.9851015074,0.0,22878.562214074773,17126806.07159997,1884730.0163486847
109,196.80330941649478,374.6198806418433,1006.9382150929406,132.99644575528976,158005.09338599734,928655.8565599301,45606.01059845131,748653.3982109695,0.0,34191.149462676025,17999682.785999976,1880920.3587553485
109,210.64513251079606,387.1954490830917,2670.9312902680617,148.19735546691086,169118.11052545515,959829.7901550367,120971.19654998626,834221.1940033669,0.0,37260.80138317391,18872559.50039999,2084140.291233845
109,148.08051526182518,346.03144301002953,554.8622383572803,149.19652718514672,118887.61277421011,857787.1669666402,25130.690983723245,839845.6548527187,0.0,0.0,19745436.21479998,1841651.1255772922
109,256.7306687030915,342.3712622817692,522.1066561704741,153.91368806231202,206118.247725369,848713.8410568056,23647.132801127067,866399.1352900497,0.0,0.0,20618312.9184,1944878.3568733514
109,279.33757129136836,433.9347851730373,2933.4252705267754,158.02649425361784,224268.378255285,1075693.2571907016,132860.01263251383,889550.6286537868,0.0,8536.990740342182,21491189.63279997,2322372.2767322874
109,229.1328412179321,388.270167180589,605.5931245967471,147.96638662915194,183961.11367121077,962493.9393552389,27428.382441676702,832921.0419257149,0.0,0.0,22364066.347200025,2006804.4773938414
109,410.31917168448757,351.37772890523934,1562.8202216737434,146.86543466466134,329427.99200021324,871040.2268387536,70782.88868652002,826723.6475156456,0.0,0.0,23236943.061599966,2097974.7550411327
109,452.57702746527457,471.742336940253,3139.6425932417633,158.8767875487904,363355.04571049823,1169415.4705197501,142199.9594776695,894337.0344956256,0.0,1885.4398846602999,24109819.776000038,2569307.5102035436
109,475.37565759270984,412.4887958107262,4558.101750311587,151.52742358447003,381659.10621150676,1022530.1853673112,206444.48052291136,852966.558199579,0.0,0.0,24982696.4796,2463600.3303013085
109,446.7840628979575,465.2264035099545,624.6977590549111,158.7972605175523,358704.1182939088,1153262.9381698014,28293.665086151716,893889.3670271614,0.0,0.0,25855573.19399995,2434150.0885770232
109,171.6968017345769,426.73988830926646,1753.9499024518034,167.35534727556075,137848.13513849943,1057857.6231115977,79439.48957482603,942063.8930243157,0.0,0.0,26728449.908400033,2217209.140849239
109,279.0834318396489,391.058602332363,1211.7201656073057,167.02137588669905,224064.3403866076,969406.2704090418,54880.94690094098,940183.9268811858,0.0,0.0,27601326.62279997,2188535.4845777764
109,204.0102651151103,462.69863664164313,768.1827810034212,158.80219989259606,163791.25476491288,1146996.785123536,34792.35520796696,893917.1713785526,0.0,0.0,28474203.337200053,2239497.566474968
109,582.2357575853731,480.0762170963954,1814.6461463815883,167.49829962979982,467452.5825947989,1190074.5626149436,82188.52968717538,942868.5894594388,0.0,17294.76158152637,29347080.051599983,2682584.2643563566
109,575.2763258094134,413.74300011943757,1211.5352995691137,177.4426978378949,461865.1477547329,1025639.2680316162,54872.57399149062,998846.8336100526,0.0,0.0,30219956.75520001,2541223.8233878925
109,570.4341853966846,405.46755611055863,688.5146623838897,172.77573721829054,457977.59703025717,1005125.0349607171,31184.04537558497,972575.9366147124,0.0,0.0,31092833.469599932,2466862.6139812716
109,236.01481029263817,388.6139760031427,1632.040809406417,179.89542291170284,189486.3569689606,963346.2168052623,73918.01138863731,1012653.5255931015,0.0,0.0,31965710.184000038,2239404.1107559614
109,504.384268229643,401.41904187081695,1243.4336596213514,183.23406276750347,404948.8986762594,995089.0580855419,56317.307069260736,1031447.1411611951,0.0,0.0,31961413.101600055,2487802.4049922572
109,608.848698206278,393.08008825353267,682.9701140254846,189.93506807829147,488818.9924410026,974417.389243502,30932.922985544672,1069167.9266217467,0.0,0.0,31088536.38719995,2563337.231291796
109,545.7999625756328,396.20070517528796,707.971680728512,193.7552270968886,438199.8164183752,982153.1751166461,32065.288108791996,1090672.0729524037,0.0,0.0,30215659.683599975,2543090.352596217
109,197.38914574231993,372.1591255210444,878.5941767031957,191.02342752314092,158475.43671327856,922555.8208368542,39793.08236977097,1075294.4361854743,0.0,0.0,29342782.96920005,2196118.776105378
109,314.5157922378295,367.8192738415717,4032.0235893300055,201.39120567947538,252511.49114946774,911797.6393120544,182617.47125290835,1133655.938288462,0.0,0.0,28469906.254799955,2480582.5400028927
109,463.8212378835106,339.76073197139743,1192.9291032741785,203.13946471579328,372382.5489697309,842242.5233645882,54029.866491959125,1143497.1040508966,0.0,0.0,27597029.540400036,2412152.042877175
109,440.4292043073898,282.83137922184744,1246.097230681929,201.2683878689958,353602.06981700804,701118.7347646442,56437.94490800561,1132964.5816837484,0.0,7885.630009655841,26724152.825999945,2244123.331173406
109,299.0168779777545,369.92912411766486,1658.327789524308,198.9424040904086,240068.06526244624,917027.8070543577,75108.5951562294,1119871.3320849813,0.0,4724.603725517169,25851276.122400064,2352075.7995580146
109,338.4529156886801,358.00433957548165,1562.907540506684,193.45230561823766,271729.60001896624,887467.1201406241,70786.8435107196,1088966.8905838432,0.0,9778.789263105486,24978399.40799998,2318950.454254153
109,406.01624241836384,294.1613851800392,1064.8127158575544,187.66629053024195,325973.35120914615,729205.0081623791,48227.24897801508,1056396.6979510402,0.0,11452.254774101195,24105522.693600032,2159802.3063005805
109,373.89957327904773,266.7295904485583,1002.6070317733644,182.2535238019609,300188.2293956432,661203.5534886622,45409.84365452596,1025927.5663750959,0.0,0.0,23232645.979199976,2032729.1929139271
109,354.1141606559381,300.4026072410564,928.8987642365427,179.36361270997045,284303.3543980437,744676.5507007099,42071.4660062335,1009659.90036899,0.0,9031.236169313896,22359769.26480001,2080711.2714739772
109,269.30871056212,310.7302864717684,1467.788749298629,174.342670556191,216216.62810546136,770278.1279203729,66478.7454219545,981396.3976543079,0.0,0.0,21486892.561200056,2034369.8991020964
109,356.48394700314236,242.47477157316553,1496.9823367443994,168.52989079870707,286205.9561083759,601077.5944502833,67800.97457018058,948675.5433955453,0.0,0.0,20614015.846800007,1903760.068524385
109,309.2068362308595,254.05375458197074,598.3847130954398,164.6091800089819,248249.15383333954,629781.0641265636,27101.90075054705,926605.3787421908,0.0,0.0,19741139.132400032,1831737.497452641
109,290.20213857166846,216.24066988723808,1049.3873807079603,162.1047682130433,232991.08201881425,536045.1350664285,47528.6082990017,912507.7358247333,0.0,5275.483782392344,18868262.418000016,1729072.5612089778
109,198.5687566096863,251.4471570677467,934.7208750500604,157.25975088712292,159422.49662710814,623319.4955543581,42335.15969020213,885234.5356663221,0.0,0.0,17995385.703600023,1710311.6875379905
109,142.85935912240478,280.2541287011416,488.10051915945314,180.70728418926106,114695.76627611027,694729.915287752,22106.93478133708,1017223.5928672166,0.0,0.0,28801092.585599966,1848756.2092124159
109,150.0650725212144,186.39817909156207,627.1123505682872,178.30382755449406,120480.93026480194,462067.7374860906,28403.026201361543,1003694.2390047698,0.0,655.1590064500924,29673969.300000053,1614645.9329570238
109,157.6177856288899,171.0588457988062,499.50423961493465,172.5449969506695,126544.68571400724,424042.62874483457,22623.429426350092,971277.0711865607,0.0,0.0,30546846.01439998,1544487.8150717525
109,165.61807235833768,228.56076642728576,1503.4247052354772,171.72784343217086,132967.77918509298,566585.7721134978,68092.7608201007,966677.2132353963,0.0,0.0,31419722.72880009,1734323.5253540878
109,173.73212051318228,146.10687029934786,1576.7035046541448,165.5110780021911,139482.20691624194,362188.46836068406,71411.68709863217,931682.2737946955,0.0,0.0,32292599.43239993,1504764.6361702536
109,173.47511618664663,171.33977719532956,1012.5032592090461,162.031855682537,139275.86896016146,424739.0375585526,45858.06127756525,912097.3021967842,0.0,0.0,31634523.853199966,1521970.2699930635
109,171.55121358746828,190.2094657666431,2161.082001560505,156.27567575636584,137731.24854320794,471515.6442169847,97879.22157487468,879695.055370046,0.0,0.0,30761647.138800055,1586821.1697051134
109,169.3803160224138,211.3334845687135,1118.6878100862823,152.40977291915743,135988.3262645386,523880.574078728,50667.34717029706,857933.4114419457,0.0,0.0,29888770.42439995,1568469.6589555093
109,167.27926228281476,118.64027062052304,1546.925638497678,151.5305452969554,134301.47865349674,294100.7347149787,70062.99493542359,852984.1307042211,0.0,0.0,29015893.710000023,1351449.3390081201
109,164.78937504109422,122.76939226818465,1557.6424947194655,151.18927135694793,132302.45299018294,304336.531581871,70548.380285892,851063.0575999251,0.0,0.0,28143017.00640005,1358250.422457871
109,159.31426489041706,106.56790944999688,766.8933919987305,147.79791860828314,127906.71750574776,264174.21590794774,34733.95650213572,831972.7146557865,0.0,0.0,27270140.291999962,1258787.6045716177
109,153.27751538209637,110.72283624891539,902.4106387059911,145.46567001231023,123060.06542129788,274473.9818968286,40871.77200756255,818844.1996271927,0.0,0.0,26397263.577600036,1257250.018952882
109,147.20013582207076,135.95625669450223,1965.0533320855118,146.41317741561159,118180.79317851357,337025.8241473916,89000.73683402922,824177.8356750071,0.0,0.0,25524386.863199953,1368385.1898349416
109,321.5453496603088,143.86296054156838,603.9212822979364,146.51729532746276,258155.22691943124,356625.9767636454,27352.661750520434,824763.9282437172,0.0,0.0,24651510.14880001,1466897.7936773142
109,334.41694937953156,161.03584364422764,1396.5074061989192,139.22575337146762,268489.2925491859,399196.3241781502,63250.287468774965,783718.9391648528,0.0,0.0,23778633.445199985,1514654.8433609637
109,303.2294840978963,141.77185129579763,659.0316368080063,139.3077186952945,243450.18940144024,351442.266693415,29848.707063130474,784180.3320830619,0.0,0.0,22905756.730800025,1408921.4952410476
109,331.3874865283078,165.00616668873283,649.0253928436242,138.0953895378868,266057.06434054335,409038.4706798187,29395.506597153348,777355.9817157332,0.0,0.0,22032880.01639996,1481847.0233332487
109,240.84587471900693,189.2302412990111,760.5356055932317,132.28251312045478,193365.0152501927,469088.2168866594,34446.001124292496,744634.5833461998,0.0,0.0,21160003.30200001,1441533.8166073444
109,353.08680149943683,216.61480383418248,1671.555506103682,135.57869579866423,283478.53097436635,536972.5863281514,75707.70180792855,763189.202224558,0.0,0.0,20287126.58759996,1659348.0213350044
109,237.67100167463616,190.99339545751968,744.7230691171028,132.31381592106203,190816.043318004,473458.9497813249,33729.823413178245,744810.7906720049,0.0,0.0,19414249.873199973,1442815.607184512
109,244.02091905883535,188.36627122979738,1182.033599620528,127.75385789627688,195914.12470829423,466946.49695633113,53536.389883706666,719142.2244816262,0.0,0.0,18541373.169600032,1435539.2360299584
109,306.5283949900349,231.3265138080606,1439.297279910167,123.18244678476265,246098.74610066385,573441.8618077269,65188.316440891635,693409.187453316,0.0,0.0,17668496.455200005,1578138.1118025982
109,284.2119092082663,238.86508888328083,1439.4027376787392,119.72569845151605,228181.77900061727,592129.4495612798,65193.09280952985,673950.7246970491,0.0,0.0,16795619.740800027,1559455.046068476
109,327.76484160791,238.71847671511938,1392.0373875521468,110.33243300626444,263148.59521647793,591766.0084957047,63047.8324276172,621074.8748504708,0.0,0.0,15922743.026400018,1539037.3109902707
109,336.4652438546871,207.40733725726324,1075.7002546337467,106.97384916702332,270133.78196752217,514147.9360557579,48720.36484289686,602168.992139509,0.0,0.0,15049866.312000005,1435171.075005686
109,240.03865710339014,239.6769400144748,819.2606147527999,112.55250656623012,192716.93420360607,594141.9703766364,37105.76053155486,633571.9427646374,0.0,0.0,14176989.608399983,1457536.6078764347
109,286.4982846295396,234.61601107899955,1002.1595169461377,106.99165582955015,230017.41358940973,581596.2899725148,45389.57491743013,602269.2280393167,0.0,0.0,13304112.893999973,1459272.5065186715
109,250.0835853021313,271.8621242472992,1281.961123461701,100.0013566729376,200781.58424838173,673926.7372209998,58062.283968436466,562919.971836347,0.0,0.0,12431236.179599993,1495690.5772741649
109,277.1528226488894,246.62246104361645,1164.942684275362,101.70081413465554,222514.33552956404,611359.4196201779,52762.3121352552,572486.427515705,0.0,0.0,11558359.465199994,1459122.4948007022
109,217.51744648151808,268.28462195442023,801.1102693436661,100.72398675603043,174635.60214661394,665058.3652316474,36283.69932393835,566987.7457101868,0.0,0.0,10685482.755120002,1442965.4124123864
109,198.8706846245943,286.4226365494695,1069.9169462035786,92.32717273119653,159664.90192167778,710021.2045000889,48458.42858741766,519721.0438209943,0.0,0.0,9812606.042880023,1437865.5788301788
109,296.7075814126665,291.3552685679173,1045.9346791390994,92.78094467444244,238214.02825207007,722248.8460345916,47372.22934547452,522275.3820620999,0.0,0.0,8939729.330640014,1530110.4856942361
109,263.8625773892562,305.03002351362824,778.8617232171104,86.67519584462129,211844.15701682837,756147.5842585177,35276.023366030466,487905.36875754164,0.0,10696.682802895783,8066852.618400019,1491173.1333989182
109,183.10110967252524,309.384433922052,617.7796990365532,85.17417849346059,147004.17395756603,766941.8558297969,27980.333926613956,479455.95693801274,0.0,11372.175762157538,7193975.906160017,1421382.3206519894
109,181.9306424689396,299.8492161928568,628.6667325529648,80.76735192333442,146064.45510651555,743304.733922065,28473.426907387693,454649.3865946084,0.0,0.0,6321099.192839989,1372492.0025305767
109,165.1440553394695,323.5413589485194,897.5086636882394,84.47202760795842,132587.21087272628,802035.8591544041,40649.75289927764,475503.462993511,0.0,2094.1868402874097,5448222.480599991,1450776.2859199191
109,249.5456462798801,314.9553795493498,607.6531735187173,95.97853416490406,200349.69565007114,780751.8310892604,27521.685696593915,540275.0077251982,0.0,0.0,4575345.768359992,1548898.2201611237
109,169.83620390364266,315.5610660822821,549.8010151001098,82.82052815752672,136354.3394553771,782253.2846295353,24901.459241350316,466206.96887528326,0.0,0.0,3702469.056119993,1409716.0522015458
109,147.7838836046343,293.3366493221735,476.4186988539872,80.11500405635863,118649.45970231996,727160.5470323139,21577.844502832646,450977.23998457263,0.0,113466.6178777365,2829592.343879995,1318365.091222039
109,127.99632794693079,193.57630731879988,316.48328298052667,67.48168230139757,102762.86415244848,479861.8033160768,14334.086979219817,379862.71351108607,0.0,472721.2144529521,1956715.6316399963,976821.4679588311
109,99.62036068981394,109.20000680504754,178.77214658663578,43.265333714232675,79980.99442844796,270698.9967594493,8096.906334203903,243545.90023774095,0.0,876351.5140207867,1083838.9194000014,602322.7977598421
109,87.38875756464031,90.22157697539944,142.62052060734806,36.61693495423566,70160.7551256452,223652.82830886386,6459.535328863257,206121.2435405871,0.0,1010127.5105666545,869037.792947999,506394.36230395944
109,110.85335517603362,177.4970495634738,257.79809140948583,65.68861431434928,88999.49288796002,440002.4748201177,11676.130980882817,369769.31263782544,0.0,654914.9071680098,1741914.5050800012,910447.411326786
109,120.97013260620382,269.61884743250937,354.3553157250653,88.22198713233269,97121.82765640887,668365.8146443056,16049.378246194827,496612.4477121099,0.0,340354.4626454814,2614791.217320005,1278149.4682590193
109,124.33293135341779,366.8848984647222,433.980675860715,103.42268700515886,99821.67722533754,909481.3896660131,19655.751471305528,582179.062296047,0.0,59844.16422045999,3487667.9295600047,1611137.880658703
109,242.82804314243182,365.1424754254436,748.6257082734785,113.17316103969141,194956.4148449384,905162.0477313068,33906.5808348947,637065.6833532137,0.0,0.0,4360544.641800004,1771090.7267643535
109,225.36182684369905,406.92789172509197,575.6117233489616,122.1718459865801,180933.5249577524,1008745.1023705296,26070.471814621276,687720.3909031721,0.0,18526.09238759498,5233421.3551199995,1903469.4900460753
109,140.98863799859376,387.853796687927,526.8350089503166,126.60118161359094,113193.84302724166,961461.7867213562,23861.288251539492,712653.6675042628,0.0,5342.452539392165,6106298.067359994,1811170.5855044
109,233.86277566826953,375.6420045354348,636.9034435543907,120.40082460308327,187758.57895139864,931189.6284950643,28846.482099451026,677751.0930807417,0.0,0.0,6979174.779599989,1825545.782626656
109,114.39472547705307,398.7506274416235,897.4489254211063,133.52846792225938,91842.71004109636,988474.2498080052,40647.04724762676,751648.2166135474,0.0,38608.57347529277,7852051.491839985,1872612.2237102757
109,114.97249518473046,393.8643954224585,932.8621184663065,129.47894401687222,92306.57702020273,976361.630548894,42250.97332088174,728852.9470430891,0.0,31721.550641652197,8724928.204079986,1839772.1279330677
109,253.4021561604224,366.08900787547725,358.17951696072276,133.98588874777687,203445.92510691198,907508.4338911703,16222.583075915096,754223.0948630476,0.0,0.0,9597804.91631998,1881400.036937045
109,262.36296625028524,366.616002021965,441.1471571280484,143.93113366576424,210640.18235421565,908814.8146408256,19980.334068065393,810206.1052480863,0.0,0.0,10470681.628559997,1949641.4363111928
109,92.60189544983943,361.5991601129594,735.1282451151139,142.7210138061832,74346.16410493104,896378.4228181301,33295.25688410417,803394.1912907399,0.0,0.0,11343558.340799976,1807414.0350979054
109,94.69638265852954,387.6128739890373,317.7676397871753,147.82813933758237,76027.73972470118,960864.5566039402,14392.257767911957,832142.8308687259,0.0,1794.0515078528551,12216435.055199986,1883427.3849652791
109,111.33365919319004,380.90721073071336,608.6631659294225,156.331315417898,89385.10876662323,944241.6975973865,27567.43003710713,880008.2578879388,0.0,7573.786883325432,13089311.76959999,1941202.4942890557
109,114.41778309654066,363.2647370089626,408.26413314651023,152.97178083845878,91861.22203325339,900507.2686668186,18491.003821449678,861097.0233431284,0.0,37983.847302181995,13962188.47320002,1871956.51786465
109,123.85628057637349,335.70840312667343,388.2400841277715,161.25107216412644,99438.99437939003,832197.0903568362,17584.079267306883,907702.1754623395,0.0,0.0,14835065.187600026,1856922.3394658726
109,138.1494535063519,293.86219183642726,501.9506220543568,163.647242320145,110914.38130392598,728463.3292896163,22734.230408761763,921190.5128371274,0.0,0.0,15707941.902000014,1783302.4538394315
109,131.93569017192186,335.703810403586,277.7512338529611,165.34050735450901,105925.61226926859,832185.7053251998,12579.844050969794,930722.1105790768,0.0,0.0,16580818.61640003,1881413.272224515
109,67.55250083855617,341.5584720163578,468.4173392202595,169.60194645281112,54235.05953787144,846698.9921949782,21215.448789979375,954710.2769101013,0.0,40750.07894481765,17453695.33080004,1876859.7774329302
109,72.74207714935825,304.0211780785255,913.1408503918381,177.25127184890889,58401.551920815684,753646.7286710707,41357.7622505917,997769.2731057368,0.0,0.0,18326572.03439998,1851175.3159482148
109,77.6425627447155,280.6817491629381,1336.7708463691029,178.7822402058406,62335.94553658818,695789.9557894783,60544.71314467191,1006387.2828311945,0.0,0.0,19199448.748799972,1825057.8973019328
109,82.72565832955296,290.4553820650523,1154.109838105178,189.9879571661103,66416.94902658781,720018.0918373155,52271.6733951184,1069465.6458209252,0.0,0.0,20072325.463199995,1908172.360079947
109,87.56816216394824,297.3145402133876,380.6614181842032,194.27797223455042,70304.79152702265,737021.4536840196,17240.828098403144,1093614.6698126902,0.0,12061.324149511871,20945202.177599978,1918181.7431221358
109,92.32493798184608,289.8117727337316,633.9293988293939,198.76877138907705,74123.80661143163,718422.6303955908,28711.78235996805,1118893.932191667,0.0,7831.234270534711,21818078.89200003,1940152.1515586574
109,97.24715872608081,230.57452424202998,569.5700367184804,194.18112122220884,78075.65046337307,571577.7335255604,25796.833154004136,1093069.4835176887,0.0,0.0,22690955.6064,1768519.7006606264
109,102.63695906006197,260.69512017558213,769.7678723525614,204.0256014871958,82402.89428680034,646244.5338268258,34864.14679536017,1148485.2772417113,0.0,0.0,23563832.310000025,1911996.8521506975
109,108.64095133117105,240.2859671400219,439.12363666510765,200.5394086506741,87223.24696429391,595651.7050067744,19888.685251588067,1128861.0677445421,0.0,0.0,24436709.024399977,1831624.7049671984
109,114.96653309577945,240.96447319699985,403.15920393192033,195.0526346630451,92301.79030993718,597333.6729323538,18259.79255905515,1097975.3401769644,0.0,0.0,25309585.738800038,1805870.5959783106
109,121.5224580812669,224.7980954752048,1238.8720637784425,191.42180527979326,97565.26653213488,557258.3802784164,56110.7043351115,1077536.9537173954,0.0,0.0,26182462.45319998,1788471.3048630583
109,128.70528136617676,203.29186769004534,399.9637620783035,189.27985604370792,103332.05301185542,503945.9817186229,18115.06535250124,1065479.657258953,0.0,0.0,27055339.167600065,1690872.7573419325
109,135.37740513546288,186.44419253858518,429.5522308231998,184.6002442620083,108688.82034658513,462181.8015261125,19455.17937235412,1039137.5453116631,0.0,0.0,27928215.871200033,1629463.3465567147
109,124.23692431889438,156.8195995070398,416.51882497856747,140.0665183282544,99744.59721839782,388744.5568988015,18864.873397096882,788451.7088146019,0.0,0.0,17159978.64959997,1295805.736328898
109,148.34491392807223,109.92181022884164,528.6627524061502,133.86247694412927,119099.88733440608,272488.29575672344,23944.069981509194,753528.3945975222,0.0,0.0,18032855.35319997,1169060.647670161
109,148.21142132176485,109.44678363382681,549.0580750327251,131.65759978255812,118992.71173970457,271310.7388456315,24867.81017323541,741116.8690843877,0.0,0.0,18905732.0676,1156288.129842959
109,146.20642408149456,115.21408934404154,467.56190816991034,127.56125689202881,117382.9838488126,285607.4766887651,21176.70480652169,718058.0496714626,0.0,0.0,19778608.781999994,1142225.215015562
109,181.37626055214443,103.26113475646538,577.3561489016981,121.85212165620311,145619.36520028155,255976.9582498362,26149.47992957197,685920.6232096213,0.0,0.0,20651485.496399965,1113666.426589311
109,190.125440251495,161.31417989340167,564.2148943523865,119.97873352623814,152643.71331488137,399886.29980743484,25554.28929595645,675375.0903444275,0.0,0.0,21524362.21080002,1253459.3927627
109,253.27426954135234,122.36179840610369,467.1728229719397,116.34616610389716,203343.25032339894,303326.1355866802,21159.08245055548,654926.9202484393,0.0,3055.8211721493863,22397238.914400026,1182755.388609074
109,88.5966856464532,156.10587609911124,540.9175901420383,109.21217580107171,71130.54973904013,386975.287682226,24499.11323171857,614768.808859196,0.0,0.0,23270115.628799986,1097373.7595121807
109,287.82881348231456,150.58821470931426,454.6096614542747,104.86706474105858,231085.639201361,373297.4002316975,20590.07467159081,590309.6427347997,0.0,0.0,24142992.343200054,1215282.756839449
109,81.34080182619422,144.55131259145904,497.1745496737193,103.75421676043318,65305.106030714574,358332.352200557,22517.91365332884,584045.284182539,0.0,0.0,25015869.057599936,1030200.6560671395
109,85.41611006933158,211.62063544919172,771.8876033324543,95.65715011359069,68576.9994833339,524592.4005477759,34960.153156113825,538465.8972577705,0.0,0.0,25888745.77200002,1166595.450444994
109,90.64123676812314,181.42699607911516,446.9716257497364,92.09652642723589,72772.03377642608,449744.53079820605,20244.134541331307,518422.7073258774,0.0,0.0,26761622.48639996,1061183.4064418408
109,96.86199942465988,179.15039824300786,481.3867841947715,94.33004237857791,77766.42227219105,444101.00779587514,21802.857864436868,530995.4441192147,0.0,0.0,27634499.189999975,1074665.7320517176
109,101.8239638676148,172.0269697560023,404.41336296369377,89.4593452335299,81750.17466696342,426442.53870472714,18316.595637176408,503577.68909133924,0.0,0.0,28507375.90440007,1030086.9981002061
109,155.10838920862275,217.22407985799947,427.19381885691905,86.50344927659815,124529.99695240878,538482.9379592763,19348.3627280779,486938.586141274,0.0,0.0,29380252.6188,1169299.883781037
109,128.39411030604438,212.1159964824119,639.7960119773214,79.96012826373997,103082.22686532864,525820.3650749744,28977.491633279024,450105.4250440597,0.0,0.0,30253129.333199922,1107985.5086176416
109,119.2436266262207,245.83442560732303,461.62961686219467,85.21412355988092,95735.68867628941,609405.936206973,20908.020853328188,479680.8126440996,0.0,0.0,31126006.047600023,1205730.4583806903
109,158.97377111580224,216.85022691889324,891.381264257041,78.26488530810724,127633.34938599977,537556.1832958603,40372.232154497506,440562.6933393128,0.0,0.0,31998882.751200043,1146124.4581756704
109,115.48808991264623,340.5382878151023,604.521403406223,82.40922983235801,92720.52632509603,844170.0286182383,27379.84229567667,463891.7198694369,0.0,5965.947514248663,31928240.53440004,1428162.117108448
109,137.45578778302965,256.3550590265721,701.5561005170198,73.22347329088302,110357.46629209432,635485.8330420437,31774.715147377952,412183.9632383514,0.0,0.0,31055363.81999993,1189801.9777198674
109,202.24408351845193,288.3241834756742,532.2711650274741,78.54576278389362,162373.2619021707,714735.0031551898,24107.50136367845,442143.7872966303,0.0,0.0,30182487.10560006,1343359.5537176693
109,138.83845924513182,244.6356812049928,552.1452293819495,83.73597287066457,111467.5550103143,606434.3346789519,25007.632847416855,471360.1200852483,0.0,0.0,29309610.39119996,1214269.6426219314
109,164.27220959424167,287.6891632890781,636.7982493652353,88.9125515495536,131887.24262116922,713160.8335881453,28841.71766879023,500499.7199974706,0.0,0.0,28436733.68759995,1374389.5138755753
109,175.7755627009566,367.3166350018901,454.566474268536,79.05805630689757,141122.80063727978,910551.6336238217,20588.118647655087,445027.5507288055,0.0,1552.2511743736686,27563856.97320002,1517290.1036375621
109,174.62966980406563,325.0372226489203,1324.8510211456583,90.00691524721998,140202.8114627053,805743.9981448193,60004.8432029775,506660.02824092656,0.0,0.0,26690980.25879993,1512611.6810514287
109,212.90401709500543,371.3455851898853,576.9768745706367,87.2701878480796,170931.67387829925,920539.1126157523,26132.30192509976,491254.6521370165,0.0,16931.361378593952,25818103.544399995,1608857.740556168
109,125.40279244080627,377.0562561916422,1199.390014531274,97.84480836799499,100680.62366035461,934695.4570723848,54322.49257650945,550780.4954185181,0.0,15785.346519046696,24945226.830000043,1640479.0687277669
109,152.2616894098454,328.53091895193944,1690.6563993272462,104.4716616280229,122244.5015058062,814404.6210868846,76572.81500527934,588083.8698387177,0.0,0.0,24072350.126400027,1601305.8074366879
109,123.49851770456517,368.84085740702835,523.8496286434876,106.43889269938472,99151.76162838742,914330.0718124366,23726.075103530122,599157.6561965209,0.0,0.0,23199473.411999956,1636365.5647408748
109,237.24445369179773,367.54618005903745,507.65169151713553,102.73671542778133,190473.58589662315,911120.6593821425,22992.44191612619,578317.6436726896,0.0,0.0,22326596.697599996,1702904.3308675815
109,399.1003950999928,346.3756957923292,3710.040675676687,106.59321490439775,320420.9084955434,858640.5449610807,168034.29628498034,600026.3549241169,0.0,0.0,21453719.983200014,1947122.1046657213
109,140.9876857476142,371.7064002422161,631.9432328879494,119.12973596482024,113193.07850501183,921433.5472915305,28621.82539575904,670595.9783477217,0.0,0.0,20580843.26880004,1733844.4295400232
109,146.21085745487315,350.825242222351,1071.5312382122513,121.10746271517424,117386.54321769098,869670.6519169513,48531.54272426639,681728.8461772093,0.0,0.0,19707966.5544,1717317.584036118
109,363.11807869640137,361.67440464459605,857.4846786007424,119.78270016620125,291532.2212044066,896564.9486235912,38836.99590909413,674271.5943801492,0.0,0.0,18835089.8508,1901205.760117241
109,334.1881026439849,354.2715307291336,1345.2312214001545,123.52414003700191,268305.5611377156,878213.7543271477,60927.89847575739,695332.6209178866,0.0,0.0,17962213.13640001,1902779.8348585074
109,366.8886146095699,361.6182811689293,1256.8136803735133,124.6822273674476,294559.42578161537,896425.8225465685,56923.311846002944,701851.63735054,0.0,0.0,17089336.422000002,1949760.1975247269
109,274.98793480818046,415.15363686976815,757.2123554864093,137.3023102176117,220776.23820561342,1029136.1355161414,34295.4852561674,772891.6403959113,0.0,0.0,16216459.707599986,2057099.4993738336
109,271.31165539433346,373.1055498888689,1142.475675832047,131.81027858767652,217824.70820431344,924901.9390686613,51744.74163309015,741976.3169112642,0.0,0.0,15343582.993199978,1936447.7058173292
109,248.34810525059598,430.39515424688,2024.9451114998385,137.72649690031622,199388.24036394505,1066918.7656073803,91713.34132732256,775279.4395561,0.0,0.0,14470706.28959998,2133299.786854748
109,212.20141858837187,416.6793584576108,676.0250294324355,147.57345011884647,170367.5871107411,1032918.29007132,30618.36783527808,830709.1538406557,0.0,0.0,13597829.575199975,2064613.398857995
109,300.5751237521278,440.3503698513358,899.6956259741976,144.9033188808698,241319.11520580432,1091597.0321706901,40748.804284652484,815678.655742544,0.0,15845.539538500248,12724952.860799966,2189343.607403691
109,187.0236846302514,384.19234820762216,1015.1055204043456,149.9928944605648,150153.44428410023,952385.3181449905,45975.9222842029,844328.5044776083,0.0,0.0,11852076.14640002,1992843.1891909018
109,221.77483404942512,405.5434854897996,1028.2469119837663,154.2059773563201,178053.67942510077,1005313.2584543455,46571.11912415413,868044.4677797799,0.0,0.0,10979199.43200001,2097982.5247833803
109,184.96601436121503,369.0086802757793,1699.4831585314419,153.56019622647395,148501.42743549822,914746.0926858168,76972.59452281347,864409.286143051,0.0,0.0,10106322.724080002,2004629.4007871796
109,193.49220212587332,358.3751382274467,1602.316954877344,156.582102243846,155346.74471179637,888386.3034449429,72571.76550744925,881419.9678656473,0.0,0.0,9233446.011839995,1997724.781529836
109,237.6485437380706,347.14032989993586,1521.8074476454208,162.59635995424858,190798.01278602352,860536.0181563039,68925.34769843175,915274.9663736081,0.0,0.0,8360569.299600004,2035534.3450143673
109,310.69534809269345,378.38371778748353,2019.3493591075862,159.656930442585,249444.21735352406,937986.1393053308,91459.8998161333,898728.5550750864,0.0,3656.864960249979,7487692.587360005,2177618.8115500747
109,307.40632331372194,349.6593739839928,1426.990300239386,162.80184329307386,246803.59779844107,866780.548045065,64630.91159033806,916431.6574341371,0.0,0.0,6614815.875120006,2094646.7148679812
109,200.4685959177455,333.6197429395529,620.0501322823535,166.2659112580545,160947.79764048185,827019.451327616,28083.16585921817,935931.3233003083,0.0,0.0,5741939.162880005,1951981.7381276244
109,266.99836208368623,318.42170147667326,1700.6801278221064,166.59305802121327,214361.7465581365,789344.5949143298,77026.80737652964,937772.8727835417,0.0,0.0,4869062.449560007,2018506.0216325377
109,231.09361454260613,310.40239148937746,1201.050038098186,168.81858753736705,185535.336041721,769465.2997404796,54397.6779764193,950300.652948081,0.0,0.0,3996185.73732,1959698.966706701
109,182.35223030587062,264.05907346999015,451.81206797494036,147.01245583531642,146402.9302355273,654583.5331417948,20463.366720739123,827551.2478202612,0.0,284603.04691720044,3123309.0250800005,1649001.0779183225
109,162.80657826017944,194.00915282057554,309.215020191417,104.48138932367767,130710.5489136571,480934.79631773196,14004.894517533508,588138.6282374655,0.0,704088.6960761484,2250432.312840001,1213788.867986388
109,131.3178231191141,126.39020761010899,195.63131617316594,65.38132673485264,105429.55281951405,313312.27351804124,8860.487907849327,368039.55294904794,0.0,1113076.7490677182,1377555.6006000019,795641.8671944526
109,76.74194562341613,56.17893752539533,82.3566994275102,28.65750234635833,61612.87795821336,139263.56299854512,3730.080406768376,161316.61559825312,0.0,1534454.334538924,575321.1115320006,365923.13696177996
109,131.4809012772962,131.17686402406272,211.19700195212297,69.00473296332888,105560.48140851581,325178.0519827141,9565.485314807165,388436.1535547422,0.0,1078806.4435480651,1448197.8238799982,828740.1722607793
109,157.77475496283773,190.583865016013,337.8433494711858,111.37987189796047,126670.70978516084,472443.7531444215,15301.522124847606,626971.037572965,0.0,676248.8772390102,2321074.536119997,1241387.022627395
109,163.76922319756846,238.03442014269638,473.16039578534105,159.30163545923713,131483.41601472712,590070.2812398246,21430.27020080069,896728.5557883377,0.0,293997.97287666006,3193951.248359996,1639712.5232436901
109,205.84417290243678,251.0462518304272,554.6702528232041,201.11250613128115,165263.62213544626,622325.6801809603,25121.99561972714,1132087.1041542073,0.0,0.0,4066827.960599995,1944798.402090341
109,156.84683905739794,258.0916417182369,804.7511953634843,197.3933034338094,125925.72516204618,639790.6971732586,36448.60329536293,1111151.253408084,0.0,5471.057244670228,4939704.672840002,1913316.2790387515
109,157.9359774373016,222.32905434127193,837.8867663685169,193.37991991846388,126800.14852381372,551137.8041221652,37949.37184281723,1088559.4225510717,0.0,0.0,5812581.385080009,1804446.7470398678
109,155.8643306748823,241.45650183311938,512.139297648254,187.7143754355169,125136.91053696601,598553.3766857818,23195.693525519695,1056667.3738140853,0.0,0.0,6685458.0984,1803553.3545623529
109,204.1115242870692,214.1106508208653,482.15585090746066,185.3714861838246,163872.55149192928,530764.9703373639,21837.690254472418,1043478.9612219268,0.0,0.0,7558334.81064,1759954.1733056924
109,223.79988482953627,205.76689215482372,1002.740235810567,181.1333653765648,179679.5074590476,510081.3901235575,45415.87670068645,1019622.0564274807,0.0,0.0,8431211.522880001,1754798.830710772
109,284.45583192523,209.1608004778487,489.2946117832776,178.35889859447656,228377.61428299683,518494.6458093066,22161.017345730215,1004004.2406818203,0.0,10497.29382150562,9304088.23512,1773037.518119854
109,149.47968470109933,181.89567747322286,522.5088070332699,170.12306362495178,120010.94702387703,450906.35841064644,23665.346924134752,957643.7097516604,0.0,0.0,10176964.947360016,1552226.3621103186
109,150.09542070742305,187.90538596543288,825.9092298688907,168.76873857902092,120505.29554610848,465803.9953912221,37406.88805547297,950020.047012703,0.0,0.0,11049841.659599999,1573736.2260055067
109,147.010687686123,206.2595640834467,800.1525373347553,166.80733546352278,118028.6932443154,511302.6885530335,36240.32194934459,938979.0669373323,0.0,0.0,11922718.37400001,1604550.7706840257
109,142.4516375128196,171.45389747957987,568.6499594593187,158.42247971036002,114368.42375738433,425021.93357074435,25755.161229546633,891779.6796344245,0.0,0.0,12795595.088400016,1456925.1981920998
109,138.11493548108567,164.9444770076955,1254.8892449831428,155.73402712730535,110886.66823435483,408885.5463782934,56836.15076750403,876646.0484249387,0.0,0.0,13668471.792000016,1453254.4138050908
109,132.4361496294239,160.7348368054829,487.40255229145606,149.22743657673308,106327.4101026128,398450.1497808225,22075.322628871196,840019.6476306184,0.0,0.0,14541348.506400025,1366872.530142925
109,140.4630026744522,185.30433912459847,534.955001275157,150.8549801673169,112771.83255026232,459356.1865408507,24229.05704854739,849181.2912588175,0.0,5138.633944053203,15414225.22080004,1445538.367398478
109,131.07225805696729,126.00166009301996,565.4804503748969,141.81453703630942,105232.39896731569,312349.09204812476,25611.60856392188,798291.5217396002,0.0,0.0,16287101.93519996,1241484.6213189624
109,139.36307949763315,162.2268290701867,937.8729776211795,104.13393362704062,111888.75052899958,402148.6917593887,42477.92398408941,586182.7572625846,0.0,0.0,9754296.862320028,1142698.1235350622
109,136.5317897198581,188.500025785596,515.5636160100664,101.75767306023837,109615.627139629,467278.06492162746,23350.786953458442,572806.4934213348,0.0,0.0,10627173.574560009,1173050.9724360497
109,136.89343351752848,172.71562236403798,470.3507863927062,111.88468051320338,109905.9757226523,428149.6592037564,21303.01802800855,629812.6675360932,0.0,0.0,11500050.28680003,1189171.3204905104
109,138.33210836375224,207.8295157391396,397.3479946806975,110.98491481862453,111061.02720071762,515194.48627897707,17996.592626101345,624747.775455597,0.0,0.0,12372927.001200011,1268999.881561393
109,133.80334819307228,199.15415600318252,1076.9513621346116,101.36074717298303,107425.07628194158,493688.8907597069,48777.0297117925,570572.1486413368,0.0,0.0,13245803.715600021,1220463.1453947779
109,162.56236431775724,239.97710919075888,416.2109543459216,107.41368394147116,130514.479818615,594886.0682687113,18850.929392266255,604644.8763383063,0.0,14341.458973842091,14118680.419199971,1348896.3538178988
109,203.51044463353765,190.57642809833652,412.7109905008545,107.25709215682578,163389.96993844694,472425.3175580795,18692.409846757106,603763.4018670081,0.0,0.0,14991557.133599974,1258271.0992102916
109,121.04318523029565,219.81213594692534,859.1212353029126,116.01028661884527,97180.47853339842,544898.5436659696,38911.11845324372,653036.213196492,0.0,0.0,15864433.847999986,1334026.353849104
109,113.743920461882,225.9772906070369,776.2134658884036,116.43658821091928,91320.20608776821,560181.5205648493,35156.07911325496,655435.9174423949,0.0,0.0,16737310.562399974,1342093.7232082672
109,110.96690877854113,289.91791099338167,626.7772995421484,132.83161982559696,89090.66029577299,718685.7395404131,28387.851148493286,747725.5727215213,0.0,5132.594454977196,17610187.27679998,1583889.8237062006
109,108.21044026126877,283.83219051530483,1294.0786966797816,136.7321567907792,86877.60774712171,703599.6742902992,58611.110266145595,769682.1764280909,0.0,0.0,18483063.980400007,1618770.5687316572
109,116.11175999910814,276.721101763316,1299.5921072898175,129.81300220067897,93221.24478631317,685971.7945185757,58860.82237255493,730733.4017656707,0.0,0.0,19355940.694799997,1568787.2634431145
109,127.02904609401311,247.8530657732124,480.54820422413525,139.53556258329303,101986.2742670752,614410.0006178858,21764.877096148164,785462.8934330513,0.0,0.0,20228817.40920003,1523624.0454141605
109,139.50894840264513,278.1639344772518,542.0087820220385,136.45049484333822,112005.86253299416,689548.4734912374,24548.535239641507,768096.6665830654,0.0,0.0,21101694.123599987,1594199.5378469385
109,237.08525535700065,288.9231080788436,1400.6089685114998,138.97906239194833,190345.77225450965,716219.6943558226,63436.054471649615,782330.2852119125,0.0,0.0,21974570.83800004,1752331.8062938943
109,168.27686532023847,266.9256960934882,510.7587373751232,150.83301101316908,135102.41214164608,661689.6853387835,23133.165511879462,849057.6241802337,0.0,0.0,22847447.541599996,1668982.8871725427
109,181.29110939406394,338.41541184961227,1531.079565489926,149.4073306706398,145551.00091959783,838907.5711247253,69345.29829554715,841032.2936750785,0.0,0.0,23720324.255999956,1894836.1640149488
109,90.8888645414595,281.4138654531372,739.238058836642,153.84165253907872,72970.84369261593,697604.8196440378,33481.39760786682,865993.6384442186,0.0,0.0,24593200.970400028,1670050.6993887392
109,209.970462482753,291.35458338694446,1101.4721618391352,142.40391214187812,168576.44635780604,722247.1475200276,49887.620048364224,801609.1869080125,0.0,0.0,25466077.68479996,1742320.4008342102
109,225.47202249493313,294.9023255498993,1169.8461974707561,142.79303613991362,181021.9964078291,731041.7462785019,52984.400910322845,803799.6138912323,0.0,0.0,26338954.399200052,1768847.7574878861
109,232.1760500909551,399.44122768039676,1749.9842788553199,154.42730497022754,186404.37798216546,990186.1983441578,79259.87947655004,869290.348219131,0.0,0.0,27211831.11359999,2125140.8040220044
109,240.71990047138,403.13254238347463,1815.4624313427614,156.262964363725,193263.8758292168,999336.7031479761,82225.50067509958,879623.5013729257,0.0,0.0,28084707.817200016,2154449.581025218
109,248.12153641618974,351.5168231621127,659.0578171784299,152.8765818974521,199206.33778342008,871385.0315406236,29849.89281835668,860561.1367614534,0.0,0.0,28957584.531599943,1961002.3989038537
109,114.1044275218806,365.35974483383336,1891.1357061902563,156.04914971644848,91609.64203196182,905700.6430354501,85652.87697583501,878419.9123494613,0.0,0.0,29830461.24600003,1961383.0743927083
109,272.54409221222073,370.65645687399683,1380.6843521104759,161.04800573403915,218814.1798502933,918830.8128710226,62533.633396418794,906559.0894792213,0.0,0.0,30703337.960399956,2106737.715596956
109,288.1004878347101,391.1831783605355,824.6783836161535,156.20936831363966,231303.7551037211,969715.0854616524,37351.14085429815,879321.8025959455,0.0,0.0,31576214.674800057,2117691.7840156173
109,493.4485813089158,466.61521582483505,3819.756914407676,160.65291035826797,396169.0959469628,1156705.7044417532,173003.53855961768,904335.0488741605,0.0,0.0,32350908.621599965,2630213.3878224944
109,298.6112268179931,444.7227862995015,750.8340852443406,164.95299442741245,239742.38502073547,1102435.939425028,34006.60212917959,928540.7525128971,0.0,0.0,31478031.907200046,2304725.67908784
109,416.21006277395713,470.9011759215816,2024.231222278094,172.5163354994075,334157.54049956566,1167330.2925922982,91681.00802332735,971115.732342029,0.0,0.0,30605155.192799956,2564284.5734572206
109,252.8850409103285,418.19888592615433,792.0366815850147,172.9534125274966,203030.7550387629,1036685.0898483337,35872.74050513055,973576.0928464062,0.0,0.0,29732278.47840003,2249164.678238633
109,241.50397390469857,502.3472332426619,1222.196341186895,178.12137212836726,193893.37538600928,1245282.8167533416,55355.43139994263,1002667.1749053036,0.0,13048.052123314585,28859401.763999935,2497198.798444597
109,213.06982997919425,441.58881684891963,1314.638112442194,182.10419617467554,171064.7980637031,1094667.0535891338,59542.28252587754,1025086.9827416078,0.0,0.0,27986525.06040007,2350361.116920322
109,212.72648854898395,461.35174248275484,773.7236536657329,189.37205083272153,170789.1436811396,1143657.9309584154,35043.31111923778,1065998.6330984982,0.0,8927.852747462806,27113648.34599998,2415489.018857291
109,175.0530009489071,423.69785981972353,1099.3275882672447,191.95000543331255,140542.6862202599,1050316.6523339762,49790.48852273257,1080510.2575348176,0.0,0.0,26240771.631600033,2321160.0846117865
109,161.22733884649153,452.1640006792807,1212.3228242577277,197.63632307621916,129442.64406094688,1120882.1769868475,54908.2423758633,1112519.240951577,0.0,4866.607330254978,25367894.917199966,2417752.304375235
109,148.71717840719808,408.30841900373457,1297.2122555156284,198.98178028472023,119398.76281552968,1012167.3306309617,58753.034681503406,1120092.9855397982,0.0,0.0,24495018.20280002,2310412.1136677926
109,395.17328149772965,423.4323126571371,627.0413945514767,201.79593327275904,317267.9942823488,1049658.3799344809,28399.81247801072,1135934.1998340306,0.0,14602.731996846618,23622141.499200054,2531260.386528871
109,170.45310809986552,377.1974096226004,680.1244572248165,197.1172330976837,136849.62586810772,935045.3663193481,30804.038161962082,1109597.219432875,0.0,11539.594766737195,22749264.784799986,2212296.249782293
109,268.9542252166779,370.46073028298605,659.0212702267463,193.50615694506635,215932.02674242225,918345.6206684217,29848.237542351817,1089270.0263451,0.0,10667.712854503421,21876388.07040003,2253395.9112982955
109,298.3667198786408,331.9771625130397,1060.672820632359,191.2226725242145,239546.08069079093,822947.6120799531,48039.74580980995,1076416.0108733026,0.0,978.5104459614959,21003511.355999995,2186949.449453857
109,272.71362275612046,383.75803670090215,1606.3749170784774,186.07375396549534,218950.2887881972,951308.6910220629,72755.55778425337,1047432.1131893805,0.0,12372.379154447583,20130634.641600017,2290446.650783894
109,209.25541925641102,349.0329381946138,1256.7553910632241,181.2574877061824,168002.3682486108,865227.6585839696,56920.67182016722,1020320.7563313341,0.0,0.0,19257757.937999997,2110471.454984082
109,183.87389514869594,347.8396362962483,1496.134644879345,175.55727283543703,147624.61088869142,862269.5486335244,67762.58110809678,988233.5437048533,0.0,0.0,18384881.2236,2065890.2843351658
109,389.5160468168955,347.29473824268297,1512.475508592807,174.773957137468,312726.03867854335,860918.7853803715,68502.68769312218,983824.1630193307,0.0,10025.396295651444,17512004.509199973,2225971.6747713676
109,244.1603635127777,297.8435833017869,694.8880833830025,169.73381686969125,196026.07879093973,738332.9136139433,31472.708871792733,955452.5917528789,0.0,9470.97429108899,16639127.794799985,1921284.2930295547
109,185.75662698823461,286.0582520187282,1427.8475949246597,163.21267874282816,149136.17703566886,709117.9213429511,64669.73998111374,918744.3008571803,0.0,0.0,15766251.080399973,1841668.1392169138
109,247.30025193032296,264.03494574910593,1407.2432807282312,162.43275571365527,198546.96303880526,654523.7222495747,63736.534191988525,914354.0179227955,0.0,5081.247370352037,14893374.365999969,1831161.2374031642
109,194.92224895275416,282.3772634878909,900.1408620647358,158.00516378099147,156494.86911629746,699993.014380632,40768.96981373812,889430.5567922683,0.0,8223.688962920569,14020497.662400026,1786687.410102936
109,293.73845175983547,267.12789518558407,504.8524168761673,151.0053537457475,235830.23902890275,662190.9224080608,22865.6578224942,850027.7626803196,0.0,0.0,13147620.948000016,1770914.5819397774
109,315.3386909322049,250.2101236640119,576.9465402945904,148.75645813007208,253172.1618741497,620252.9783338348,26130.928032149695,837368.4518593745,0.0,14752.202635654947,12274744.233600033,1736924.5200995086
109,276.0731973050609,238.76980395293103,973.7041439656559,146.34603913089816,221647.54978404334,591893.2450425563,44100.780806451876,823799.9059888767,0.0,5088.740610100445,11401867.51920002,1681441.4816219283
109,232.03004935924372,224.2390463821794,1121.9942518848566,140.58136516047597,186287.1601400627,555872.5376118365,50817.10176044837,791349.8451393127,0.0,0.0,10528990.80911999,1584326.6446516602
109,212.21949460257594,238.23065304072225,713.8431067739606,136.66547072131908,170382.09958169918,590556.7285412578,32331.215366734068,769306.7923174019,0.0,13970.419671044569,9656114.096879974,1562576.835807093
109,212.88801203522013,220.4494602171477,477.1603776399456,133.02905508766838,170918.82408947445,546478.4248913219,21611.436445283594,748836.960165276,0.0,0.0,8783237.38463998,1487845.6455913559
109,205.75738544270646,234.81702619355352,542.6012635613777,127.69763237431476,165193.94413704227,582094.5920462536,24575.369775224204,718825.7240831074,0.0,3656.062557017198,7910360.672399979,1490689.6300416277
109,203.25636301039054,208.54095433996736,722.453644445876,125.32974048541901,163185.9784978962,516958.0916223709,32721.201829098587,705496.5685620661,0.0,7571.874389634584,7037483.9601599835,1418361.840511432
109,180.37050988174371,194.96167921627193,396.9491131468934,121.02204051668272,144811.89032056098,483296.04103965074,17978.526576779226,681247.9940851091,0.0,0.0,6164607.247919988,1327334.4520220999
109,234.22885750703088,172.27100990361296,391.00081285874984,114.53588420825137,188052.49065081013,427047.49675427354,17709.117548580998,644736.6201603551,0.0,0.0,5291730.535679994,1277545.7251140196
109,162.87511913945946,170.01513737313383,356.9194642014284,110.2151454374975,130765.57750064331,421455.3503003992,16165.513060462676,620414.6486585105,0.0,0.0,4418853.823440002,1188801.0895200158
109,220.85259702547262,162.2646171544036,553.1500985801688,109.0405573854361,177313.25413689966,402242.3657140546,25053.145148586013,613802.7476285254,0.0,3494.511786251678,3545977.1112000057,1218411.5126280657
109,157.5726540655127,159.2825164552838,372.6236307257538,102.82461424623074,126508.45148142644,394849.95163729956,16876.78250501556,578812.4369640227,0.0,0.0,2673100.3978799996,1117047.6225877642
109,150.03778124501082,132.5858499031076,275.10085692215125,90.79929761841301,120459.01924786853,328670.8270755454,12459.803797670591,511120.4463483972,0.0,88506.07943598286,1800223.6856399998,972710.0964694817
109,121.33813357872096,61.73656742775472,182.41502209185344,48.875057130144185,97417.28014753367,153040.52952946172,8261.898601266148,275123.72530288005,0.0,467644.66002206935,927346.973724002,533843.4335811415
109,125.35587941430107,73.54814885830304,188.45855812217917,52.71808807276849,100642.95916601278,182320.59403623588,8535.621024469361,296756.6205151279,0.0,367641.8282110027,1025529.738623998,588255.7947418459
109,141.0280659393534,122.84994792564369,272.1119955838923,85.95786895405966,113225.4980612968,304536.22328790167,12324.432987598238,483867.4472086065,0.0,0.0,1898406.4510799986,913953.6015454032
109,140.14131806857975,116.14249872015425,275.4338362325621,86.80666981769994,112513.56552039167,287908.9370462214,12474.885018873681,488645.45196925953,0.0,0.0,2771283.163319998,901542.8395547463
109,140.45288068139206,101.69775088339416,278.42609333218684,84.93925494877342,112763.7060280841,252101.44158667495,12610.409628977173,478133.5433272504,0.0,0.0,3644159.8755599973,855609.1005709866
109,140.74961549284518,97.48295317547326,374.3634706073898,94.13479152186984,113001.94191818949,241653.25990189618,16955.582926821156,529896.3529626956,0.0,0.0,4517036.587799997,901507.1377096025
109,155.1340597982091,123.26375024543103,332.99483019420546,89.85695902832968,124550.60678827431,305562.00960514194,15081.92412149608,505815.90618775797,0.0,0.0,5389913.300039996,951010.4467026703
109,153.33378173734764,115.16910357175327,707.1170346391668,86.00100502543516,123105.23930959441,285495.9601808163,32026.57967760488,484110.2654751951,0.0,0.0,6262790.012279996,924738.0446432107
109,189.47544414810312,118.3638864457946,759.5825078135932,89.06169687894257,152121.85880277245,293415.59813845134,34402.83364212921,501339.27745361347,0.0,0.0,7135666.724519995,981279.5680369665
109,188.56311992286228,142.03122754620617,368.5256979858081,89.08306508323972,151389.39208341247,352085.2418435372,16691.179891897482,501459.5617113609,0.0,0.0,8008543.436759994,1021625.375530208
109,149.23577915225357,145.10502462754556,443.77444224468815,100.86600120579061,119815.12552505672,359704.9646851867,20099.328452307298,567787.1625653082,0.0,0.0,8881420.150079975,1067406.581227859
109,187.16802185115725,237.73226703401403,630.1030277052791,178.8044102769374,150269.32656339687,589321.2653214091,28538.479252166268,1006512.0808960671,0.0,10238.552496744436,5529973.551480002,1774641.1520330394
109,260.6816228657193,154.75767333157424,742.8784516744009,173.1808233179189,209290.3025209957,383633.1895699784,33646.27743053403,974856.2162367167,0.0,12178.605835300055,6402850.263719997,1601425.985758225
109,213.16442813786927,157.29278890268307,912.0477981665778,169.73854680103952,171140.74694352585,389917.55952421814,41308.25598434549,955479.2171198732,0.0,8144.268331212457,7275726.975959994,1557845.7795719625
109,294.3927462701088,213.09705808462826,660.8751051135065,166.18082841135336,236355.54455097046,528252.3465303722,29932.20099932078,935452.381461295,0.0,7645.232580044889,8148603.68819999,1729992.4735419583
109,258.2965736654867,285.8636972246536,1062.228103310321,162.79904099459964,207375.44690840322,708635.6339410397,48110.187309826106,916415.8829503633,0.0,8090.821877513896,9021480.400439989,1880537.1511096323
109,268.16725495457365,351.5465010535685,854.3828807345197,159.4286290943028,215300.20144372957,871458.6009082277,38696.51000415889,897443.4186247326,0.0,5870.902799317031,9894357.112680001,2022898.7309808487
109,217.28494377782795,400.48227879602996,1115.201190511589,152.1971644465623,174448.9355122063,992766.8895073032,50509.43201036686,856736.612124544,0.0,0.0,10767233.826000012,2074461.8691544202
109,191.73400349627195,339.2060139326302,692.3815700023242,151.01561550733044,153935.16103728925,840867.4170713556,31359.18445282545,850085.5274020538,0.0,3888.9914924104232,11640110.540400026,1876247.289963524
109,291.104824641382,258.2318487265756,891.1384189307872,144.79958815849875,233715.81066878565,640138.2603063242,40361.23326066578,815094.7427111773,0.0,0.0,12512987.254800007,1729310.046946953
109,196.39921086309297,208.77307366716434,1257.1359838398978,140.8437480746264,157680.6596665812,517533.4988117942,56937.90953937035,792826.8309278851,0.0,11744.408614042564,13385863.958400032,1524978.898945631
109,191.14093492837046,183.41978305459705,793.9473558215495,137.04206786866612,153459.01124726076,454684.50700151623,35959.278316662065,771426.7041129147,0.0,7656.710611339542,14258740.672799965,1415529.500678354
109,187.37469704731456,220.2425527777129,2854.6104687553566,134.61264248462,150435.25737912464,545965.516166169,129290.35102763532,757751.1689575418,0.0,9067.987513259635,15131617.387199976,1583442.2935304707
109,182.32996795252944,289.4115373404965,1364.4551845388282,128.09124740303034,146385.0567290853,717430.4755177089,61798.585726976344,721041.4316319921,0.0,0.0,16004494.10159998,1646655.5496057626
109,176.5707426484693,371.12234938263134,1371.9098273522927,127.89497064932098,141761.217146829,919985.7270360946,62136.21966922091,719936.5655747089,0.0,0.0,16877370.81599997,1843819.7294268534
109,176.88819919919578,380.30869148211576,687.2418328299575,120.220693907236,142016.0896491881,942758.0112417085,31126.39667653217,676737.1151747735,0.0,0.0,17750247.519599993,1792637.6127422024
109,265.0836519220815,359.6318434033762,3434.874647046776,117.63088240279785,212824.50636238744,891501.5855799876,155571.54074553426,662158.7467641548,0.0,0.0,18623124.233999982,1922056.3794520642
109,373.21710085621226,250.85838526489965,3401.4796044211457,115.03249173019316,299640.3010136297,621859.9724186546,154059.02027000574,647532.0851576899,0.0,0.0,19496000.948400017,1723091.37885998
109,303.1077526356195,229.01858005080726,752.9901953264048,111.3433802955257,243352.45633423678,567720.6593009257,34104.256163737184,626765.6218416363,0.0,0.0,20368877.66279999,1471942.993640536
109,287.58711553024835,134.10046222699947,1036.3566312779058,104.90084180292149,230891.59008907393,332425.4425609546,46938.42263745346,590499.777982412,0.0,0.0,21241754.377200022,1200755.233269894
109,161.38586226000126,185.57101518866543,1491.2675231372205,105.89790723649126,129569.9158371672,460017.25740627246,67542.14056623614,596112.3822955692,0.0,0.0,22114631.08080005,1253241.696105245
109,415.1012392479442,295.3181705925964,1455.4177123883285,98.52276129774698,333267.3127625641,732072.5963595506,65918.43930586085,554596.7760852947,0.0,0.0,22987507.795199938,1685855.1245132703
109,136.5297043388337,345.77316083725805,1071.3058861640923,102.61743511589324,109613.95287498132,857146.9039566304,48521.336131902855,577646.2000838963,0.0,0.0,23860384.50960001,1592928.393047411
109,134.37416579793359,456.96761425526694,1074.7794124734648,108.07198625386225,107883.36171032129,1132789.9910418503,48678.65827471637,608350.5412560632,0.0,0.0,24733261.223999962,1897702.5522829513
109,132.82641340466827,336.5077407329417,1086.8292110331674,104.49544529702399,106640.73646097277,834178.5910400297,49224.41493841821,588217.7510452302,0.0,0.0,25606137.938400045,1578261.4934846507
109,130.94849591496504,289.34478172465697,1576.1481879168375,100.80733632358024,105133.03555283505,717264.9931265943,71386.53582258809,567456.930707058,0.0,0.0,26479014.65279997,1461241.4952090755
109,129.6290199296496,181.14391020648023,1562.40224636996,96.92112497530835,104073.68382293535,449042.7811924954,70763.95784662486,545580.9676651354,0.0,0.0,27351891.356399998,1169461.390527191
109,127.3786013922584,97.53863009785158,4150.919655803701,87.73764028377437,102266.91750273305,241791.2790052958,188002.48414291276,493885.9995575995,0.0,0.0,28224768.070799932,1025946.680208541
109,125.41891330185848,233.33225483593506,960.4531795637135,105.7789718995003,100693.56642114237,578413.9501792432,43500.621219799476,595442.8806130243,0.0,0.0,29097644.785200022,1318051.0184332095
109,123.12902684140357,362.27696602930786,754.0928916566531,89.46277176538277,98855.11296677591,898058.6551452279,34154.19922853539,503596.9774618002,0.0,414.0849451586837,29970521.49959995,1534664.9448023394
109,121.38078100579416,375.2770185473858,1823.081190314286,94.19398423122436,97451.519971637,930284.8543683328,82570.567728067,530229.5560250476,0.0,0.0,30843398.21400004,1640536.4980930844
109,120.04664754582386,373.9810300822362,1125.283596515235,107.44400229021049,96380.40037229187,927072.1917724948,50966.08198964859,604815.5420631153,0.0,0.0,31716274.91760007,1679234.2161975508
109,122.75345768910857,420.6415090277167,1928.838993627023,104.90573834409125,98553.58430266342,1042740.1775942058,87360.52546971894,590527.3412166429,0.0,0.0,32210848.368000064,1819181.628583231
109,116.91327673864663,243.57599655928692,470.0345679842969,106.63526238360542,93864.74883945489,603807.4523291541,21288.695937666587,600263.0453711153,0.0,0.0,31337971.653599955,1319223.9424773909
109,112.02789414021893,220.9001878898543,1036.2142938255308,97.71181633654773,89942.48078420949,547595.7465141239,46931.975922784906,550031.8668689915,0.0,0.0,30465094.939200036,1234502.0700901097
109,132.86758033509372,161.7699043732759,994.1956992445598,101.77531322624567,106673.78765663391,401016.0081573703,45028.87954500475,572905.7920916968,0.0,0.0,29592218.22479995,1125624.4674507058
109,303.00226513596624,177.88168055883386,382.9377953557439,120.35286022399349,243267.7648608912,440955.94751314085,17343.92924190456,677481.0956744598,0.0,0.0,28719341.521199923,1379048.7372903964
109,110.31511137043726,334.9430599267759,573.2125434248054,108.62083089821047,88567.3595919304,830299.8593726037,25961.80871751302,611440.0554588503,0.0,27113.232791828807,27846464.806799997,1556269.0831408976
109,238.0275261546483,322.58189878925145,1028.8528655723346,110.84090306234512,191102.28181635923,799657.4261291372,46598.56383264587,623937.115515712,0.0,0.0,26973588.092400055,1661295.3872938543
109,111.45702121337712,478.353153964384,674.3304416601788,116.91852073119634,89484.15094014021,1185803.2125039368,30541.61696144774,658148.7750452037,0.0,22524.910836828873,26100711.37799997,1963977.7554507286
109,106.26380627525477,348.49932087137245,583.7351747800553,119.2649284333279,85314.73725647578,863904.859453446,26438.39728066218,671356.9934288842,0.0,0.0,25227834.66360004,1647014.9874194681
109,120.07934990279347,352.2945828806209,1557.7681376968383,125.14221886099774,96406.65571821184,873313.0421853112,70554.07087829558,704440.986207487,0.0,12034.7769664902,24354957.96000001,1744714.7549893055
109,223.48783578757272,256.7061243828499,524.0246708990283,136.61446117388812,179428.97641786415,636356.0989195089,23734.003076509704,769019.6532829072,0.0,0.0,23482081.245600004,1608538.7316967899
109,210.76613780065549,106.80805233571613,697.0422101343021,135.55285309016676,169215.26057939036,264769.5129243589,31570.273077796282,763043.7304307387,0.0,0.0,22609204.531200044,1228598.7770122841
109,90.67387203566017,150.04115011123264,303.7241059648266,138.32800403660514,72798.23525906453,371941.26626984077,13756.201312072084,778665.3974219172,0.0,0.0,21736327.816799987,1237161.1002628945
109,92.06591032177896,225.12901723131156,330.62671394480697,141.62636513784065,73915.84420602387,558078.7116135957,14974.667953094066,797232.2789121966,0.0,0.0,20863451.10240004,1444201.5026849103
109,131.88091050349271,339.6321655492294,282.12225840641463,137.91465181547323,105881.6319792447,841923.8164110257,12777.815474760175,776338.5867823468,0.0,0.0,19990574.39880001,1736921.8506473773
109,147.93987580255367,407.9286092175397,332.29934173527977,136.40126462130905,118774.69927208539,1011225.8093701991,15050.424220555346,767819.5435907366,0.0,0.0,19117697.684400022,1912870.4764535762
109,137.65249140453446,323.8600141509939,332.7064707886009,132.74386714153763,110515.39135025204,802825.7825815704,15068.863814606295,747231.6020386955,0.0,0.0,18244820.969999988,1675641.6397851245
109,131.59227064862944,281.2394017421252,312.59217919278115,145.5505703301815,105649.8951890565,697172.3365982613,14157.85201472677,819322.1139889078,0.0,0.0,17371944.255599983,1636302.1977909524
109,129.16877299441418,205.39948152777436,446.5280246801024,147.08991744133212,103704.17093111406,509170.605490379,20224.043065230813,827987.2887553794,0.0,0.0,16499067.541199965,1461086.1082421034
109,170.6708840379,127.87570437786327,352.4392469073904,144.36053034286627,137024.4690022419,316994.7136248298,15962.596104553517,812623.2321093892,0.0,0.0,15626190.826799978,1282605.0108410143
109,113.27951808139076,179.32974506133164,302.19994059903587,142.357472641467,90947.3569638599,444545.5957149851,13687.169170095398,801347.773231906,0.0,0.0,14753314.123199958,1350527.8950808463
109,147.09335558441484,233.1678762005278,343.8184317624148,149.12628648304963,118095.06382023891,578006.4673136709,15572.144157278122,839450.2612764536,0.0,0.0,13880437.408800028,1551123.9365676416
109,131.5696243639606,306.91290290611187,460.45894169167497,154.23973871393144,105631.71344031175,760815.107434357,20854.99890676403,868234.5146262232,0.0,0.0,13007560.69440002,1755536.334407656
109,313.5509025676342,411.8368334708833,327.7999114602713,154.9872509471195,251736.8218469117,1020914.0174156417,14846.637074796767,872442.3531921515,0.0,18626.087527567637,12134683.980000004,2159939.8295295015
109,114.23680586506794,380.30255654419847,320.95845653733966,151.89082585171087,91715.92303170524,942742.8031699512,14536.775495359892,855012.1943873912,0.0,41048.90568014025,11261807.265600022,1904007.6960844074
109,180.93839807051307,288.084048732687,408.80688574758045,161.45255624058848,145267.82384406397,714139.7263240283,18515.586045568027,908836.3541817187,0.0,0.0,10388930.55767999,1786759.490395379
109,120.17673698916761,201.50899440653194,669.8518517755035,163.00250970947923,96484.84371069408,499526.3665252107,30338.77371378357,917561.2334441991,0.0,1162.758005934069,9516053.845440002,1543911.2173938875
109,236.15339246957436,136.7663362955186,692.4364953574502,162.50009985341023,189597.61876569237,339033.953466302,31361.67211918914,914733.1063923469,0.0,0.0,8643177.133199982,1474726.3507435303
109,179.43009669103432,137.20125557865657,442.32420729298934,168.60159633542645,144056.87215313272,340112.0872234451,20033.644749388826,949079.1827065859,0.0,0.0,7770300.420959982,1453281.7868325524
109,158.60680965471434,229.37044358266473,583.3133609444084,175.142792338292,127338.73147484694,568592.9037984933,26419.29258687785,985900.3818604326,0.0,3244.4801092968555,6897423.708719984,1708251.3097206508
109,221.8563069174752,287.77833713970443,527.1576214718186,180.7687214734545,178119.09056154377,713381.8891778653,23875.89994255914,1017569.4309182039,0.0,1956.584076340776,6024546.996479985,1932946.3106001723
109,162.87943442988683,349.08105527716526,501.31837305437233,185.78799144672902,130769.04206569045,865346.9373858193,22705.59473463404,1045823.5207225609,0.0,2665.562365152291,5151670.284239988,2064645.0949087045
109,155.5272146233971,369.78930530438015,532.4712647100234,182.34489743049718,124866.2542489454,916681.2062290314,24116.564231793203,1026441.9198010244,0.0,23067.465262100566,4278793.57199999,2092105.9445107942
109,144.5477471183483,275.82331334110495,446.57383387717204,170.47016456109728,116051.30193128709,683746.2413129914,20226.117844691707,959597.5837359747,0.0,152631.2870746738,3405916.859759994,1779621.244824945
109,145.64542204809885,192.64903594189303,429.3970130788894,133.17960382103777,116932.57892961061,477563.1639771566,19448.149286509743,749684.4175555339,0.0,402840.0139268127,2533040.147519999,1363628.3097488107
109,141.56435599019733,121.71848218335235,371.68193701411104,90.02211907963225,113656.06276987214,301731.4007401086,16834.131533238,506745.61248896143,0.0,659805.9367265466,1660163.4352800036,938967.2075321802
109,102.02202903764534,69.53632079823014,185.03186825027254,41.57848808659496,81909.19285512283,172375.55957326235,8380.420186648984,234050.43812808482,0.0,1098365.303098076,787286.7225000012,496715.610743119
109,116.80467251913335,110.40664383625341,231.30842431281573,56.3426049923192,93777.55508292108,273690.1635492405,10476.367161959055,317159.47333788365,0.0,1084329.2733448767,1165589.9902800012,695103.5591320044
109,143.50951346879685,193.50648547106834,345.6976007678488,89.32052414004123,115217.74783486337,479688.7199556833,15657.255041236576,502796.24803256924,0.0,841952.7977620459,2038466.7025200005,1113359.9708643523
109,159.7735557384104,280.8508261215198,426.55591964749027,115.45147140155626,128275.46279536553,696209.0854617401,19319.471145982898,649890.5734087552,0.0,637112.3862544072,2911343.4147599936,1493694.5928118438
109,171.33336523347947,333.8946035826695,497.0623558859511,128.64003187940082,137556.34726935212,827700.8111783819,22512.83219848152,724130.6071418109,0.0,447220.5704605718,3784220.127000011,1711900.5977880266
109,180.41677609067509,297.19242937639694,709.6202886341981,161.5801903571226,144849.03551229832,736718.7496638098,32139.95647323824,909554.8223673026,0.0,136472.74660498078,4657096.839240008,1823262.564016649
109,104.1526746615618,132.7263096138243,246.30213368298183,68.12741716752717,83619.79854451666,329019.0166397092,11155.45874692068,383497.6347236479,0.0,571449.7497561714,1477932.5015999968,807291.9086547944
109,71.01840649167323,59.02555025961752,109.39385938767806,27.363480879686037,57017.689301626415,146320.11211298165,4954.641144669885,154032.40914536282,0.0,979733.0903019743,605055.7892519997,362324.8517046408
109,104.72527847784005,124.158032814492,229.27711752054392,59.18626024149522,84079.51804685872,307778.87205183075,10384.365688871152,333166.7594991487,0.0,636292.833883303,1347820.922880002,735409.5152867093
109,126.12883133513932,187.01771268161457,364.93924193241253,103.50477015867207,101263.52972855585,463603.51688934094,16528.742961477732,582641.1184920946,0.0,236876.81733564957,2220697.6351200007,1164036.908071469
109,140.34177949980764,202.77358237028128,578.9137568177174,138.51285094181955,112674.50756580423,502661.1895267528,26220.026743727445,779705.9234521555,0.0,6790.38041555864,3093574.3473599944,1421261.6472884403
109,149.11624297980515,199.33843417095684,1188.1140904789497,135.76588532181682,119719.15496365348,494145.7031409574,53811.786056358,764242.9151401311,0.0,2308.5480650657555,3966451.05959999,1431919.5593011
109,157.02920934959414,212.4932358086696,523.80370568273,129.8236198704851,126072.14259341318,526755.5143496303,23723.99517151083,730793.1699386943,0.0,0.0,4839327.7718399875,1407344.8220532485
109,159.22326038090057,219.8132332164242,525.3446458281177,125.95991341569498,127833.65381557234,544901.2637184788,23793.78707288945,709043.8897181497,0.0,0.0,5712204.485160004,1405572.5943250903
109,156.65476851060245,226.64136601073739,513.0558394051317,121.99057195530395,125771.51980455956,561827.7159343723,23237.205320833003,686699.9770210448,0.0,0.0,6585081.197400008,1397536.4180808095
109,287.0838824514037,233.19713596990363,1826.3928851142764,117.96640415419586,230487.56543189962,578079.0001865817,82720.56023593231,664047.440089238,0.0,0.0,7457957.90964001,1555334.5659436518
109,295.880337155422,267.86977332857356,696.6124207846179,114.63310538640484,237549.86865787176,664029.9851966149,31550.807158891825,645283.8901643715,0.0,0.0,8330834.621880012,1578414.5511777499
109,254.93577417505045,286.50673784227945,818.0655492400268,108.17819709583165,204677.2024585897,710229.685582242,37051.63390330255,608948.4151865706,0.0,10582.065085562295,9203711.334120005,1560906.937130705
109,301.2922378211672,284.39675166041,725.335011340743,110.0807270685824,241894.85590743646,704999.1809392519,32851.70402593219,619657.9910794394,0.0,983.9822490443476,10076588.046360014,1599403.73195206
109,277.3043748514809,285.80971007876366,917.6213355267308,102.8311506544709,222636.0104139667,708501.8036725452,41560.691337486336,578849.2312122697,0.0,0.0,10949464.764000015,1551547.736636268
109,241.66965263915776,277.8084289471443,760.5745320677361,100.91303168462063,194026.3918682418,688667.2007408213,34447.76417308953,568051.9029318318,0.0,0.0,11822341.467600001,1485193.2597139846
109,186.68317610785635,284.27742261569733,576.7085056707623,95.13747846250692,149880.06432398027,704703.3727828874,26120.147023529324,535540.6014325451,0.0,0.0,12695218.182000017,1416244.1855629422
109,251.98575961138252,299.82171494136963,660.3650418093097,87.5056111404157,202308.75993592886,743236.560289068,29909.099331206085,492579.87888893834,0.0,0.0,13568094.896400027,1468034.2984451414
109,268.0462148312767,292.0431294209907,1626.7625919977172,89.14035624681762,215203.02342349355,723954.0038297691,73678.95159780409,501782.0607379813,0.0,0.0,14440971.610799959,1514618.0395890481
109,281.69301751038387,310.76081593689764,762.4400465500185,89.32924573358994,226159.46688029187,770353.8082781299,34532.25661957263,502845.3429584598,0.0,0.0,15313848.32519997,1533890.8747364543
109,348.08393773918027,358.7202694652306,666.2519707491278,80.25904299762517,279461.9422392457,889241.8590676201,30175.72874262126,451788.0529521035,0.0,0.0,16186725.028799964,1650667.5830015908
109,290.25919068548126,310.459199892412,1453.7833132737867,83.54379126474815,233036.88675958608,769606.1237033976,65844.4144826665,470278.3061200263,0.0,0.0,17059601.743199978,1538765.7310656765
109,280.08137724308597,404.63201982028255,871.9378057702608,87.32184984706042,224865.54874601838,1003053.8003321547,39491.60357120672,491545.46390176495,0.0,3327.025869025965,17932478.457599986,1758956.4165511448
109,187.22050033525161,362.49674486821294,853.4489640207584,84.4001457730221,150311.45932937865,898603.4711479117,38654.21126635406,475098.83127806097,0.0,0.0,18805355.17200002,1562667.9730217054
109,164.26765172268836,341.8003247645024,870.8188247661617,68.372955545716,131883.58329794666,847298.5278378938,39440.92294476163,384879.8005415263,0.0,0.0,19678231.88640001,1403502.8346221284
109,298.8192559358135,436.69736743400284,1006.0721149110834,74.49813104690516,239909.40284317796,1082541.5007795861,45566.78339117976,419359.16897548654,0.0,10319.284671238624,20551108.590000037,1787376.8559894306
109,464.3508540152641,395.5166675112742,1563.5142432954244,93.7222439703058,372807.75546958373,980457.4947333584,70814.32215181066,527574.0719073784,0.0,0.0,21423985.30439999,1951653.6442621313
109,442.7497311537143,420.8720671362732,838.5492059361476,94.65085389690931,355465.12314748974,1043311.7146344224,37979.3749010877,532801.331727865,0.0,0.0,22296862.018800043,1969557.5444108648
109,388.6116331074897,467.4703608610649,1180.2316380071645,79.58471683152447,311999.9229793819,1158825.547747299,53454.77585892812,447992.1877852798,0.0,20967.225120370043,23169738.733200006,1972272.4343708889
109,452.10646749960813,387.06508316808805,899.7190908758262,103.57430168626496,362977.2529206347,959506.6223876014,40749.86705149987,583032.520037599,0.0,0.0,24042615.447600003,1946266.262397335
109,433.62390681401115,422.4112188639535,2370.7809567868258,87.5505259165383,348138.38290468487,1047127.1615444896,107376.8577070509,492832.70970395085,0.0,0.0,24915492.151200037,1995475.111860176
109,428.1770068405123,409.67172495834546,2267.310803064995,109.20214993024297,343765.29618409777,1015546.8684623851,102690.5116566871,614712.3719956141,0.0,0.0,25788368.865599968,2076715.0482987843
109,203.28141232478447,465.5276233354322,2209.595375981924,105.00124875644917,163206.08953806013,1154009.6405459875,100076.47800517677,591064.981108974,0.0,44993.46474189521,26661245.580000054,2008357.1891981985
109,511.0906099971986,438.3601160804076,990.1723010931526,97.06470054704532,410333.13820151315,1086663.3356000588,44846.65273507289,546389.1722684279,0.0,0.0,27534122.294399995,2088232.2988050727
109,522.632167268529,433.3564659452996,1462.1773254515651,103.98660852649589,419599.36873332324,1074259.6452401567,66224.59412289195,585353.4460991304,0.0,0.0,28406999.00879992,2145437.0541955023
109,485.82135693045103,336.70495210219195,660.611160068695,122.14655180269612,390045.51853473124,834667.463901557,29920.246461961233,687578.0068220625,0.0,0.0,29279875.71239995,1942211.2357203118
109,615.5707349718289,343.85343586172337,1649.1481072920012,124.77804227805211,494215.83281952096,852388.0432190202,74692.83113128538,702390.9913010609,0.0,0.0,30152752.426800035,2123687.6984708873
109,352.61036034864736,330.4018034627636,864.2676424758359,132.75028776117608,283096.0164285154,819042.4098100761,39144.2083256453,747267.744498621,0.0,0.0,31025629.141199954,1888550.3790628577
109,614.9771083792256,345.36449835361515,940.3761834937023,120.77114969667272,493739.2350149474,856133.8589251144,42591.29860016935,679835.698711998,0.0,0.0,31898505.855600063,2072300.0912522292
109,574.860854475836,408.1059007896363,1576.392615180659,134.14359900140528,461531.5833088112,1011665.3024810936,71397.60636516688,755110.865334214,0.0,0.0,32028617.43000007,2299705.3574892855
109,498.5416931673817,294.1924520644665,887.7008917598484,133.4105686911707,400258.1410814589,729282.0207440902,40205.54158242728,750984.5472989297,0.0,0.0,31155740.71559996,1920730.250706906
109,259.8567172238477,304.1169506964151,594.730215286947,125.06982310371191,208628.02050264447,753884.1421322806,26936.382088837745,704033.4615597394,0.0,0.0,30282864.01199995,1693482.0062835023
109,471.8026363833287,285.42826770480195,813.39190874047,143.5634445259286,378790.4778762807,707556.2353436227,36839.95646871788,808136.337725654,0.0,0.0,29409987.297600023,1931323.0074142753
109,450.49176801088436,357.80827930433867,509.02709531086595,140.84784541474318,361680.87866624555,886981.1007688714,23054.736383705047,792849.8953608077,0.0,0.0,28537110.58319993,2064566.6111796296
109,463.66708052236277,274.0715683787259,662.2675252162768,147.93087642323042,372258.78251317836,679403.7909984873,29995.266165596724,832721.1505964141,0.0,0.0,27664233.8688,1914378.9902736763
109,149.2054401988547,307.0771037559827,1737.219982672196,148.83733771256902,119790.7676563845,761222.1495823162,78681.76195326626,837823.7330057117,0.0,0.0,26791357.15440006,1797518.4121976786
109,406.40670939825355,295.806410196436,567.0122460278067,155.00489404107248,326286.84071196266,733282.9073732996,25680.986295081693,872541.6683442809,0.0,0.0,25918480.45080003,1957792.4027246248
109,337.07748024030553,323.0012068195665,1614.973767916928,152.8735616480069,270625.3207915936,800696.8607084968,73145.01492928453,860544.1354047798,0.0,0.0,25045603.736399963,2005011.3318341547
109,342.6391993285509,341.0195516152316,1601.7232845526567,159.60417659360195,275090.59094650304,845363.0471141457,72544.87712967805,898431.5971519961,0.0,5291.232633808744,24172727.022000015,2091430.112342323
109,149.61759926824138,298.389773565848,638.2263310587541,168.06697780158328,120121.67282480578,739686.8801643765,28906.398011510224,946069.7490346162,0.0,0.0,23299850.30759994,1834784.7000353087
109,296.53489468937397,314.3636768983648,1422.5643118530068,169.37164308803634,238075.38535057998,779285.042590909,64430.45075745647,953413.8708619629,0.0,13518.304812359856,22426973.59320005,2035204.7495609084
109,310.18325447281893,214.30090646574106,946.4196403514698,168.8546750370642,249033.07894091026,531236.6004562854,42865.01743750753,950503.7939352538,0.0,0.0,21554096.889600024,1773638.490769957
109,303.71824922743826,265.7876605355381,912.2046737974227,164.80061694232512,243842.59835109697,658868.5766884548,41315.3611587998,927683.0008536433,0.0,0.0,20681220.17519999,1871709.5370519948
109,261.8710527933178,261.24162961322247,528.1711640754573,168.15225157541803,210245.24574498678,647599.2915857051,23921.80507758201,946549.7656260154,0.0,0.0,19808343.46080002,1828316.1080342894
109,203.44241502787224,230.4043271963114,1142.4340223925713,171.49089970199998,163335.35183152565,571155.8272374986,51742.85507523215,965343.4277513571,0.0,0.0,18935466.74639998,1751577.4618956135
109,181.39064128274848,212.45499097503316,335.03332181663274,171.154017111617,145630.91088357716,526660.7081458624,15174.2510082343,963447.0740957685,0.0,0.0,18062590.031999994,1650912.9441334424
109,164.10176826006963,244.5104782949366,322.4165813631569,173.78402842522436,131750.40244809218,606123.9656310444,14602.81654461528,978251.7321908299,0.0,10416.791087422462,17189713.32839997,1730728.916814582
109,145.39765056370882,226.29406058484605,304.64318163067077,181.8605191558587,116733.65363386479,560966.7706550763,13797.827872598837,1023715.2947452322,0.0,0.0,16316836.61399998,1715213.546906772
109,112.24223470544186,187.55818539850773,305.8973993910448,184.95840955006062,90114.56580211324,464943.31004979403,13854.633610642162,1041153.701897644,0.0,1110.6083976982627,15443959.899599975,1610066.2113601933
109,142.46266305812293,193.14524060576545,864.565807469776,187.9476713405175,114377.27570362674,478793.21980432724,39157.712744953154,1057980.6252402833,0.0,0.0,14571083.185199967,1690308.8334931904
109,141.41421425810086,146.14709878383417,349.887969373018,191.59089191024069,113535.52029286108,362288.19189285417,15847.044237985974,1078488.7632169472,0.0,0.0,13698206.470800033,1570159.5196406485
109,141.40875806297154,144.17493204648503,809.8562101105277,193.66354595841653,113531.13974345113,357399.3317832036,36679.81843167338,1090155.9885151153,0.0,0.0,12825329.76720001,1597766.2784734434
109,196.69582725406065,149.63818199652374,276.9906148186528,198.48151718931894,157918.80048186332,370942.33717112296,12545.394271211611,1117276.9428685463,0.0,0.0,11952453.052800028,1658683.474792744
109,135.19214671334913,132.8654798083224,292.7439320951481,199.69044494291705,108540.084157273,329364.0095855128,13258.889840159007,1124082.1463142692,0.0,5420.940688751172,11079576.338400014,1575245.129897214
109,138.79331743615498,136.43113476631368,234.6487432692753,195.00369208292182,111431.31255197279,338203.01288009854,10627.656108437704,1097699.8363564042,0.0,0.0,10206699.625080004,1557961.8178969133
109,218.09194639133426,111.68880715332232,268.86772394078594,191.78158914744242,175096.8439426482,276868.5545930429,12177.494193616618,1079562.221487578,0.0,901.1318099007476,9333822.912839988,1543705.1142168858
109,180.82385322070974,108.0563680567991,586.9351241387276,186.91285586831486,145175.86060552025,267863.9982016308,26583.328640082924,1052155.5213032109,0.0,5688.515042108949,8460946.20059999,1491778.708750445
109,134.42263912279844,107.03548060908376,267.56066962720604,183.3226978941388,107922.27890254081,265333.2913272784,12118.2953947386,1031946.0792221301,0.0,866.8682980699232,7588069.488359994,1417319.9448466878
109,134.58827935810078,120.23637888498388,534.6480580551931,178.23908387062264,108055.26447542077,298057.3728009119,24215.155047875483,1003329.788822152,0.0,7832.068061995087,6715192.775040009,1433657.5811463601
109,133.5101477306179,125.81977679864592,560.2042208486885,173.84343237021,107189.67797188125,311898.2163865302,25372.63880779845,978586.1243246051,0.0,0.0,5842316.062800009,1423046.657490815
109,131.65701531593527,143.3554271626486,528.2891398839238,171.04471644903393,105701.87595723684,355367.8378631525,23927.14841036116,962831.8071838986,0.0,2364.8690653922968,4969439.350560009,1447828.6694146493
109,127.74711267174902,137.1386080672111,369.7885553101632,166.03558308685632,102562.77969784728,339956.7885289309,16748.37693105599,934634.7776137528,0.0,5907.47677329951,4096562.6383200074,1393902.7227715869
109,125.40674045514106,156.99343547149,320.5128583438797,162.00400010365718,100683.79335488622,389175.483805806,14516.593565993242,911940.4997072959,0.0,5767.135987028945,3223685.9260800052,1416316.3704339815
109,117.31807887423368,157.68786340631723,339.4260417336022,117.35209964499683,94189.74743539274,390896.92092636466,15373.20505336491,660589.4442327594,0.0,234731.90647794819,2350809.213839998,1161049.3176478818
109,318.18210849857246,135.4409711355204,1673.527376309821,148.10776782745924,255455.0221545045,335748.4681476797,75797.01129303101,833716.8941302968,0.0,0.0,23317542.17639994,1500717.395725512
109,304.13248918100527,152.46940736889636,633.8373960215264,148.5930506885168,244175.1741738391,377960.74211746536,28707.61539026941,836448.6112146222,0.0,0.0,24190418.890800014,1487292.1428961959
109,134.98165716045273,113.61166448385305,626.1756204579297,142.6641151335973,108371.09095507135,281635.1802143717,28360.60003985479,803073.901644327,0.0,0.0,25063295.605199963,1221440.7728536248
109,334.0393235612368,144.42136761013722,584.8235092967063,143.66581583346573,268186.1126745104,358010.22789757466,26487.689873551273,808712.5984432372,0.0,0.0,25936172.31960003,1461396.6288888734
109,360.36771720138466,155.97471351285438,665.0702289285481,145.93847167653516,289324.07172687066,386650.14502380573,30122.20556792576,821505.658514997,0.0,0.0,26809049.02320006,1527602.0808335992
109,135.57800642026515,197.4113003491034,745.5075636513195,137.5897290540881,108849.87467454592,489368.4764038908,33765.354556505255,774509.556479427,0.0,0.0,27681925.7376,1406493.2621143688
109,126.58360291619091,144.23970051792435,654.1092227172903,146.0721077443847,101628.64668896877,357559.8881856548,29625.76223312376,822257.9124248737,0.0,0.0,28554802.45199993,1311072.209532621
109,134.47756138557756,148.80745640781882,877.1915157219339,135.58980552740067,107966.3736755663,368883.02792724816,39729.55337601682,763251.7402579957,0.0,0.0,29427679.166400023,1279830.6952368268
109,129.35998294413287,153.06439346432163,1156.0116907222955,142.03448930996174,103857.68535143152,379435.67003944784,52357.81165992241,799529.6602190075,0.0,0.0,30300555.88079995,1335180.8272698093
109,135.74987566980815,270.55488178384,534.8121018557591,133.74440699853326,108987.86126077123,670686.1767692819,24222.584881399613,752863.7643098853,0.0,0.0,31173432.58439996,1556760.387221338
109,142.547312886165,204.32271799094175,4735.389640836664,136.23188038207658,114445.23748752434,506501.38579254405,214474.1622780302,766866.0588146239,0.0,0.0,32046309.29880007,1602286.8443727223
109,145.3347167995168,214.40238222465183,3401.088022888161,128.90014644762064,116683.12676357091,531488.1515956694,154041.28485061676,725594.8241313405,0.0,0.0,31880813.986800063,1527807.3873411976
109,143.76473222328718,240.51602785862312,4651.26143576866,136.6565979478488,115422.65223030603,596222.0090529114,210663.84725129747,769256.846381085,0.0,0.0,31007937.27239996,1691565.3549155998
109,132.79931503396662,265.85667168641055,905.5681816242851,124.20418654173517,106618.9803197472,659039.6503893909,41014.78270438419,699160.6865764743,0.0,0.0,30135060.558000036,1505834.0999899968
109,131.19320851431706,232.88210303751643,449.5858182266953,133.00231394102536,105329.50499853688,577298.0561075612,20362.53593679287,748686.4309523136,0.0,0.0,29262183.84359995,1451676.5279952046
109,130.5077831718265,314.37060610675934,510.32990992064117,125.17491481721018,104779.20584162508,779302.2196022995,23113.743158907975,704625.0357780389,0.0,11415.185081351374,28389307.139999922,1611820.2043808715
109,131.46221455170112,278.03220736412754,4253.325586945715,122.71068315920361,105545.47862308765,689221.93141114,192640.6296726024,690753.5718132036,0.0,0.0,27516430.425599996,1678161.6115200338
109,132.65464494062377,310.2993396210285,805.7599084212042,120.23214701654449,106502.83079118199,769209.8415386677,36494.28969171936,676801.5861398071,0.0,0.0,26643553.71120005,1589008.5481613763
109,133.1735323214766,283.70889581476825,4060.7809246110673,104.26229557576404,106919.4236285258,703294.0355571387,183919.94176992044,586905.32250534,0.0,0.0,25770676.99679997,1581038.7234609248
109,132.96973023600012,337.8304518709172,567.4937178182242,114.87166581215449,106755.79951243014,837457.4972281194,25702.79300302813,646626.7762272423,0.0,3161.0862077492056,24897800.282400038,1616542.86597082
109,132.56079187570725,258.6968115217314,2671.493929431469,104.57880399453518,106427.48011577585,641290.8697782618,120996.67947164405,588686.9874357802,0.0,0.0,24024923.578800004,1457402.0168014618
109,163.63872689160905,309.3408457859871,496.1993888621693,106.51260746274913,131378.64602345624,766833.8039619573,22473.746897474175,599572.6056921835,0.0,0.0,23152046.864400007,1520258.8025750713
109,138.21938827762142,259.82079385610984,670.7941654613221,98.92501118229961,110970.52898811956,644077.141493746,30381.452765286784,556861.0903027919,0.0,0.0,22279170.150000043,1342290.213549944
109,140.48510788308687,282.97396940123997,1157.528573133469,104.62556329795824,112789.57989183393,701472.2056080867,52426.51394401856,588950.2013224886,0.0,0.0,21406293.43559999,1455638.5007664277
109,146.02847839861874,333.4866505712855,227.7193520182527,102.09741185818012,117240.11875003052,826689.5248777885,10313.811737355032,574718.9250215837,0.0,0.0,20533416.721200038,1528962.3803867577
109,186.79395510304818,344.76235758020835,221.38227411172846,87.30677052225053,149969.00411636682,854641.1950687817,10026.794284013587,491460.5805223818,0.0,0.0,19660540.01760001,1506097.573991544
109,298.28179497154014,367.39557826840235,740.4261611657815,100.40373483298191,239477.89805749562,910747.3283281629,33535.20886123134,565185.0081324095,0.0,18616.109661524068,18787663.30320002,1748945.4433792995
109,139.34298156284598,292.25556536276974,751.6538299419226,105.0530074237152,111872.61474311097,724480.6173163223,34043.72981467765,591356.3370314238,0.0,0.0,17914786.588799987,1461753.2989055347
109,134.5431910674792,376.2311573345339,285.87085733145244,88.63031732281512,108019.06498471403,932650.0960931925,12947.596142274951,498910.9887216891,0.0,17871.80525293306,17041909.87439998,1552527.7459418704
109,130.6139920571791,366.1785455239989,1083.8748463432046,89.85714983337311,104864.47648518445,907730.3913098202,49090.60654248827,505816.98025288316,0.0,0.0,16169033.159999965,1567502.4545903762
109,125.80384401270518,327.0712752658164,315.38215365120817,89.99270002169676,101002.61108657408,810786.2689180501,14284.214886661954,506580.00898301444,0.0,0.0,15296156.45639997,1432653.1038743006
109,123.58201158900671,353.40084016689923,282.21650447801346,106.24023226039327,99218.79535382355,876055.3747758942,12782.084045836109,598039.3720807582,0.0,0.0,14423279.74199996,1586095.6262563122
109,164.45779466728033,404.28519629008696,1136.7172175628905,106.39176820257899,132036.24106475973,1002194.0496377787,51483.93088530294,598892.3865912149,0.0,1397.1327987804543,13550403.027600028,1784606.608179056
109,269.6564327657925,375.98016456956043,358.19838119586467,110.9176736713079,216495.7996266444,932027.9030030995,16223.437470449853,624369.266743185,0.0,0.0,12677526.313200017,1789116.4068433787
109,220.27436430501794,399.5397466852767,564.1520064187757,106.87325161747917,176849.0154243233,990430.4199020406,25551.44099034665,601602.7161244605,0.0,36096.21143700625,11804649.598800002,1794433.592441171
109,245.78611832960073,387.2267052023098,1148.1339466869263,113.3023090173102,197331.32890292452,959907.2718362424,52001.01471589564,637792.6732495774,0.0,0.0,10931772.884400021,1847032.28870464
109,329.1279530076151,406.5444855251672,518.3100979371252,108.10619818934983,264242.97998391144,1007794.6658576797,23475.179971814927,608543.1244609503,0.0,44602.08845723898,10058896.177560015,1904055.9502743562
109,238.03088987842494,387.9222659786058,476.81168660575145,108.70211308630161,191104.98240859533,961631.5171896764,21595.643612354343,611897.6029217384,0.0,0.0,9186019.465320006,1786229.7461323645
109,174.75230942091687,426.75432384317696,407.59668093842146,113.29091278198287,140301.27364899096,1057893.4077663939,18460.773731837628,637728.5224351991,0.0,12008.382405081182,8313142.753080012,1854383.9775824216
109,277.2922109230497,366.8902153301036,679.784516227869,124.54013974649013,222626.2445078272,909494.5697945384,30788.64163367737,701051.8086057234,0.0,0.0,7440266.039759982,1863961.2645417666
109,235.44790755585083,362.63887378362693,455.47117022428563,128.29368715044467,189031.21462337486,898955.7985509838,20629.09392570875,722180.9899410432,0.0,0.0,6567389.327519984,1830797.0970411105
109,291.66541288320155,386.3297305493734,1005.2364265365752,126.69572495932204,234165.8833721483,957683.7359064139,45528.933588387925,713185.8636592642,0.0,30545.667898079497,5694512.615279986,1950564.4165262142
109,162.54959405243497,364.0442222381502,770.823569952961,129.4799129786427,130504.22711010725,902439.5567289119,34911.96120465651,728858.401448416,0.0,52694.71424508002,4821635.903039988,1796714.1464920917
109,167.26829870714658,355.28616617231665,480.48493199167353,136.16978244024952,134292.676460066,880728.9629299877,21762.011384964513,766516.5018403248,0.0,30654.997192019015,3948759.1907999907,1803300.152615343
109,157.63154607970844,273.98202986993283,455.63954085640773,111.35970018009756,126555.73340077158,679181.8314472861,20636.719729077748,626857.488484942,0.0,376746.40358811314,3075882.4785599946,1453231.7730620774
109,133.72806524024327,191.1563468152741,405.02402396844303,78.77220880551286,107364.63476788682,473862.894527807,18344.253552863007,443418.4798843445,0.0,782488.4670504398,2203005.766320002,1042990.2627329014
109,102.98494428104968,117.39664262018348,300.1302579798759,47.67437307312787,82682.27697351496,291017.8699617293,13593.429588013763,268364.9266420726,0.0,1162733.8617453827,1330129.0540800025,655658.5031653305
109,63.17664786943513,58.5473668684048,166.13200178731893,22.974140632308536,50721.871375135124,145134.72973018192,7524.411846416094,129324.27146964117,0.0,1483021.4494767506,622747.6583760002,332705.2844213743
109,111.4547105726291,124.50839508700366,350.1613694973902,53.04029169338904,89482.29582394194,308647.3950349894,15859.427012601976,298570.3444392791,0.0,1121803.306644755,1495624.370399996,712559.4623108124
109,146.14219677654128,185.20417851696197,477.9555615702526,83.82988374002171,117331.41844908857,459107.89556729404,21647.45173024321,471888.75595272507,0.0,784567.92714832,2368501.08264,1069975.5216993508
109,179.15538623773563,244.22658529164386,555.7364513702554,120.9651117724089,143836.31869315146,605420.2152062338,25170.285635448097,680927.5351614556,0.0,416970.82551377633,3241377.7948800046,1455354.354696289
109,195.47401980218407,291.74575781341775,639.4963592420586,167.21967704829714,156937.8627064476,723216.8409101875,28963.91983153845,941300.1885801846,0.0,36867.260168430745,4114254.508199988,1850418.8120283582
109,212.00985506973922,272.51211060459667,720.4260247896257,175.76872239663987,170213.78882482485,675538.0068534446,32629.367352914716,989423.8193670765,0.0,8920.14529149991,4987131.220440006,1867804.9823982609
109,208.00146206835555,277.63186001233464,1027.6535752842344,180.05120594258753,166995.61880324734,688229.498996011,46544.2458568556,1013530.4474897214,0.0,7720.061135250726,5860007.932680001,1915299.8111458353
109,183.04336667803415,277.14975970856614,1065.4702173688595,184.2301170309841,146957.8145377778,687034.4068674863,48257.0283829911,1037054.053473193,0.0,5592.3668951754225,6732884.644919997,1919303.3032614482
109,244.40635054679555,253.39330668203903,754.7234514392034,183.97631295518062,196223.5714265919,628143.861079108,34182.75839502138,1035625.3590238715,0.0,0.0,7605761.357159994,1894175.5499245927
109,195.40858717874013,243.27924386375352,1193.682931365576,187.01541522693378,156885.3296072411,603071.8236481965,54064.008697916135,1052732.8405835296,0.0,0.0,8478638.069399992,1866754.0025368833
109,209.65762156232466,239.95519318076322,1355.7601597575558,191.6464498802229,168325.27955073456,594831.7400493973,61404.772694175816,1078801.5058830287,0.0,0.0,9351514.78163999,1903363.2981773363
109,216.18524334453082,242.17052619226274,1326.7693513443187,200.06531293728565,173566.03232234172,600323.3919388667,60091.72776655856,1126192.324494376,0.0,295.5443462654948,10224391.493880004,1960173.476522143
109,168.27822452641172,223.00577244428632,803.6550493791417,202.32415826579035,135103.50339107157,552815.3398379092,36398.956907302505,1138907.6434761297,0.0,6363.02758634137,11097268.207200013,1863225.443612413
109,217.6019647914915,217.81981676817847,835.5236406352691,200.55204633623575,174703.45834019,539959.7270972653,37842.341703707825,1128932.2068354217,0.0,3431.4793630728964,11970144.921600027,1881437.7339765849
109,302.7079586132812,244.48561892840647,1208.4400400518157,195.46732251543247,243031.4785416274,606062.3410416632,54732.384219928696,1100309.6692496215,0.0,11622.340396261076,12843021.63600001,2004135.8730528406
109,155.18348768015983,201.5334427465253,1289.4137796141415,192.34250408440553,124590.29035419934,499586.972209242,58399.82793129366,1082719.68085636,0.0,107.9051121766679,13715898.339600032,1765296.7713510948
109,185.6572556003582,189.54789051209593,1543.7270606177835,185.0685016680985,149056.39593103266,469875.6465381703,69918.12569269951,1041773.4240098947,0.0,0.0,14588775.053999966,1730623.5921717973
109,175.9335063680175,231.1405019441321,870.9893208276083,182.8829561172714,141249.6069594787,572980.7517178649,39448.64501257947,1029470.7185181841,0.0,7290.290009338758,15461651.768399974,1783149.7222081074
109,289.5939630235802,177.10714338868578,1519.3175056464786,177.5081352231671,232502.8034702691,439035.9253350626,68812.57382661798,999215.1887234232,0.0,0.0,16334528.482799979,1739566.491355373
109,224.47142790040738,217.73662753353327,1348.9426667001012,174.4373409217782,180218.66112440164,539753.5069419878,61095.99638995694,981929.3088197472,0.0,0.0,17207405.19719997,1762997.4732760936
109,228.08729780714918,173.65586333210302,796.872760329581,170.10552195974125,183121.69087517305,430480.44923037005,36091.77505479185,957544.9655544334,0.0,3232.464765297598,18080281.900799993,1607238.8807147683
109,281.22201467543937,162.1949750110562,1639.2507504544358,164.13218823216076,225781.31852932597,402069.72782796016,74244.56235563959,923920.3331937339,0.0,0.0,18953158.61519998,1626015.9419066599
109,235.06684615397492,158.69972217841038,678.3064627468816,161.9464268524586,188725.27646325083,393405.24636041775,30721.697980423764,911616.4127746633,0.0,297.41057005827315,19826035.329600018,1524468.6335787557
109,251.337179543303,207.74469702459473,1138.1647903678213,158.2842829138333,201788.04229896917,514984.22675971984,51549.494014891396,891001.75282026,0.0,0.0,20698912.04399999,1659323.5158938405
109,255.43434667252112,183.0754489486905,685.8209003491345,153.56218611130637,205077.48533114966,453830.92741167825,31062.040134284824,864420.4874502242,0.0,0.0,21571788.758400023,1554390.940327337
109,123.70503859794434,183.20721943756067,1640.3727512291268,152.4251083329955,99317.56856090947,454157.5770171433,74295.37975282945,858019.7363780569,0.0,0.0,22444665.46200005,1485790.261708939
109,219.9880115059,358.0305079518385,912.9815024166801,104.8087919288055,176619.11481492745,887531.989671624,41350.54509929586,589981.6178867008,0.0,50853.60015710362,23103171.334800027,1695483.2674725484
109,211.57433536122443,304.0046967751211,788.4287236778812,106.63213566502608,169864.12838253172,753605.8727002023,35709.32971777026,600245.4446865529,0.0,0.0,22230294.6312,1559424.775487057
109,191.2780513433288,313.39903668154807,1266.359343460026,106.46931382253709,153569.09624539662,776893.7685739368,57355.6517903684,599328.900451178,0.0,0.0,21357417.91680003,1587147.4170608798
109,182.02303412668942,313.865881474235,1432.2964631595273,88.11385948690803,146138.63247962037,778051.0433829789,64871.23708275245,496003.7838585159,0.0,0.0,20484541.20239998,1485064.6968038676
109,168.2607314633205,315.1790992434493,1388.695294790248,89.67955455292014,135089.45894702472,781306.4161897558,62896.46314235663,504817.2745129118,0.0,0.0,19611664.487999994,1484109.612792049
109,238.7673833394336,318.1223523428407,1050.225529511972,94.25649181138557,191696.2820083321,788602.5298487667,47566.569538992284,530581.4189040582,0.0,0.0,18738787.773599975,1558446.8003001492
109,231.72046917360083,398.75018106452427,936.1721584313462,99.54568382180604,186038.61123970128,988473.1432711424,42400.89087834873,560354.933150277,0.0,24297.86648980819,17865911.069999952,1777267.5785394693
109,141.87817499442835,403.06927127565103,1289.6484393234443,109.3338888542162,113908.01483925978,999179.858602698,58410.45608407313,615453.9466485991,0.0,25630.27206432994,16993034.35560004,1786952.2761746298
109,393.2290878451353,370.9576491877674,1609.8650496958758,91.58418114748024,315707.08303268824,919577.447047657,72913.63205609375,515538.65254856274,0.0,0.0,16120157.64120003,1823736.8146850017
109,360.3165705164566,369.176127570503,847.5611587259166,108.65369390693793,289283.0082063821,915161.1825380796,38387.54216327172,611625.0453886152,0.0,0.0,15247280.926800014,1854456.7782963486
109,200.89413907256034,390.67078151881026,674.5720298898854,105.98835316894431,161289.4483277373,968444.8903851504,30552.55891915608,596621.5136058143,0.0,0.0,14374404.212400027,1756908.4112378582
109,309.5739314948604,392.2884207312885,1087.2722085666155,95.67415484532864,248543.87916921932,972454.902149329,49244.47907929864,538561.6189902498,0.0,0.0,13501527.498000013,1808804.8793880967
109,342.9962530922058,372.41089352899434,630.2265903598559,104.21983247410735,275377.2543844167,923179.9356987684,28544.075623075358,586666.2924683092,0.0,0.0,12628650.794399993,1813767.5581745694
109,295.29466926249336,401.3676561738004,621.9159968988984,110.24348219323981,237079.66055827352,994961.6766225079,28167.674163900563,620574.1597519106,0.0,0.0,11755774.079999981,1880783.1710965927
109,182.79764908098662,433.1487699735923,2897.545899946776,105.12966040402814,146760.5382217281,1073744.7817999693,131234.9725551679,591787.8261127175,0.0,18418.712906784727,10882897.365599979,1943528.1186895827
109,340.8720183203429,422.4710800720096,694.003633271068,116.8803921162401,273671.79569829436,1047275.5531924365,31432.650563771356,657934.1443684668,0.0,10041.539600257063,10010020.653359996,2010314.143822969
109,338.5384796996955,368.5373793422495,679.4409176876848,127.47401713941072,271798.2957618938,913577.7714227415,30773.079448798126,717566.9663429894,0.0,0.0,9137143.941119984,1933716.1129764228
109,183.39650896051384,380.82785341485715,575.7326498458374,115.03968154065271,147241.33761209593,944044.9764943728,26075.948789291113,647572.5574876267,0.0,0.0,8264267.228879985,1764934.8203833867
109,211.8799785865314,389.46331111088557,869.0146520220327,124.86979445329591,170109.51646315196,965451.6577141538,39359.20877396458,702907.4756130996,0.0,5793.96483054175,7391390.516639986,1877827.8585643698
109,239.99420610414063,345.7021908395088,573.9329926257434,126.53278540696007,192681.24636731742,856970.9744145649,25994.43913455464,712268.6568204949,0.0,0.0,6518513.80439999,1787915.316736932
109,234.8659674589233,334.8333554470515,554.4920226613724,126.08520778964754,188563.99941427747,830027.9098236038,25113.92326083994,709749.1872041358,0.0,0.0,5645637.092159995,1753455.019702857
109,304.5063823520219,346.2225346730528,503.68875136772465,126.79588803161478,244475.3572631277,858260.8695146798,22812.95335590864,713749.6939482719,0.0,26727.80593137385,4772760.37992,1839298.874081988
109,202.49223861968176,320.45569156590346,480.583252290622,123.3948633326853,162572.49518773018,794386.7106859548,21766.46448499456,694604.9064030625,0.0,0.0,3899883.6676800055,1673330.5767617421
109,183.63979804068612,280.2626361681048,395.03559167902245,111.66646741717302,147436.6641741664,694751.0046891108,17891.859809110632,628584.3191020467,0.0,140051.0255470522,3027006.9554400025,1488663.8477744344
109,139.8210781603229,190.6194326169855,278.5462984923503,90.90995835691105,112256.4583774271,472531.9226801395,12615.853933033006,511743.36929535726,0.0,471984.1761432515,2154130.243199997,1109147.6042859568
109,101.66207375785731,117.29887387651078,176.74639154652772,59.64821237733618,81620.19991203505,290775.508247651,8005.15630977911,335767.14505339495,0.0,853305.1270479783,1281253.5309600006,716168.0095228602
109,68.65575961030689,64.42987550043104,94.80991427194479,32.6703446227446,55120.81956790467,159717.04736649088,4294.108506672852,183905.39975440214,0.0,1159877.9881996154,671623.1818199991,403037.3751954705
109,113.38315507101952,141.88611621553514,195.81741121950444,70.72264977102463,91030.56274059752,351725.5212466218,8868.91648124978,398106.5191695618,0.0,720352.9879015884,1544499.8945999972,849731.5196380309
109,149.4513265556697,214.93138223692517,279.6394581218563,103.65928031979799,119988.17946254819,532799.5047429616,12665.36506380725,583510.8752478344,0.0,332519.3182413527,2417376.606839994,1248963.9245171514
109,172.9316332662435,265.73158691773847,385.40454244588227,130.986220274403,138839.52939937563,658729.5742055142,17455.65257532295,737337.5910186087,0.0,0.0,3290253.319079992,1552362.3471988216
109,175.24838270991276,270.51180097292035,433.6263811366648,142.50959625095456,140699.55001226193,670579.3825241465,19639.70483736333,802204.0957940932,0.0,0.0,4163130.0313199903,1633122.7331678648
109,247.59779796396464,258.0280239025316,626.8373623016445,149.74049211618495,198785.8502250603,639632.9931639705,28390.57149697653,842907.7005473734,0.0,0.0,5036006.743559995,1709717.1154333807
109,218.39517723484013,246.1187344944618,503.7273157118142,148.89678972597008,175340.2952234611,610110.7175780553,22814.700003179456,838158.3957225266,0.0,0.0,5908883.455799993,1646424.1085272226
109,163.38779597072158,237.25256162348006,681.4101802450693,152.15814742066843,131177.18414913202,588132.109961708,30862.270828881883,856516.980473054,0.0,0.0,6781760.1680399915,1606688.5454127758
109,166.21936193400364,231.4078277942513,697.8318006523507,151.40361548084547,133450.5292762211,573643.4333563773,31606.035027233505,852269.6271125999,0.0,0.0,7654636.88027999,1590969.6247724318
109,202.55481801730534,234.03741921851673,345.9132535187398,158.99293517675503,162622.73755202207,580162.0021849188,15667.022335292259,894990.8438201987,0.0,0.0,8527513.59251999,1653442.605892432
109,198.80398642960876,248.7754437216875,693.7045160108124,162.38792937849044,159611.3527483503,616696.5094981556,31419.10301463982,914101.6849528435,0.0,0.0,9400390.304759998,1721828.6502139892
109,150.08587893629834,216.0919246399581,281.1158395458933,163.4343435813092,120497.63485969981,535676.4062504742,12732.232986647752,919992.0795752526,0.0,0.0,10273267.016999988,1588898.3536720744
109,173.00519893652552,208.56749911630644,292.41726425921706,168.37950590306835,138898.5921795564,517023.8942219716,13244.09447678483,947829.0082680826,0.0,0.0,11146143.725999981,1616995.5891463954
109,138.61631301962257,202.63333357794335,351.3758489346356,173.58327007110634,111289.20315631853,502313.52281414554,15914.432931789883,977121.6386520428,0.0,226.69492483802605,12019020.440399988,1606638.797554297
109,188.37725118214246,195.72808081369703,360.3651306843389,176.82144479810216,151240.16589498075,485195.89571555925,16321.57338251912,995349.7236177636,0.0,5190.4654413021635,12891897.154799988,1648107.3586108228
109,229.8910622676431,197.66115103365615,251.31327410942222,180.34119289920147,184569.85743737008,489987.8383584082,11382.42214941452,1015162.8198382678,0.0,9172.573580860859,13764773.869199969,1701102.9377834606
109,135.2550970806956,192.57988447747388,908.0358198807738,185.74443400330804,108590.62435754073,477391.74244898645,41126.546400300904,1045578.3305007524,0.0,4518.881575048552,14637650.58359998,1672687.2437075805
109,201.83258220765669,193.48260056564908,935.232980618958,188.58548646401061,162042.88482043645,479629.5109856121,42358.353856092945,1061570.9652446476,0.0,12723.114045974915,15510527.287200002,1745601.714906789
109,250.1912323342414,159.07627736651503,252.00565177925282,194.07801747271006,200868.00951943896,394338.6997055853,11413.781157221678,1092489.0997939568,0.0,1336.462211924605,16383404.001600016,1699109.5901762028
109,133.01837221197866,154.22820632825972,416.9478856273776,196.2153381162529,106794.85210753008,382320.67878533754,18884.306311851447,1104520.3413340426,0.0,13007.800752758514,17256280.716000024,1612520.1785387616
109,138.07820962681555,144.50520064725688,435.60698527851804,199.42898322936037,110857.18259180727,358218.0439930819,19729.40989784349,1122610.3460774685,0.0,14726.057106489083,18129157.430400025,1611414.982560201
109,144.93388504869333,145.51205467093433,452.74988474761733,197.56857318714967,116361.31582244032,360713.9630142161,20505.842099102,1112137.868469085,0.0,2865.927442055894,19002034.14480003,1609718.9894048434
109,222.91286791302667,149.56807165351148,359.6317458527693,193.43713773643583,178967.3589126456,370768.53865158843,16288.357087914372,1088881.508706229,0.0,4072.8187612399925,19874910.848400056,1654905.7633583774
109,169.4108908063399,148.1730671115841,368.0072228185549,189.94685226866255,136012.87347161464,367310.4222922297,16667.697235644733,1069234.2612829204,0.0,950.1905824409332,20747787.562799957,1589225.2542824096
109,175.55382661725068,116.96330822048473,392.9144474459602,183.94975826938068,140944.7780688744,289943.6650171341,17795.789439624306,1035475.8794219946,0.0,9333.601562983473,21620664.27720001,1484160.1119476273
109,173.0737574205923,117.08834886503372,390.8990426916377,179.71427114399617,138953.63490068488,290253.6318204695,17704.50819792735,1011633.7999476879,0.0,10589.785581383388,22493540.99159996,1458545.5748667696
109,180.54704889996572,140.24938283811025,1361.9159141664088,177.9239732698763,144953.62606750114,347668.17641492584,61683.57768598527,1001555.9923817937,0.0,2763.6460805300158,23366417.70600003,1555861.3725502058
109,187.624647500246,164.72833722574825,1137.5980041133841,171.02275587168583,150635.93207699634,408349.7513372054,51523.82326415469,962708.1883851783,0.0,0.0,24239294.40960006,1573217.6950635347
109,181.18355473797772,199.5365999982291,615.3985815405207,169.45447842163992,145464.64981336193,494636.94203557004,27872.488908784144,953880.1611725203,0.0,10571.54530224111,25112171.12400001,1621854.2419302363
109,377.0173384891595,140.3748670659423,1116.5523091277403,164.62058011397707,302691.3518514592,347979.2428294538,50570.626559351454,926669.5513394068,0.0,10914.72879526706,25985047.83839995,1627910.7725796713
109,192.3852944427514,144.45659442658277,618.3462114966451,159.32981694157635,154458.0551244113,358097.5526528548,28005.992276721085,896887.1928285989,0.0,0.0,26857924.552800037,1437448.7928825861
109,191.09565375223127,188.98824679079024,1940.2540913553094,154.614660716008,153422.65689689078,468488.3298306665,87877.53541151615,870344.99682238,0.0,0.0,27730801.26719996,1580133.5189614533
109,187.19149970644605,186.29374436796908,605.7412870579013,151.90069461312046,150288.17594519033,461808.85128515895,27435.09298128322,855067.7468626733,0.0,0.0,28603677.981600046,1494599.8670743057
109,185.63125819101265,238.63180985119334,858.4784023154762,152.12975048602704,149035.5237053388,591551.1675464825,38882.003411626836,856357.1306252079,0.0,2785.408521581907,29476554.685200024,1635825.8252886562
109,185.43622946908457,209.6910745978722,666.2969623236255,142.74114274247322,148878.94335355223,519809.15737846907,30177.766490511476,803507.499556012,0.0,0.0,30349431.39959995,1502373.3667785446
109,170.41606489046455,183.60560076973616,794.9394819299592,141.09516223949305,136819.88543448356,455145.13581043284,36004.21346078206,794242.0722737488,0.0,12525.714998192037,31222308.114000052,1422211.3069794471
109,168.71737304210504,193.6373247345419,2378.019147061916,135.38607601998217,135456.07724990643,480013.06112007773,107704.68813145178,762104.9217307897,0.0,0.0,32095184.828399964,1485278.748232226
109,157.44058227408132,205.85587437311167,782.6711289445398,135.3124672646167,126402.41659918467,510301.970670434,35448.55808104564,761690.5689672291,0.0,3815.28309630882,31831938.457199927,1433843.5143178934
109,144.19056157893024,206.31598301122617,2373.9145448609584,131.97559057666982,115764.53269615985,511442.54703468556,107518.78344666235,742906.8784884703,0.0,2513.376429953729,30959061.753600087,1477632.741665978
109,132.10980732964845,285.8549233397851,714.6095711850721,122.88876061551115,106065.40360635669,708613.8841087724,32365.929893933997,691755.9917805365,0.0,0.0,30086185.03919998,1538801.2093895995
109,129.76493943549286,262.83968056699325,656.1164478677703,118.12162408270811,104182.80787312241,651560.7454593164,29716.673006112764,664921.192213145,0.0,0.0,29213308.324800055,1450381.4185516965
109,111.7979125137085,251.22043714981234,1589.1145796958888,118.76770378353096,89757.83821655356,622757.4731138304,71973.80661242946,668558.0545427303,0.0,0.0,28340431.61039997,1453047.1724855439
109,105.72659014410934,301.4176520820593,2161.4429062365252,116.40660536868602,84883.42903700647,747192.7741714271,97895.56758521861,655267.1403250931,0.0,0.0,27467554.896000035,1585238.9111187453
109,99.12375800552198,296.7542056315623,666.8399820282822,114.97309918509826,79582.2930359768,735632.424382762,30202.360812223113,647197.7571953058,0.0,0.0,26594678.192400064,1492614.8354262677
109,440.0282449087979,251.64834245682334,1551.773994156018,104.09728794381738,353280.1563928571,623818.2197264448,70282.58552819784,585976.4741914917,0.0,0.0,25721801.47799998,1633357.4358389913
109,291.54643118348724,353.7019973291977,1553.622442611936,108.29890207580767,234070.35797356468,876801.9218145465,70366.30502419842,609627.8784077631,0.0,38913.03018709598,24848924.763600037,1790866.4632200727
109,238.05681360232572,373.55912032624104,939.5520728175884,101.22266922793352,191125.7954753471,926026.3077014909,42553.97317179073,569794.8908567979,0.0,198.38938050123397,23976048.04919998,1729500.9672054267
109,188.09635837292902,221.08221245655483,1841.5013073114505,70.60143188111256,151014.6488816601,548046.9723796989,83404.8473674785,397424.16871507204,0.0,0.0,24444481.957199957,1179890.6373439096
109,184.95402168614797,152.87543116090953,751.9590474835874,71.59924152372116,148491.79902147644,378967.2460213951,34057.55365633085,403040.9622727066,0.0,0.0,25317358.671600036,964557.560971909
109,214.9682356201481,221.88487529798033,935.9649369736047,73.65013924274025,172588.94804610315,550036.7160827179,42391.50545245434,414585.71851041756,0.0,0.0,26190235.375200048,1179602.888091693
109,264.78564949702087,254.17568689962673,1795.3273853443868,79.2262942279939,212585.25275867232,630083.3256101271,81313.54887166404,445974.58273873205,0.0,0.0,27063112.089599986,1369956.7099791954
109,252.20867201481246,206.16716104452016,916.4215192464047,87.91081857296572,202487.7269219276,511073.62803676823,41506.34953857895,494860.8415089252,0.0,0.0,27935988.80400002,1249928.5460062
109,276.88099429135815,243.91317347242992,689.8675291584684,88.92571215498265,222296.09598296275,604643.2897506774,31245.319101753,500573.80266878573,0.0,0.0,28808865.518399954,1358758.507504179
109,294.67613923607314,192.0076658508192,681.5981009909108,88.6397390138436,236583.0688349111,475973.2534516457,30870.782091438068,498964.02458264993,0.0,0.0,29681742.232800048,1242391.1289606448
109,349.7720947453855,230.45997163523668,1315.4853359161589,91.8635305143697,280817.29244248435,571293.7658167443,59580.65477370145,517111.1445924079,0.0,0.0,30554618.936400067,1428802.857625338
109,336.253518635344,244.80608462091206,1322.6309260876853,95.94282592665401,269963.7967007415,606856.7525439624,59904.291175826416,540074.0016474928,0.0,0.0,31427495.650799993,1476798.842068023
109,336.91066287022323,267.97602471318856,1937.9849185123771,109.10886656777922,270491.3901467461,664293.374770124,87774.76056478443,614187.268441843,0.0,0.0,32300372.36519991,1636746.7939234974
109,190.09175387193687,307.090173204861,605.0807043553137,112.24513519316713,152616.66793864407,761254.5478101466,27405.17402371085,631841.7113915391,0.0,0.0,31626750.920399982,1573118.1011640406
109,371.85180382160667,265.05131168121204,709.1643439732122,114.56340400032454,298544.1614919312,657043.2206105299,32119.30593407948,644891.5324644895,0.0,0.0,30753874.206000064,1632598.2205010299
109,214.96813771553715,331.4122728848532,1732.5891078405093,119.93492271815808,172588.86944261196,821547.2911449656,78472.0214513284,675128.4739017005,0.0,0.0,29880997.50240004,1747736.6559406063
109,365.8677546379525,307.94944292135114,1683.7545311939703,123.74315158460692,293739.8202799209,763384.6159026781,76260.21720482121,696565.4639343355,0.0,0.0,29008120.787999943,1829950.1173217557
109,357.09815496344845,247.4015767171293,828.7622225882398,125.63195138058065,286699.07782677753,613290.7915802184,37536.10513577211,707197.7509685149,0.0,0.0,28135244.07360007,1644723.725511283
109,325.36515909197567,350.3250885272142,1633.772995184834,133.183362107311,261221.99113064658,868430.8067240771,73996.46514258653,749705.573412549,0.0,0.0,27262367.359199975,1953354.8364098591
109,314.8469497601381,368.8705420478819,892.146123081793,133.94472896811652,252777.36358521582,914403.6579113144,40406.873961854806,753991.4013862984,0.0,24096.03608596709,26389490.64480004,1961579.2968446831
109,362.494100080498,343.98586432031095,1503.0965327057256,136.6285753966935,291031.2550378874,852716.3238842958,68077.89730648522,769099.103984062,0.0,0.0,25516613.941200025,1980924.5802127304
109,400.0029721020626,314.4111884047447,434.20583577614127,146.35398125241014,321145.5495796945,779402.8202127962,19665.949361638184,823844.6131705248,0.0,0.0,24643737.22679995,1944058.9323246537
109,373.7237267099528,320.7072913767148,673.749736633498,151.63884248309364,300047.049586961,795010.4085992075,30515.31580492749,853593.7489234045,0.0,0.0,23770860.5124,1979166.5229145004
109,386.3753904059777,364.97066648769453,894.4746141717933,151.75585923711557,310204.537841125,904736.1456783334,40512.33543678666,854252.4506657603,0.0,0.0,22897983.79800004,2109705.4696220057
109,373.99679172480836,304.39779343277905,2721.602963378696,153.39625703794692,300266.2819936752,754580.3311638128,123266.20614073017,863486.452229004,0.0,0.0,22025107.083599977,2041599.271527222
109,414.48975360633847,315.8456863504992,333.6543915877133,165.27508972979362,332776.3766792606,782958.837892012,15111.796822176002,930353.866700318,0.0,0.0,21152230.369200006,2061200.8780937665
109,364.67913353087283,339.8683372968711,491.73659545705374,167.37801733424848,292785.52642387996,842509.2692605266,22271.619100275006,942191.505581011,0.0,0.0,20279353.665599994,2099757.9203656926
109,346.2899801292974,374.68771641176136,297.51081184369775,168.39822226894555,278021.6491846193,928824.0165756525,13474.790245045153,947934.365000261,0.0,0.0,19406476.95119995,2168254.821005578
109,334.1636912864552,421.26422608732446,522.1084433461203,172.19074950718758,268285.9622862654,1044283.8485905067,23647.21374546927,969282.9686309309,0.0,4538.18204339582,18533600.236800045,2305499.9932531724
109,343.1006421710554,383.20807267273864,427.3634054701867,185.09476683686583,275461.0639819332,949945.3695806693,19356.043605381106,1041921.2738846833,0.0,0.0,17660723.522400018,2286683.751052667
109,384.5298739249721,421.76912851242867,317.2796423580441,182.5186369644741,308722.85033906385,1045535.4655449005,14370.155502260115,1027419.9210684773,0.0,27325.680208066828,16787846.808000017,2396048.392454702
109,374.5789788854961,379.3418719770541,667.0164584454388,186.80885722467676,300733.69555986644,940361.3349252419,30210.353740915845,1051570.100109984,0.0,0.0,15914970.10440002,2322875.4843360083
109,243.05034298109751,421.9970594070798,292.60183077428985,195.23898977346033,195134.89002847168,1046100.4899099878,13252.453820303988,1099024.3560803146,0.0,50777.98915513349,15042093.390000006,2353512.189839078
109,342.2690156383716,401.20556849881797,369.2391318355561,198.3835080188469,274793.3860432412,994559.8728837668,16723.492571290524,1116725.2371585702,0.0,0.0,14169216.675599994,2402801.9886568687
109,215.50859398260062,376.6994104948208,269.7880070325553,197.69247591530353,173022.77903082772,933810.8621446581,12219.175440596537,1112835.3322092115,0.0,0.0,13296339.96119998,2231888.1488252943
109,269.4946865222249,380.87202090230437,277.67030139546824,193.82219897532335,216365.94037582437,944154.4645328003,12576.178476996283,1091049.0659170654,0.0,0.0,12423463.246799977,2264145.6493026866
109,171.53056832857945,414.94194907714893,417.89109400758974,203.85168922360148,137714.67333383582,1028611.3766377784,18927.025885644296,1147506.303657936,0.0,27746.31872525753,11550586.543199986,2332759.3795151943
109,120.98444392395254,365.4660089950128,979.0089993741265,206.12796764766782,97133.31761104464,905964.0642811477,44341.047079352866,1160319.755684971,0.0,0.0,10677709.826639997,2207758.184656516
109,280.6390838906029,347.9128214755107,322.5631166976836,206.80212036599022,225313.307938606,862450.9694519258,14609.453388782382,1164114.644492856,0.0,0.0,9804833.11440001,2266488.37527217
109,157.10974190377587,335.0602310944295,318.7092868771003,203.06496253822624,126136.79879143051,830590.3183062703,14434.906628109557,1143077.72210356,0.0,0.0,8931956.402159998,2114239.7458293703
109,266.60936469077996,375.8741777259621,395.4759981165159,190.48268786261642,214049.43692485188,931765.1692078261,17911.806594677906,1072250.545936377,0.0,11644.143932274776,8059079.689919998,2235976.9586637327
109,96.5569188977576,321.74467329130107,342.73792487344525,187.2845382900117,77521.4859584351,797582.0040757192,15523.206091474854,1054247.7675018094,0.0,0.0,7186202.977679999,1944874.4636274385
109,89.27124790249073,333.3758459428601,411.49679962243846,189.015065399025,71672.12738108229,826414.8481389435,18637.416996908345,1063989.1180582205,0.0,0.0,6313326.264360009,1980713.5105751548
109,82.62026464484018,336.5909811604866,428.6050787235954,182.13553220755028,66332.33287330913,834384.9380988394,19412.281180543097,1025263.377135946,0.0,22133.141851095017,5440449.552120005,1945392.9292886376
109,76.07517943618038,305.8123384304095,458.59527828896097,180.60840049454464,61077.55945166399,758086.8869135141,20770.59029894466,1016666.9643523965,0.0,3264.430320584215,4567572.839879998,1856602.0010165193
109,69.72433033239143,300.5999689367173,404.2120648641815,176.3750696791632,55978.73002293262,745165.7962106441,18307.478490640304,992837.0230130772,0.0,1537.9377709077671,3694696.127639995,1812289.0277372943
109,63.24624960666444,256.29075639440737,351.87572838755716,145.54384739818252,50777.75168031572,635326.4314217942,15937.073355289735,819284.2697754148,0.0,240613.72932079993,2821819.4153999966,1521325.5262328144
109,56.84423421460519,180.5265200942722,293.22333765845946,102.09204543709048,45637.84299239742,447512.31531732116,13280.60296502965,574688.7167753243,0.0,621187.815780371,1948942.7031599986,1081119.4780500727
109,51.185989637683974,102.72693069023076,186.09801746486468,56.057279295069456,41095.076585531715,254652.70462545045,8428.70796801572,315553.33979326265,0.0,1025513.2280965312,1076065.9909199972,619729.8289722606
109,48.8218262104793,86.12163699492584,164.95645609327008,45.86359441731531,39196.98928099005,213489.37070515184,7471.169305237133,258171.8302297345,0.0,1085232.281192443,876810.7214280022,518329.35952111357
109,58.510605260564105,162.78201965734405,310.2341703516457,86.04497068994728,46975.70216515782,403524.96946623985,14051.053628700532,484357.75362387963,0.0,627838.0566663704,1749687.4335600028,948909.4788839779
109,67.61165385529893,236.53534330399435,431.2876908414219,125.58477743474361,54282.5510051756,586354.1771096626,19533.781422408323,706932.2030085124,0.0,183250.5682392547,2622564.145800003,1367102.7125457588
109,75.30767965643453,252.69089177770732,764.0157499018317,145.0755464259744,60461.36618371526,626402.6248331164,34603.62300798225,816648.1458381317,0.0,1466.9651912975824,3495440.8580400026,1538115.7598629456
109,101.86639792572083,241.26378643752147,572.6349154054991,140.51600418303275,81784.24318610402,598075.6490209695,25935.646924092543,790981.9201350362,0.0,0.0,4368317.57028,1496777.4592662023
109,165.53624002927765,231.03970273394188,817.1389057634045,132.8370572235899,132902.07945253534,572730.8776943097,37009.66458325651,747756.1805055243,0.0,0.0,5241194.283600007,1490398.8022356257
109,161.1022640775972,233.7732314836699,677.0348932553873,128.03223454710223,129342.226793585,579507.0997094376,30664.106351824776,720709.2409867623,0.0,0.0,6114070.9958400065,1460222.6738416096
109,168.5393150064968,242.4024455366795,711.8206014461573,124.65736409134841,135313.12194784457,600898.3033852992,32239.612527520436,701711.6789025033,0.0,0.0,6986947.708080007,1470162.7167631674
109,175.01432040137442,226.17211749314222,924.9457527785657,120.94516468001655,140511.63123676777,560664.4824634198,41892.42713399082,680815.2505179137,0.0,0.0,7859824.420320006,1423883.791352092
109,179.9159219738472,220.57471009522897,960.0843581834016,118.22670116402077,144446.9208235932,546788.9103696,43483.91664793268,665512.6840650667,0.0,0.0,8732701.132560005,1400232.4319061926
109,235.29506158119602,226.041746343863,1022.1544064310986,113.15133836826503,188908.50102383932,560341.3017205901,46295.178784775475,636942.8408439375,0.0,0.0,9605577.844799994,1432487.8223731425
109,199.22926356785962,185.60406750187943,989.7798529541146,109.44633833308232,159952.78986210356,460099.1917237637,44828.87806556484,616086.9386357315,0.0,0.0,10478454.557040004,1280967.7982871635
109,186.3835764130879,176.91668561862483,1349.570266198888,104.99362062404032,149639.52833964818,438563.79416228173,61124.421479961704,591022.0414107176,0.0,0.0,11351331.273599993,1240349.7853926094
109,234.99261417963191,211.10459877423472,1408.7172467191901,101.62873554581863,188665.67873558524,523313.182585351,63803.29271559787,572080.688248279,0.0,0.0,12224207.977199985,1347862.842284813
109,202.1590577408103,189.40060528173032,767.3255879368186,95.04277140928312,162304.99828416388,469510.5369995909,34753.53141968042,535007.483747874,0.0,0.0,13097084.69159999,1201576.5504513094
109,254.91737338858536,183.8477580917972,1480.2614410962972,92.74981751093866,204662.4292416534,455745.426470276,67043.65566747852,522100.16341921483,0.0,0.0,13969961.406000001,1249551.6747986227
109,242.47154705213345,151.8023709492049,1498.1000486119026,88.43142425906397,194670.1991394894,376307.2066013472,67851.5977151872,497791.39513245993,0.0,1538.3325832257397,14842838.120400015,1136620.3985884837
109,319.6636856201681,146.8300902907971,1524.2262111022578,84.42180234380125,256644.5180636452,363981.27892773104,69034.89776833101,475220.73878630553,0.0,1068.5285002139863,15715714.834800024,1164881.4335460127
109,305.4206620454925,157.5671046663925,1231.952146352174,79.5503188271351,245209.3939456208,390597.56865795393,55797.28905028821,447798.5571755929,0.0,0.0,16588591.538400028,1139402.8088294559
109,288.59610988204594,160.68105232611126,776.6100592149519,75.51591922472645,231701.66918405663,398316.82190811343,35174.04152562816,425088.42417217704,0.0,0.0,17461468.252800032,1090280.9567899753
109,354.17823226066474,125.06917289089206,1688.3434854014827,71.01458502647958,284354.7947926094,310037.523052001,76468.05904763407,399749.858732606,0.0,0.0,18334344.967200052,1070610.2356248505
109,315.98940263327347,118.41337278811952,1737.7901245245835,67.63581084361019,253694.59090951266,293538.2712372229,78707.58468496207,380730.32208689034,0.0,0.0,19207221.681599956,1006670.768918588
109,315.2284660390778,115.9454697068108,1179.9188551465334,65.89939329553607,253083.6669469879,287420.5162319279,53440.6093706142,370955.8135224226,0.0,0.0,20080098.395999998,964900.6060719527
109,154.18713018252103,174.08273511808017,1802.0665756432868,59.92869701566315,123790.35685751669,431538.63381835475,81618.77870561989,337346.0276801971,0.0,0.0,20952975.099600013,974293.7970616885
109,161.94975888453462,161.9098564349086,735.9799289916305,62.37616014397731,130022.64470175595,401362.939295809,33333.83115143929,351123.09952300286,0.0,0.0,21825851.813999984,915842.5146720072
109,173.07582174555074,142.98957632786005,1819.2626174824013,60.40571888188246,138955.2922603035,354460.9198432876,82397.61781869663,340031.2426055878,0.0,0.0,22698728.528400052,915845.0725278755
109,179.4295758263574,157.52139872558752,978.7074837042744,66.65714132583008,144056.4539728076,390484.26690382545,44327.39090201372,375221.27065284166,0.0,0.0,23571605.24280001,954089.3824314885
109,202.21888458141532,340.6172075511409,909.4026072322712,128.82622291092892,162353.0307362848,844365.6649922205,41188.45061398939,725178.6994248664,0.0,3361.71084670641,8009347.414680003,1773085.845767361
109,273.2308272969664,301.93888841140836,1145.72713762129,113.6366680831284,219365.53054413272,748484.8817047286,51892.006081492254,639674.8216741151,0.0,0.0,7136470.702440004,1659417.2400044687
109,278.6521233635729,283.0181436507441,680.1969261033539,116.01378097206765,223718.06096558255,701581.7104091689,30807.320405493112,653055.8833418078,0.0,0.0,6263593.990200005,1609162.9751220522
109,186.34514134853814,305.76969872502787,766.5341638025276,117.08917183620488,149608.67044411032,757981.1861374185,34717.68642252435,659109.3911650373,0.0,4016.5672886173707,5390717.277960005,1601416.9341690904
109,243.90787891400157,294.7938912004721,1030.2177358982328,102.29919090164117,195823.3695340353,730772.9452915514,46660.3812208584,575854.7641465842,0.0,3448.3350236602128,4517840.565720004,1549111.4601930294
109,173.9775026773891,268.1943328448771,802.1255994194777,89.32345356363543,139679.21392738272,664834.5449949394,36329.68541673364,502812.7381193241,0.0,0.0,3644963.8534800047,1343656.1824583798
109,166.16855986297722,258.9336354487583,624.9946858229171,78.86542612510647,133409.74243172884,641877.9393337542,28307.11342401959,443943.2116746532,0.0,34430.376077131834,2772087.1412400045,1247538.0068641559
109,144.48923112236284,173.29378320299128,464.8473971420796,63.3888306029533,116004.32190113582,429582.8785198474,21053.7598066704,356823.5464490447,0.0,231764.81088770938,1899210.4290000033,923464.5066766983
109,105.63165970688735,96.96284155259733,258.25164580045265,41.159118962063026,84807.21338472447,240363.94043539834,11696.673260489812,231689.7575970932,0.0,553828.462227236,1026333.7162200023,568557.5846777059
109,98.67336125223066,92.9333463533425,216.26864960101224,40.259526252928644,79220.68844062959,230375.11039958484,9795.189196296564,226625.83927300162,0.0,574532.1840311277,926542.9961279981,546016.8273095126
109,134.15544663573286,174.57443925807274,424.8754248392176,69.15196935386369,107707.76130120573,432757.53316912206,19243.358567387742,389264.9653586082,0.0,185307.86616717814,1799419.7087999978,948973.6183963239
109,150.54506642587847,225.51397512614525,576.0634198053777,87.53148166665169,120866.29716719812,559032.9946670039,26090.929945090284,492725.507272239,0.0,0.0,2672296.421039997,1198715.7290515313
109,198.11385002450075,214.63937703684851,791.6195301785402,97.3282372891851,159057.27127755858,532075.6447632603,35853.846980999995,547872.6530970766,0.0,0.0,3545173.133279997,1274859.4161188956
109,184.38716045793964,208.22654488633236,969.1342623605838,101.91161032750733,148036.69000138162,516178.6931025281,43893.8027954968,573673.0252868875,0.0,0.0,4418049.845519999,1281782.211186294
109,182.40244194232343,208.8769565268567,1005.0674358345572,101.95307785503672,146443.2430449527,517791.01698163676,45521.27970095794,573906.4511143522,0.0,0.0,5290926.557760006,1283661.9908418995
109,184.1709034537464,211.20527604667853,745.8798690141712,107.38285172201024,147863.06635529437,523562.7543339652,33782.21692409601,604471.3179718198,0.0,0.0,6163803.270000011,1309679.3555851753
109,142.96361039440905,206.63115943221862,839.8957540608342,107.44574816657205,114779.46523431114,512223.8468116829,38040.362444439714,604825.3698165076,0.0,0.0,7036679.982240015,1269869.0443069413
109,197.2196599710262,175.0468462951982,929.1862554234887,105.95366884890251,158339.36372141546,433928.5963838,42084.48698996646,596426.271290003,0.0,0.0,7909556.694480018,1230778.7183851849
109,192.31476885246917,185.15762649177915,485.00075152473045,111.88132894531132,154401.4330965009,458992.4964305833,21966.540829173042,629793.8011470144,0.0,0.0,8782433.40672002,1265154.2715032715
109,150.1968662556094,178.8432373585247,995.5847683795197,110.62195706335092,120586.74190675303,443339.57795986993,45091.792940028805,622704.6414804787,0.0,0.0,9655310.118960008,1231722.7542871304
109,109.36474798016062,148.42668775891195,635.0281000350827,115.22387178803895,87804.3528280883,367939.12971448933,28761.54447851725,648609.3871099517,0.0,0.0,10528186.831200022,1133114.4141310467
109,201.39602665828733,172.6432159729039,1141.0335764156816,118.67652656709572,161692.39274512127,427970.1689453542,51679.426402938996,668044.8067447459,0.0,0.0,11401063.5456,1309386.7948381603
109,136.45302471280743,144.99544027269528,503.2601255504078,122.60895695713167,109552.39003080451,359433.3129171473,22793.540135440573,690180.9424738573,0.0,0.0,12273940.260000017,1181960.1855572497
109,213.46293749181956,149.4620360768808,539.9408689210296,128.50067104693,171380.4075391091,370505.68405061774,24454.875802162933,723346.1278257337,0.0,1719.6853662031936,13146816.963599969,1289687.0952176235
109,201.03589900366092,142.31327330767604,406.1460013611156,132.6749271235487,161403.26140953126,352784.4130881549,18395.069891039948,746843.5301737142,0.0,1163.6703751034802,14019693.677999977,1279426.2745624403
109,235.4633022689385,136.60861795235544,1001.9240204799581,136.02774130004877,189043.57439052654,338642.98098824115,45378.908866453516,765716.9347414211,0.0,7447.515456631314,14892570.39239998,1338782.3989866422
109,201.9032491275081,153.9884726132138,1099.270061586562,140.40971316870352,162099.6203159092,381726.3960737238,49787.88303773897,790383.594904426,0.0,8080.231763520744,15765447.106799966,1383997.494331798
109,112.59404765117752,155.93100891645713,329.63450429988285,144.15665691123945,90397.02160791335,386541.80445914227,14929.729025457757,811475.6034150616,0.0,8174.020384396659,16638323.82119998,1303344.158507575
109,84.01350769146846,147.15783681346986,1174.9880917153926,149.97721993037794,67450.90907177138,364793.7390866146,53217.28638422986,844240.27061374,0.0,293.87402529479004,17511200.535599995,1329702.2051563556
109,139.11625327611262,137.47837178254295,534.868546273241,153.91057404018144,111690.58414502414,340799.03844783246,24225.141348780944,866381.6060753634,0.0,117.71193377883174,18384077.239199996,1343096.370017001
109,242.66273760907526,172.10731519968732,377.1389381056049,157.00335523268947,194823.69799016262,426641.709305866,17081.288752900637,883791.2529012223,0.0,11178.849973095581,19256953.953600023,1522337.9489501514
109,274.0513206216311,146.45484283726503,307.42553775920135,160.78272370865133,220024.2700987195,363051.0673629184,13923.845696914621,905065.7842358894,0.0,11375.595844867756,20129830.668000005,1502064.9673944418
109,211.72767821123992,179.7369601860069,803.6166207201499,163.9578974437982,169987.24090238014,445555.0528472696,36397.216405449464,922939.2288473472,0.0,0.0,21002707.382400032,1574878.7390024464
109,233.3568654120249,169.46934896207475,397.72672893106034,170.26221186748396,187352.40490117625,420102.37991478015,18013.746169364622,958426.99237275,0.0,8304.867574225413,21875584.0968,1583895.523358071
109,199.8817458088886,249.6740597347556,214.02047646887013,173.9866310925741,160476.6403894761,618924.1142422082,9693.3654635642,979392.2075962935,0.0,20146.548079270055,22748460.80039995,1768486.327691542
109,65.52321873686796,236.618191507456,390.1680318813906,180.69353970246232,52605.83435393303,586559.5518730582,17671.399426942196,1017146.2234556498,0.0,3551.7990179819753,23621337.514800016,1673983.0091095832
109,70.4583800655011,257.96962064107805,390.71890297945697,183.718199854676,56568.067656399464,639488.215661244,17696.349352131474,1034172.4085429908,0.0,13701.910271867295,24494214.229199972,1747925.0412127657
109,77.47988802039892,238.87723685234275,1474.58761068775,185.14978597577192,62205.340847655905,592159.5635066351,66786.67786500021,1042230.9834041728,0.0,0.0,25367090.943600036,1763382.565623464
109,84.85028559136066,213.3679714991529,317.19069080744447,188.72739814885426,68122.72282636633,528923.9214841303,14366.126729393429,1062369.8036233778,0.0,0.0,26239967.65799998,1673782.574663268
109,88.68373116256048,273.7614996668098,509.06689382239904,195.92066010106734,71200.4349200472,678635.1528665134,23056.538928599635,1102861.5624381565,0.0,0.0,27112844.361600008,1875753.6891533167
109,96.0536542287482,267.41424623151136,1050.8754897743154,198.56253957549387,77117.43593884718,662900.7661445352,47596.00738748061,1117733.0278744015,0.0,0.0,27985721.07599994,1905347.2373452643
109,109.695365402719,215.04524059540293,2527.444033787782,201.15769047562887,88069.79164048054,533081.7514599204,114472.40522227967,1132341.45240201,0.0,0.0,28858597.790400036,1867965.4007246909
109,119.01913988609104,237.1614158651594,320.9761061427428,196.83402243992614,95555.45772162065,587906.1661540273,14537.57487716804,1108002.9917064449,0.0,0.0,29731474.504799947,1806002.190459261
109,129.14295075373522,241.6252234311183,339.14240895540536,195.4622105418882,103683.4393409695,598971.6254446073,15360.358823780389,1100280.893319981,0.0,0.0,30604351.21920005,1818296.3169293383
109,139.76732182274594,366.33878289993953,412.0492421778061,188.56985478253083,112213.29967667088,908127.6082897417,18662.438096174905,1061482.9725814366,0.0,7960.731448004022,31477227.922800027,2100486.318644024
109,150.49710034068409,265.16711115231766,361.1569734874086,184.185495566722,120827.78721635953,657330.2792066848,16357.43734192379,1036802.8737468233,0.0,0.0,32350104.63719995,1831318.3775117914
109,154.45753279013738,303.54435066367256,1602.6626464731212,187.3386238753189,124007.45172952324,752464.7076565617,72587.42249051385,1054552.2219329372,0.0,0.0,31577018.648399945,2003611.8038095362
109,157.60854755962654,292.19139438494244,1676.7877288192376,184.38591663089113,126537.26885703982,724321.5420577471,75944.67841785596,1037931.0686388833,0.0,0.0,30704141.934000038,1964734.5579715264
109,160.70259816127233,386.08762328156564,791.4957251223443,177.55287577231283,129021.35185190164,957083.5693274802,35848.23963129335,999467.038793292,0.0,27233.74192549556,29831265.219599936,2121420.1996039674
109,160.85949843022914,373.02267329556605,1661.9574071367515,180.64477971738742,129147.32047368097,924696.4939288823,75272.98694990679,1016871.7474851401,0.0,4250.6193331715185,28958388.51600008,2145988.54883761
109,159.2581475269134,288.95391349262013,397.8015388533828,172.21874178829697,127861.6632366541,716296.058770515,18017.134442904317,969440.5406341315,0.0,0.0,28085511.801599983,1831615.397084205
109,157.75870551932329,351.93920758983325,589.3270716270627,161.2051437898706,126657.82436250808,872432.0922888422,26691.664167396164,907443.6389784082,0.0,0.0,27212635.08720005,1933225.2197971544
109,155.86634977556784,349.2296367755822,4708.412566021857,159.71795223879556,125138.53158791947,865715.2602800685,213252.32290250732,899072.0542929679,0.0,0.0,26339758.372799974,2103178.1690634633
109,154.0437518718769,414.21302113795264,638.854716028141,161.97773196629257,123675.24444690724,1026804.4164770283,28934.858676866064,911792.633121907,0.0,17804.959950175136,25466881.658400025,2091207.1527227086
109,151.83954330111806,390.25263786889894,661.2886042315705,147.37304692711464,121905.5781638677,967408.3422214274,29950.92910485716,829581.0595547496,0.0,0.0,24594004.94399995,1948845.9090449018
109,149.67421945937275,374.78383062145303,1130.1365214425425,157.12016463624016,120167.13079303695,929062.2768184777,51185.87953268636,884448.787442199,0.0,1410.5962962292833,23721128.24039999,1984864.0745864
109,380.7784870105064,383.86089214629595,809.0648712832773,146.4227383121914,305711.0196869037,951563.6623054353,36643.97729822388,824231.6551411874,0.0,0.0,22848251.526000038,2118150.31443175
109,368.64944907325,352.1023275598982,633.5811329879039,148.40352678837903,295973.12565635814,872836.4550131673,28696.008784767502,835381.757803055,0.0,0.0,21975374.811599996,2032887.347257348
109,212.9439187886394,358.75401617771485,777.2517962787339,133.278444601148,170963.70926859623,889325.5147511745,35203.1069309267,750240.8044987422,0.0,0.0,21102498.097200025,1845733.1354494398
109,366.472734408695,449.56170311987256,1074.3497248420713,132.34184263363818,294225.53307335015,1114431.267694699,48659.196962812995,744968.5564941791,0.0,6140.156720576459,20229621.382799983,2202284.554225041
109,319.6907105219984,405.99490340050505,1585.8070739999828,138.7307902007377,256666.2152198064,1006432.2911277168,71824.00383648853,780932.7304233196,0.0,0.0,19356744.679200016,2115855.2406073315
109,188.81327058424958,408.91906638067786,1003.4116462282473,141.89394846483816,151590.2275202263,1013681.0817482803,45446.286064603395,798738.5384661541,0.0,0.0,18483867.96479998,2009456.1337992642
109,342.4126074184328,375.60924758841725,717.6270248961189,125.11634936480733,274908.66983946034,931108.4263692221,32502.59570308062,704295.3636224399,0.0,0.0,17610991.250399977,1942815.055534203
109,325.9846971514913,391.2900363009735,1589.9354571155468,130.87614134995832,261719.3921613517,969979.9786436096,72010.98560091139,736717.9431747216,0.0,0.0,16738114.535999978,2040428.299580594
109,278.0608794537165,441.0848948219062,635.466826146182,123.73534857631859,223243.37611669587,1093417.866971398,28781.415159133703,696521.5398381827,0.0,11355.19055243535,15865237.821599973,2041964.1980854103
109,300.4986904791135,423.21226195419365,3373.305897997806,136.16495680775776,241257.7501480915,1049112.890000315,152782.98333498696,766489.337759789,0.0,36402.97626461054,14992361.118000034,2209642.9612431824
109,183.3054668674053,382.3014898201243,2405.5865655332764,125.70541149685296,147168.2437476364,947698.0156119086,108953.26521406927,707611.2670242856,0.0,0.0,14119484.403600026,1911430.7915979
109,303.264646191029,374.29864346750674,1037.4538530517393,136.6397220962445,243478.41956599156,927859.5326094199,46988.117749920406,769161.8501307751,0.0,0.0,13246607.68920001,1987487.920056107
109,236.34114908570746,397.35040540444817,793.3198568681504,122.84775198633128,189748.36064982993,985003.1996515658,35930.85778053553,691525.1491484862,0.0,5578.287379133049,12373730.974800026,1902207.5672304174
109,217.03894058093928,339.9284140859975,1423.2285976580956,137.19999570135965,174251.42990006547,842658.1953185082,64460.53743508295,772315.6993634768,0.0,0.0,11500854.260400012,1853685.8620171335
109,275.76187549066634,335.1893682656752,1421.9458797309767,126.94179884110711,221397.60260326494,830910.4401059233,64402.44087413992,714571.0438929399,0.0,0.0,10627977.55139998,1831281.5274762684
109,211.42297417091567,315.400712511236,1055.4779660020542,126.71327827405322,169742.60685385083,781855.7796102685,47804.46166647726,713284.6734330798,0.0,0.0,9755100.83916,1712687.5215636767
109,321.9663187670891,315.09544677003424,709.7781318008747,132.12528062205502,258493.20529604828,781099.0476987415,32147.105469099602,743749.5022181463,0.0,0.0,8882224.126919996,1815488.8606820358
109,394.5215432033988,241.56711162684294,1808.5531700652639,162.3837458687028,316744.74103846634,598827.5704433535,81912.56802607907,914078.1354602146,0.0,0.0,28032295.98959998,1911563.0149681135
109,411.43819211734376,264.40845508367664,339.68528756260963,163.1697084630459,330326.40640451625,655449.6251419536,15384.94675493915,918502.4158519204,0.0,0.0,28905172.704000074,1919663.3941533293
109,484.57752187593627,332.73924628100224,1066.7777162548289,157.02412316896542,389046.8957243319,824836.7631658355,48316.247317338006,883908.1581762356,0.0,0.0,29778049.407599933,2146108.064383741
109,245.20812062304805,246.20934959341133,1913.6515687073409,150.432790615986,196867.278873118,610335.3459191569,86672.66016530573,846804.734197476,0.0,0.0,30650926.12200003,1740680.0191550567
109,192.60742851804852,255.24875523088468,797.9463829751703,153.26431761490323,154636.3972235132,632743.3851579662,36140.40132105086,862743.7489420199,0.0,0.0,31523802.836399954,1686263.9326445502
109,515.4306909489289,228.27620609785376,5332.711087848484,145.70620795316742,413817.60651718394,565880.3674349771,241527.90582930553,820198.2173665295,0.0,0.0,32396679.550800048,2041424.097147996
109,498.2801106374673,268.34715604375555,1045.7990470816587,143.93086098740991,400048.127478589,665213.382760873,47366.08632998815,810204.570307995,0.0,0.0,31530443.734800033,1922832.166877445
109,555.6198739220267,245.914905179978,1745.3750546120523,142.32863100551944,446083.8099036959,609605.439304223,79051.11956800918,801185.4201055537,0.0,0.0,30657567.031200055,1935925.7888814819
109,576.3376612339345,275.7294266641827,487.4291195564026,146.53135940081563,462717.2492938916,683513.5029643822,22076.525907233823,824843.0966474179,0.0,356.4265256515646,29784690.316799954,1993150.3748129255
109,179.67299179485335,214.47038056876275,660.2607285309444,136.0413179220637,144251.8824081722,531656.7146211736,29904.374798551176,765793.3592214138,0.0,0.0,28911813.602400042,1471606.331049311
109,525.1926369420636,168.7829756716781,1505.9738772511575,140.5900813533477,421655.0620602208,418400.9096809498,68208.2173240071,791398.9096641263,0.0,0.0,28038936.887999948,1699663.098729304
109,190.16647920481662,183.13003609970016,1558.4083420343281,130.40141669733308,152676.6617631126,453966.2450498965,70583.06686371265,734045.6595480121,0.0,0.0,27166060.173600014,1411271.6332247336
109,395.43234541412454,234.68372103316185,1084.8807190171135,127.16893998237349,317475.985796436,581764.1380999887,49136.164292844136,715849.6493948905,0.0,0.0,26293183.469999988,1664225.9375841594
109,385.27818535194126,163.89036272401242,1650.4812276901712,131.90597031536674,309323.63808623457,406272.4725570414,74753.2105091823,742514.9774499659,0.0,0.0,25420306.755600043,1532864.298602424
109,243.29682277774157,143.54126796458334,771.488425530528,136.09556121258962,195332.77828249533,355828.5239025821,34942.073688285076,766098.7013946706,0.0,0.0,24547430.041199964,1352202.0772680333
109,242.81597167291633,215.28156073334918,645.4263265748407,133.39215126075294,194946.72317017056,533667.5721583597,29232.498527801723,750880.873311326,0.0,2867.2219212229247,23674553.326800022,1508727.667167658
109,310.6274523911005,129.55289019426158,1242.6122114428929,131.9486798938706,249389.70675254636,321152.3371558314,56280.10223010444,742755.3949355724,0.0,0.0,22801676.612399958,1369577.5410740548
109,409.8496308607026,180.66157237918958,260.8034283028447,128.40828224477505,329051.0174364691,447847.10026016895,11812.24799795103,722826.0598622846,0.0,0.0,21928799.908800002,1511536.4255568734
109,298.1520997716983,160.05970885030138,1082.9808671621108,132.2504106780705,239373.77124060685,396776.5559276814,49050.11664609081,744453.8747381961,0.0,0.0,21055923.19440004,1429654.318552575
109,422.208829398513,151.4311501976595,783.2868078451461,126.62084046820875,338973.6977253969,375386.9769423964,35476.44326610012,712764.3296218177,0.0,0.0,20183046.47999999,1462601.447555711
109,393.04359691853523,152.9676332901208,1315.9338762834327,123.55289628250091,315558.1601753105,379195.80849686393,59600.969959317714,695494.4933708711,0.0,0.0,19310169.76560003,1449849.4320023633
109,227.67226941353363,146.86444186414857,877.9255267381885,118.47296671374836,182788.48204710256,364066.43401805946,39762.798031632155,666898.9432212332,0.0,0.0,18437293.051200002,1253516.6573180275
109,271.60174687558947,134.09410382981918,752.6116326586458,115.72102314140325,218057.61044423125,332409.68054968683,34087.11039175315,651407.9134014453,0.0,0.0,17564416.336800005,1235962.3147871164
109,251.1055580760349,163.81377650321895,1144.175455538973,114.51414614234771,201602.08317219227,406082.6208002425,51821.727658813616,644614.2539060023,0.0,0.0,16691539.633199979,1304120.6855372507
109,235.04464474937762,157.19667701702997,962.7747034597728,110.9000141064236,188707.45188998987,389679.3050425183,43605.76713820964,624269.8588741516,0.0,0.0,15818662.918799972,1246262.3829448693
109,222.16880234147195,157.54365713598474,2523.438049917734,104.11768625896772,178369.9799840728,390539.4439092147,114290.96713591431,586091.2988235964,0.0,0.0,14945786.204399986,1269291.6898527984
109,212.68213052814912,211.3641927933778,236.33274682198706,107.71485059455517,170753.5304933065,523956.6975685711,10703.927604266983,606340.1805772935,0.0,14185.8534321037,14072909.489999976,1311754.336243438
109,199.2349776292944,194.95537474003288,579.4687396745952,102.45259549413507,159957.37744151618,483280.4126945348,26245.16289773705,576718.297520123,0.0,0.0,13200032.775599975,1246201.250553911
109,217.31784810493622,205.8152076610269,1067.8684884527463,98.89077298959735,174475.3530114494,510201.16080343,48365.650317118016,556668.3592928045,0.0,0.0,12327156.072000016,1289710.5234248019
109,192.79091101366694,231.5973361831729,953.0749457278121,102.47930369411075,154783.70759619362,574113.2110813014,43166.44797513131,576868.6412722311,0.0,3666.28007491515,11454279.357600003,1348932.0079248575
109,193.82075521649827,221.30217122380992,805.7759709597699,101.57661191132688,155610.52615897005,548592.2344118771,36495.01719246676,571787.277880297,0.0,0.0,10581402.643200027,1312485.0556436111
109,137.23857597746272,223.7335954797197,961.3623971080514,104.19609574582353,110183.07607617315,554619.5610213563,43541.801288588045,586532.6754968843,0.0,0.0,9708525.930960013,1294877.1138830017
109,184.23082837453708,228.2438186716805,564.971679638683,96.4237410501115,147911.17755186802,565800.0813248454,25588.565438494552,542781.1321981088,0.0,0.0,8835649.218720024,1282080.9565133168
109,146.49889068228,216.66917777637767,349.62990192283746,100.95079940966562,117617.79297222829,537107.375436987,15835.355907270507,568264.5021147426,0.0,0.0,7962772.506480023,1238825.0264312285
109,194.17065041818665,242.0313352327341,340.02544141806294,101.52715045622979,155891.4422887953,599978.3475180394,15400.352923961622,571508.8532485063,0.0,0.0,7089895.79424002,1342778.9959793026
109,186.18138961247993,241.8247185217226,588.3435298132483,102.86439302641939,149477.20106778372,599466.1594878279,26647.117821143234,579036.3566244001,0.0,0.0,6217019.081999984,1354626.835001155
109,164.59341838875494,242.59851842221008,503.8615404487511,97.04759524883441,132145.1276421272,601384.3540272155,22820.77927863406,546292.8844348675,0.0,0.0,5344142.36975999,1302643.1453828444
109,147.9884181576748,265.7232464455056,629.8466387280307,106.54751520722414,118813.67188579211,658708.8987721328,28526.866942455054,599769.1056916886,0.0,16157.3632365152,4471265.657519998,1405818.5432920686
109,144.14125752821752,257.2281177892675,717.9192315540209,104.26012488397161,115724.94854912354,637650.083192647,32515.830258823433,586893.1034134865,0.0,0.0,3598388.944199995,1372783.9654140803
109,136.9767172829047,270.9715748864851,566.3358367949766,99.88672070429301,109972.8407523351,671719.1291302097,25650.35052599581,562274.6718285491,0.0,27503.742745320546,2725512.2319599963,1369616.9922370897
109,122.6057772133328,179.83893072384632,321.43221669552867,77.85320100422275,98435.0178647543,445807.8305081852,14558.232929859483,438245.271611665,0.0,409680.4156362148,1852635.519719997,997046.352914464
109,99.40065557898856,104.0700100798865,156.6099636145161,43.67093800726174,79804.60244268172,257982.1022508295,7093.141916127846,245829.09683431682,0.0,824821.3061115909,979758.8076959986,590708.943443956
109,98.34606629990631,106.02866967179597,137.42205691118906,43.13531074329254,78957.91709974055,262837.4791142187,6224.087724562322,242813.98489604134,0.0,866405.2765903459,973117.9045440012,590833.4688345629
109,119.37146095018025,185.5507401480529,281.717214996835,74.38040098795777,95838.32147425937,459966.99703254504,12759.470343198735,418696.45195171953,0.0,545488.2162005479,1845994.617000002,987261.2408017227
109,133.13357809233048,261.5096404460884,456.1600525739858,102.10711709967676,106887.34605967741,648263.6712473931,20660.294624292437,574773.5570231056,0.0,253199.72833539615,2718871.3292400013,1350584.8689544685
109,141.0536024153524,314.75739347675807,692.8094606724062,124.19492909686116,113246.00022300807,780261.0377936282,31378.564377176557,699108.5752773767,0.0,0.0,3591748.0414800006,1623994.1776711894
109,144.35973525271487,341.0619502126358,1055.5590887464427,130.03354186335977,115900.35511806955,845468.1502008315,47808.135858880436,731974.8467303736,0.0,13470.765725437086,4464624.753719999,1741151.4879081552
109,148.34748551908152,336.46765746560635,646.2435507927506,133.0866804973522,119101.95195658534,834079.2274907773,29269.512056322805,749161.3407044559,0.0,0.0,5337501.46596,1731612.0322081414
109,144.03141981722405,339.219667882807,613.557680575677,139.59176519784344,115636.7644741998,840901.2642360473,27789.11125198758,785779.2648829239,0.0,0.0,6210378.1782,1770106.4048451586
109,148.2274458634593,362.4529869266181,420.15492003780156,142.16695856075805,119005.57716973423,898494.9983443236,19029.558565782332,800275.3459717651,0.0,0.0,7083254.890439999,1836805.4800516055
109,233.3905763526005,380.17076774295896,417.25424409023293,145.9030400954995,187379.4699964207,942416.108169434,18898.18182784089,821306.2097748771,0.0,0.0,7956131.602679999,1969999.9697685726
109,214.5329414423177,394.55056607239595,940.3527906765893,151.13022899968766,172239.4686729036,978062.5984515378,42590.23909815701,850730.7008880576,0.0,10259.307344078203,8829008.31599998,2043623.0071106558
109,253.12395407549292,405.11878249336706,661.5154984538364,154.30307566545008,203222.56836286234,1004260.450140329,29961.205545010373,868591.0461389073,0.0,17912.440053252387,9701885.02823999,2106035.270187109
109,214.82486302089825,400.63838467067905,1156.2272438630373,158.51429570720586,172473.84022093174,993153.864791391,52367.57444245847,892296.5232061335,0.0,0.0,10574761.740479974,2110291.8026609146
109,215.37569382538993,395.742617343347,882.3082329634153,163.2870866703892,172916.0790885689,981017.6081861833,39961.29853897375,919163.1522596071,0.0,11683.269490085542,11447638.448400015,2113058.138073333
109,128.4507487180288,433.7892552842794,1044.6948014460556,168.22291366325425,103127.6994623158,1075332.4990182628,47316.07309441346,946947.5312345836,0.0,9740.763548361487,12320515.162800021,2172723.8028095756
109,99.57336616901237,394.0919847696381,1403.5289029736136,171.1799446871758,79943.26450576578,976925.8082422586,63568.30346173652,963593.0236167443,0.0,16041.745890900027,13193391.877200004,2084030.3998265052
109,148.1508818282874,423.96294138036603,469.3966967036793,173.9431041570489,118944.107128589,1050973.7705395955,21259.80562051678,979147.1891071935,0.0,23838.448502810556,14066268.59160002,2170324.872395895
109,185.3959386320247,411.29010799276784,378.1166915810444,179.5997943041268,148846.5955363782,1019558.724107896,17125.572935083008,1010989.3956953943,0.0,19355.789857735508,14939145.306000032,2196520.2882747515
109,88.26826145325406,417.5774110224556,536.8214027944324,185.10127122277777,70866.87177818414,1035144.4980675771,24313.589670502937,1041957.8878752948,0.0,12676.59362533968,15812022.009599967,2172282.847391559
109,177.32504140992557,387.11305154683157,1597.7627660739768,189.45520891000498,142366.81187284357,959625.5325633602,72365.49825120598,1066466.74017304,0.0,14270.245822567842,16684898.723999973,2240824.58286045
109,189.55500566425002,356.1479897754233,1439.4934403738714,192.60189990589205,152185.73539522404,882865.3619245507,65197.20089482595,1084179.8519318707,0.0,19009.220445841085,17557775.43839997,2184428.1501464713
109,291.31200491670864,390.87494962118546,1039.1616307349652,199.25990712555026,233882.146991319,968951.008489904,47065.46601811957,1121658.5958336566,0.0,10157.463294045301,18430652.152799975,2371557.217332999
109,217.7848049278707,347.07963178294716,1789.190657640838,202.0120747960716,174850.25298967512,860385.5518710467,81035.60563295001,1137150.887129721,0.0,16057.57951815892,19303528.86720001,2253422.297623393
109,279.52109058982734,336.0146623049028,648.9866985079976,200.90567857891065,224415.71817541702,832956.2849276119,29393.754062336182,1130922.846349824,0.0,0.0,20176405.570799977,2217688.603515189
109,296.7725085815526,370.38325517550237,1611.3543952502853,199.1684980197186,238266.15554308743,918153.5654251735,72981.08714730099,1121144.0427016565,0.0,0.0,21049282.285200022,2350544.8508172184
109,293.3330551434678,323.79517715577236,378.4348430255619,194.33837218135983,235504.76314936875,802665.0563135702,17139.98257604518,1093954.6685635878,0.0,11574.026540411636,21922158.99959999,2149264.470602572
109,315.76321597383094,328.1162913351159,693.5394615350355,188.9569910593972,253512.99516117974,813376.7889173932,31411.627405849948,1063662.210437011,0.0,0.0,22795035.71400003,2161963.621921434
109,252.8470467740441,327.3100002041233,1726.3005841409492,186.10801119194875,203000.25114596993,811378.0509443692,78187.20310379525,1047624.951342701,0.0,0.0,23667912.428399984,2140190.456536835
109,352.6900231096272,375.2192318385965,1854.3281734998786,178.66662359086487,283159.9743061818,930141.6052555077,83985.79879683744,1005736.4626442363,0.0,7093.787537484546,24540789.14280006,2303023.8410027632
109,366.70224214523813,341.48123415764854,2028.6208602167094,180.14653147241208,294409.79517469805,846507.5250744515,91879.82248021374,1014067.0466554669,0.0,0.0,25413665.846400026,2246864.18938483
109,382.31221125152524,336.30906830206646,782.6829092024625,172.58171102112885,306942.38232327934,833686.0963113644,35449.091629737726,971483.7392178411,0.0,0.0,26286542.560799967,2147561.3094822224
109,389.09263040120817,288.9752965562305,1168.3872834725069,171.45542982599633,312386.09546061576,716349.0658539056,52918.324118053875,965143.7634441386,0.0,0.0,27159419.275200043,2046797.2488767137
109,155.0468224457443,259.6947800878226,570.5892929759596,159.71002080843886,124480.56758993046,643764.7623863515,25842.99707050307,899027.4072931515,0.0,9758.332305269549,11745893.851199988,1693115.7343399366
109,223.3550371155051,265.8170328841311,1173.4341009603577,163.04987444300417,179322.357953755,658941.3886371828,53146.903397685375,917827.8553716305,0.0,9240.95229587541,10873017.136799984,1809238.5053602536
109,184.236360310874,267.81021003452236,831.0429821693884,166.7706114979745,147915.6189107055,663882.3320561518,37639.404766346546,938772.3432053757,0.0,15249.867855534423,10000140.42348001,1788209.6989385798
109,157.5531948157437,228.65803433335742,525.344413933651,172.60220337833104,126492.82846885572,566826.8922870295,23793.776569979393,971599.0932242556,0.0,0.0,9127263.711240003,1688712.5905501202
109,266.21050228182906,248.7161773216377,486.43368455690353,169.87352568956962,213729.20708541825,616549.5923366606,22031.44089759097,956239.0299329971,0.0,0.0,8254386.999000011,1808549.270252667
109,280.7086190087546,275.036087689561,495.79579522664926,175.46408499792923,225369.13475813332,681794.7652981895,22455.467428741034,987708.9778728421,0.0,0.0,7381510.286760008,1917328.345357906
109,175.07550634530838,284.6167713019113,481.06451238782864,178.1226544426056,140560.75485574483,705544.593874327,21788.261604981504,1002674.3932103241,0.0,18730.856088742148,6508633.574520008,1870568.0035453774
109,168.31863017858814,256.9090096836934,515.1619935634128,189.5650903774731,135135.94338846992,636859.0370511303,23332.59676335133,1067085.2765072498,0.0,0.0,5635756.862280007,1862412.8537102016
109,165.5433333265384,300.9561404627571,1023.5995110062008,191.28807794421854,132907.77436233853,746048.7199172826,46360.63012387467,1076784.186050236,0.0,6124.851046560565,4762880.150040007,2002101.3104537318
109,165.35457275031138,278.31412677444257,484.0744540169509,198.77263918584393,132756.22644089974,689920.7894402933,21924.587178667072,1118915.7044967588,0.0,5391.731588043505,3890003.4378000055,1963517.307556619
109,162.78309262261683,234.99539405833664,391.85015926952354,161.87492510853497,130691.69328380356,582536.7532096418,17747.585947963304,911213.9206384078,0.0,376919.76071426086,3017126.7255600025,1642189.9530798164
109,148.62607813060532,161.50605397382492,340.11813294925724,112.15712799432146,119325.62223799972,400361.94191217795,15404.551087156413,631346.3080135866,0.0,888953.8523502335,2144250.0133199976,1166438.4232509206
109,118.5724443956895,96.98085836558081,245.6829720965721,68.4608420683102,95196.82471445597,240408.60282455132,11127.415824873719,385374.52461797383,0.0,1332139.1454795827,1271373.301080001,732107.3679818548
109,82.90652967916142,52.84511011790949,148.41736120401427,37.7526403944255,66562.16302004387,130999.24359985937,6722.0844800688155,212514.26955219381,0.0,1639238.2724885703,681503.4116999988,416797.76065216586
109,133.14512247781303,120.36002604744301,256.08209692957087,82.47019755038608,106896.61456086097,298363.8852619376,11598.410559445974,464234.9146745587,0.0,1187389.058164648,1554380.124479997,881093.8250568032
109,163.3111897209717,192.2079845787299,308.68256073848295,123.94042964420163,131115.68021567902,476469.82923276606,13980.778488277914,697675.966465958,0.0,760352.0072773731,2427256.8367199935,1319242.254402681
109,183.24563368281179,270.636445887296,326.0105981157237,157.95046720782864,147120.20620219418,670888.3683407215,14765.595912457075,889122.663035136,0.0,367164.27682065836,3300133.5489599914,1721896.8334905086
109,195.2190778284595,337.27121403086556,330.24686517004386,173.58584314986905,156733.18052663165,836071.1866711781,14957.463931051803,977136.1228297863,0.0,113017.97747992689,4173010.2611999963,1984897.9539586478
109,196.47491079907908,374.591511828726,379.49210844905207,173.1457942142379,157741.43595886134,928585.5323037806,17187.86799481898,974659.0330912714,0.0,28690.684771255357,5045886.973440003,2078173.8693487323
109,327.67306012073976,386.6077096227544,919.3758604322243,170.4475192831399,263074.9077236485,958372.826122486,41640.15686996471,959470.1106730674,0.0,29588.62503603415,5918763.685680007,2222558.0013891663
109,313.07704110793435,372.8917321217485,320.0829490927663,178.09514192711632,251356.37842645356,924371.9001360431,14497.122216541238,1002519.5218669779,0.0,0.0,6791640.39792001,2192744.922646016
109,287.84280920110325,384.5785932053731,306.20180407676463,168.96029414996758,231096.87577487575,953342.7918343577,13868.420636613637,951098.3369498592,0.0,0.0,7664517.110160012,2149406.425195706
109,288.8378537430987,400.16651739768525,384.7588586747682,170.40144780762085,231895.75515473663,991984.1396133414,17426.40841667717,959210.7686544739,0.0,0.0,8537393.822400013,2200517.071839229
109,304.62674795513794,385.18102087862655,283.0757696640503,162.19324807253003,244571.993739502,954836.1668948644,12821.001684072393,913005.7998677369,0.0,0.0,9410270.534640005,2125234.9621861754
109,295.8422500503714,413.922262975986,291.6815036591439,160.05235315460843,237519.29012436958,1026083.6478154977,13210.770579427572,900954.4382962879,0.0,24935.08865277935,10283147.246880015,2177768.1468155826
109,278.2473898003139,364.80145683839294,415.63241889231637,167.8211993872462,223393.11742348055,904316.6870752791,18824.726499543325,944686.2320236508,0.0,0.0,11156023.954800025,2091220.7630219536
109,213.9240019739772,375.8027030426515,427.8110640524323,163.79152948360044,171750.57680494248,931587.9885863962,19376.3188533957,922002.7230779775,0.0,0.0,12028900.66919998,2044717.607322712
109,219.06735285028367,348.06084655443004,389.58772049399806,150.99817709009088,175879.95673222758,862817.9130220872,17645.116099040708,849987.364400391,0.0,0.0,12901777.383599982,1906330.3502537464
109,288.2127544200209,353.91868223758223,442.0252212816778,149.41791819219154,231393.88921959928,877339.0681850346,20020.103144753823,841091.8921398595,0.0,0.0,13774654.097999992,1969844.952689247
109,218.51900951476264,341.64410378164973,387.1681955805434,151.9877523533062,175439.7149487257,846911.2672088125,17535.531541426073,855557.8056207136,0.0,0.0,14647530.812399974,1895444.319319678
109,304.4162844878484,338.45373131259765,373.67793126659865,136.76504887750627,244403.02148033615,839002.5623293048,16924.533639016652,769867.3300415024,0.0,0.0,15520407.515999997,1870197.44749016
109,234.27243347459395,370.8294516043385,530.6571849596793,133.38330957970007,188087.4759609891,919259.6544189152,24034.40135518315,750831.1023980618,0.0,0.0,16393284.23040001,1882212.6341331494
109,305.83972755359787,355.4803248890058,1263.5644102799822,132.1835072342236,245545.84400298703,881210.2684844248,57229.064329171226,744077.2670002709,0.0,0.0,17266160.944800016,1928062.4438168542
109,341.82319852861747,350.917013973839,556.7558982055748,134.43263106235216,274435.45825092593,869898.1475168647,25216.45818355408,756737.8624572644,0.0,0.0,18139037.65920003,1926287.9264086091
109,154.7346772554294,293.8344487565629,921.9330098915626,132.73002101266772,124229.95935528274,728394.5561813902,41755.974686387184,747153.6604713727,0.0,0.0,19011914.373600002,1641534.1506944327
109,328.2400966520661,292.6727394513351,435.125792839227,128.80367163387868,263530.15748723794,725514.7620069017,19707.615842203068,725051.7555046601,0.0,0.0,19884791.088000033,1733804.2908410027
109,254.69696920215816,283.08569530905817,1329.6200495630164,122.50086696410592,204485.47599751156,701749.1661325711,60220.84092486977,689572.4905702613,0.0,0.0,20757667.791599985,1656027.9736252136
109,334.1761538226007,355.4135707743267,846.8063564413537,119.43069301982761,268295.9679319699,881044.7898145795,38353.355834385264,672290.1027332817,0.0,11042.232311175321,21630544.50599996,1859984.2163142164
109,360.43329801124474,310.72775397504694,981.731910529186,111.89984459869449,289376.72379871336,770271.8500423593,44464.37253580585,629898.0280438061,0.0,0.0,22503421.220400017,1734010.9744206846
109,360.3959233669346,327.7761394882196,982.4963472000185,110.68109859131032,289346.7172699512,812533.5768481387,44498.99522306637,623037.5564364442,0.0,0.0,23376297.934799965,1769416.8457776003
109,397.4694224120015,332.0657763338477,871.8537988707805,108.29319498699826,319111.4691744256,823167.2793958589,39487.79875032435,609595.752500888,0.0,0.0,24249174.64920004,1791362.2998214967
109,107.75879641783753,308.2889450565664,1413.172651346102,101.8079943915804,86515.00191559303,764226.217383203,64005.085861979314,573089.7584025736,0.0,0.0,25122051.352799937,1487836.063563349
109,111.49724716490702,292.1349050845672,1436.4196036295184,99.11693713388411,89516.44666345335,724181.5091274697,65057.98139849576,557941.4651582447,0.0,0.0,25994928.067200016,1436697.4023476634
109,111.27312417501457,280.5768470896292,579.7451189108706,94.2798213936389,89336.50774853925,695529.911062069,26257.680601593984,530712.7440002561,0.0,0.0,26867804.781599954,1341836.8434124584
109,110.90644200974565,303.21070369960773,877.4780560135354,93.51135869138088,89042.11407224348,751637.6207260139,39742.53129201979,526386.9726597015,0.0,0.0,27740681.496000044,1406809.2387499786
109,110.53213474322428,231.99501194363813,4258.116368593188,92.87390702905556,88741.598523104,575099.0208128492,192857.61263671538,522798.6786230836,0.0,0.0,28613558.21039996,1379496.910595752
109,110.1568631325874,271.3417064927399,1060.6503281501066,94.98070638217118,88440.30874266486,672636.6588759817,48038.727085553975,534658.1120545665,0.0,0.0,29486434.91399993,1343773.806758767
109,109.78598199657189,282.3395403095576,598.3451589211971,76.74244066984586,88142.54388949758,699899.5013230033,27100.109272119986,431992.66467764747,0.0,0.0,30359311.62840003,1247134.8191622684
109,109.4984372289173,271.0147927431733,771.0470583349602,85.82361248340678,87911.68629873538,671826.2631019911,34922.083388287356,483111.7009748235,0.0,0.0,31232188.342799954,1277771.7337638373
109,107.4566342203368,175.62082367693552,800.5270717305652,71.96090401359268,86272.40860567677,435351.44520904124,36257.285273775786,405076.80503910617,0.0,0.0,32105065.05720005,962957.9441275999
109,103.41609788264957,171.53832214134778,700.3445588951269,81.88212201748782,83028.43205234205,425231.21626138675,31719.842287037245,460924.56496101007,0.0,0.0,31822058.22840003,1000904.055561776
109,259.06947962189633,185.77487478465204,1160.4645963918165,72.1302138840771,207995.9805680413,460522.61074578174,52559.491624109025,406029.8711843627,0.0,0.0,30949181.524800003,1127107.9541222947
109,276.5859966956051,192.23319824324213,3274.42894708614,72.18005973879218,222059.25483022095,476532.33210147254,148304.67155415562,406310.45964901865,0.0,0.0,30076304.810400076,1253206.7181348677
109,240.42995866484546,173.57752536766873,1391.64317814831,79.92768251437775,193031.09375683282,430286.2550265327,63029.97798731498,449922.7839187305,0.0,0.0,29203428.09599998,1136270.110689411
109,116.10569069495178,135.00877632438417,842.5102639171092,82.75117860472889,93216.37199747207,334677.0881615219,38158.77821457118,465816.59168834676,0.0,0.0,28330551.381600045,931868.8300619118
109,239.4496292528169,139.57327098286947,633.5392594220692,83.08724325725764,192244.02853544062,345992.1435439976,28694.11225699785,467708.3410708616,0.0,0.0,27457674.66719996,1034638.6254072976
109,290.14973150291723,157.19093515730478,1134.859486228356,85.43520051374655,232949.00658920547,389665.0713834498,51399.79095133089,480925.2820871565,0.0,0.0,26584797.952800028,1154939.1510111426
109,253.41007339754054,136.53068141732714,1003.1480539985222,89.32962534431736,203452.28152334582,338449.7818991538,45434.34750686239,502847.47983406927,0.0,0.0,25711921.249200057,1090183.8907634313
109,213.98549693284653,161.34909325603684,706.8474877797314,92.21609926037341,171799.94851900422,399972.8475331663,32014.371424164965,519095.79755286616,0.0,0.0,24839044.534799978,1122882.9650292015
109,203.84310014752538,115.12203262782317,782.4367136728864,96.62136130043854,163657.0450486615,285379.27468169224,35437.94099927913,543893.5609635727,0.0,0.0,23966167.820400033,1028367.8216932056
109,200.92828343018414,141.01889691918092,1693.0664893447868,103.0784668134225,161316.86139528657,349575.7467148983,76681.97223979053,580241.4043773502,0.0,0.0,23093291.10599998,1167815.9847273256
109,108.29364794210771,198.6343564736474,988.6947042672674,105.44222284055728,86944.41169173204,492400.3449502511,44779.72976453558,593547.2786223823,0.0,0.0,22220414.391600024,1217671.765028901
109,222.59666880867044,142.86120294489342,1637.2697439799447,109.86778506622254,178713.4959610494,354142.69142008136,74154.83907280352,618459.3142818512,0.0,0.0,21347537.687999997,1225470.3407357854
109,216.27817240806607,169.2700553516043,733.6764411248015,112.80003239080192,173640.64115593143,419608.3453263828,33229.50211665506,634965.2961633562,0.0,0.0,20474660.97360002,1261443.7847623255
109,238.65082971298614,136.53627473564094,745.4418957223924,119.80137616013573,191602.70600757326,338463.6473347009,33762.380339996496,674376.7238536822,0.0,4990.644189326558,19601784.259199973,1238205.4575359528
109,168.63309564541046,196.1284467030186,637.958453866866,124.96589396984179,135388.41447546156,486188.3740838943,28894.26538026313,703448.4316455704,0.0,8324.078791260254,18728907.544800002,1353919.4855851894
109,181.39162157644586,186.6454602603877,3390.304082291387,127.10717459151718,145631.69792012477,462680.7297951305,153552.86113029532,715501.964391026,0.0,0.0,17856030.830399968,1477367.2532365764
109,236.24567796772817,196.43352408930787,1404.9409342069275,132.3547504857593,189671.71090772597,486944.63907708187,63632.256850759404,745041.2163859468,0.0,0.0,16983154.126800045,1485289.823221514
109,150.4408828072503,206.78475034762525,930.1519382709993,137.15913515133408,120782.65252504528,512604.58769191167,42128.2244720862,772085.6902872516,0.0,0.0,16110277.412400033,1447601.1549762948
109,248.67089725487185,207.0627535694888,925.7738690210833,136.9850046912001,199647.39647738176,513293.7377703426,41929.93398154802,771105.48844824,0.0,0.0,15237400.698000021,1525976.5566775124
109,195.87772081306977,212.24516628430518,1028.7516641267841,142.01916929696645,157261.97725571072,526140.567763666,46593.98024039644,799443.4219761401,0.0,0.0,14364523.983600035,1529439.9472359135
109,161.20770291236306,227.4363132412037,1350.1329101298527,148.26556176012488,129426.87919594086,563798.3331903593,61149.9046175506,834605.1356410854,0.0,0.0,13491647.269200021,1588980.252644936
109,133.1370243428971,225.45745769612935,799.8037395168004,150.27528718228427,106890.11290919951,558892.8920053617,36224.52427999017,845918.1279411882,0.0,0.0,12618770.565599998,1547925.6571357395
109,124.66256886010862,145.642193590001,420.34711814123216,192.44775476672967,100086.32930452583,361036.5680749795,19038.263557420025,1083312.149929789,0.0,36557.59044350637,4044858.1405200073,1563473.3108667142
109,176.39398521488062,147.06307633751896,436.75948866059156,201.54406481061883,141619.30604338436,364558.8346527884,19781.608812006998,1134516.4011927769,0.0,2423.951738644857,4917734.852760001,1660476.1507009566
109,128.2596124824291,143.60106777492723,345.6990516572245,196.2186061881002,102974.24422396172,355976.76334999717,15657.320754579512,1104538.7377135863,0.0,7613.997785532614,5790611.564999997,1579147.0660421248
109,181.5547369851195,141.77541949765072,333.1925551467067,192.4993739087067,145762.65641597827,351451.11201028014,15090.879433891803,1083602.7204471766,0.0,5016.027866316726,6663488.277239992,1595907.368307327
109,209.21825909133318,139.78894288089526,318.7387324323682,189.01324161257688,167972.5339161965,346526.7787343508,14436.240269325568,1063978.851739341,0.0,871.0174809163436,7536364.989479989,1592914.404659214
109,202.31676171466944,152.35733490276914,289.51513181966726,184.75541003103262,162431.61216678016,377682.92249975086,13112.651771748553,1040010.992565132,0.0,1601.1109293880872,8409241.701719986,1593238.1790034114
109,212.41848881379985,149.69805837509185,638.5365960128578,179.20925586961752,170541.863657928,371090.7664256825,28920.450459389438,1008791.0066747934,0.0,0.0,9282118.413959984,1579344.0872177933
109,211.16413399717592,141.59456566859575,447.20518168376515,176.18324528389869,169534.79497332373,351002.78831948875,20254.712702178706,991757.2198306764,0.0,2883.26238538255,10154995.126199998,1532549.5158256677
109,246.03026321844555,157.09821392029795,451.07226147297445,172.34914334855483,197527.3425577559,389435.2220769305,20429.85957733773,970174.5871017994,0.0,2973.926620737184,11027871.835199991,1577567.0113138235
109,287.5375566899099,146.0270337660528,287.12027696981664,168.44242482579173,230851.80138217157,361990.55931195745,13004.184564896184,948183.1866451146,0.0,1209.0010854704306,11900748.549600003,1554029.7319041397
109,171.37889140529583,176.90690192854072,280.98640763433366,164.4393983766617,137592.89831643907,438539.54109519994,12726.370786721393,925649.6569913691,0.0,0.0,12773625.264000017,1514508.4671897294
109,262.5859307909054,168.20212860097718,789.6252882007618,162.22634912112682,210819.19119896987,416961.03138872486,35763.52423883846,913192.1297532882,0.0,0.0,13646501.978400022,1576735.8765798216
109,264.50734104981143,165.38012126834693,809.7963097103546,157.2368287363758,212361.81062082504,409965.47730277485,36677.10543673069,885105.504052329,0.0,0.0,14519378.692800008,1544109.8974126596
109,279.8977899885824,167.87203597750667,855.2542698011923,156.81089206205306,224718.15426683857,416142.7554139744,38735.976754366966,882707.8539734606,0.0,0.0,15392255.396400033,1562304.7404086406
109,283.34023192556174,173.899670811848,617.7405985653246,152.0065884732218,227481.9460005293,431084.83051293937,27978.562997197903,855663.8364631459,0.0,0.0,16265132.11080005,1542209.1759738126
109,225.54946422610357,212.73532781390043,646.2390653808277,150.44244954446134,181084.17111414802,527355.6430937289,29269.308904092977,846859.1054972884,0.0,0.0,17138008.825199965,1584568.2286092583
109,258.3821513957518,261.5826639211374,1034.9544681064035,149.69988503521378,207444.1536659389,648444.6912126294,46874.91619038274,842679.1182797207,0.0,5066.054088467499,18010885.539599985,1745442.8793486718
109,323.86623383672566,247.39302066302693,1088.4923221775036,152.5371342334146,260018.56713520354,613269.581734821,49299.740180164044,858650.3439898627,0.0,0.0,18883762.25399996,1781238.233040051
109,267.69717168696815,219.3529230352459,1178.521800237999,144.9131348372948,214922.7913746742,543760.1877434051,53377.33428579745,815733.9109720543,0.0,0.0,19756638.957599986,1627794.224375931
109,465.7711762923549,220.56488335426312,1203.666721457227,142.39913393894304,373948.0724423792,546764.5505824655,54516.1921883307,801582.2898143017,0.0,0.0,20629515.67200004,1776811.105027477
109,365.6995170682666,281.21313816248295,1255.376158679948,141.76347850095485,293604.74941659,697107.2310651346,56858.203949004324,798004.1069460409,0.0,0.0,21502392.38640001,1845574.29137677
109,382.9802313851918,317.7614669438352,1330.527768395947,140.36988719834898,307478.7075706376,787707.9207886197,60261.95311437112,790159.4096047841,0.0,8354.331669597654,22375269.10079997,1945607.9910784124
109,408.00989474367873,251.13732262832335,1140.9799142062052,148.85280468193847,327573.97074534476,622551.4381671167,51676.99594667322,837910.7984841362,0.0,0.0,23248145.815200035,1839713.2033432708
109,427.4228254813134,284.5358777977356,466.63787484114215,146.89428279336775,343159.795715414,705344.06467048,21134.853704683002,826886.0371905382,0.0,0.0,24121022.518800046,1896524.7512811152
109,426.73526879939294,307.69945512539425,583.5870181369423,133.72854343234408,342607.7853957852,762764.9140588087,26431.687004565036,752774.4663390424,0.0,0.0,24993899.233199995,1884578.8527982014
109,443.8130525110089,261.54370889082975,951.0068502560046,141.87927645706216,356318.8191084814,648348.1244821728,43072.78027775709,798655.9479245971,0.0,0.0,25866775.94760001,1846395.6717930082
109,459.69216525707947,264.9225991049358,4343.491131677441,130.93180809882418,369067.49035678804,656724.1513513995,196724.3864781485,737031.298170557,0.0,0.0,26739652.661999952,1959547.326356893
109,497.3764747056471,280.49689456755016,570.196919756489,122.62324652880334,399322.6362243133,695331.7144854531,25825.22579423457,690261.3802354097,0.0,0.0,27612529.376400042,1810740.9567394108
109,488.45712175957016,394.7707805226241,1242.4205956357341,120.31887822182135,392161.6631727623,978608.4943034961,56271.42361169357,677289.8067925675,0.0,16900.90845339559,28485406.090799965,2104331.3878805195
109,165.42510214150258,386.78115734093075,619.5481570959955,117.6350520569393,132812.8515204,958802.7905947812,28060.4305162487,662182.218261642,0.0,0.0,29358282.794399995,1781858.2908930718
109,317.99353140877304,388.0274352833254,1183.8200398120903,115.55013179584583,255303.6215465952,961892.2243646156,53617.300915872,650445.9449379285,0.0,0.0,30231159.508799914,1921259.0917650112
109,595.1013849235485,374.50938326066756,2046.8716145516992,118.91770170289644,477781.853251197,928381.9414650144,92706.43138546265,669402.4113330175,0.0,0.0,31104036.22320002,2168272.6374346917
109,154.64018231147566,384.93960655868483,2134.4739583661703,117.56269668224417,124154.09334221524,954237.7180840668,96674.09629336685,661774.9209324787,0.0,0.0,31976912.937599935,1836840.8286521274
109,150.658968332277,312.98432847399386,5422.061128225498,117.05179301695219,120957.74421354456,775865.7366257955,245574.72700197305,658898.9811808026,0.0,0.0,31950210.347999953,1801297.1890221154
109,143.07210257202092,402.4575401455132,774.6235030570539,100.37107488607118,114866.56903711832,997663.4209388206,35084.06688782662,565001.1612626587,0.0,0.0,31077333.644399937,1712615.2181264241
109,444.05850693401777,466.14631469561635,2139.7879779872833,97.9677565307456,356515.88413317286,1155543.3321217087,96914.77762964774,551472.5857922444,0.0,1090.4415368073387,30204456.93000007,2160446.5796767734
109,166.4107668921288,422.0622224490368,1392.378113328199,99.90373319852849,133604.20026057994,1046262.0244244961,63063.26449993394,562370.4372570844,0.0,0.0,29331580.21559997,1805299.9264420946
109,385.8243840311845,462.849881156273,2207.0956931584724,95.48519743022837,309762.15801548277,1147371.7094442712,99963.26295421302,537497.9543928345,0.0,33524.717322843615,28458703.501200043,2094595.0848068013
109,334.91156210524935,403.2432427040216,1234.055381741205,85.20539594338928,268886.3962876782,999611.1213150602,55892.54829659096,479631.68381432036,0.0,0.0,27585826.786799964,1804021.74971365
109,169.85858696181467,448.74842665105774,1998.5508160147192,98.14482296617552,136372.30987064715,1112415.2135694528,90517.89705716752,552469.3145983481,0.0,0.0,26712950.083199937,1891774.7350956155
109,230.32862982874255,369.3509090814333,1011.7045456950701,89.7112932336947,184921.16201430626,915594.4533870951,45821.88613152598,504995.93546194443,0.0,0.0,25840073.368799996,1651333.4369948718
109,276.3086290061755,484.44788371423556,1050.3300778025077,88.33086793074412,221836.5679871972,1200911.611093602,47571.304715763574,497225.35115676763,0.0,25721.288771785097,24967196.65440005,1967544.8349533305
109,273.92387990732254,362.5463564575072,2286.4351637045115,98.63900284633685,219921.95331337073,898726.4547249511,103556.68773476343,555251.1141006522,0.0,0.0,24094319.939999975,1777456.2098737373
109,151.28167437117247,354.69039340068605,828.0797554784651,88.07389947633806,121457.6886815488,879252.0848940281,37505.19499473768,495778.84402996744,0.0,0.0,23221443.225600015,1533993.812600282
109,237.33857966248192,373.4497306805425,1702.9116263632136,87.73539492951502,190549.15567658312,925755.138603495,77127.87588757704,493873.36018151016,0.0,0.0,22348566.522000004,1687305.5303491652
109,185.94605995666288,348.2892900412183,2265.3144702992686,103.61600068040896,149288.26479250405,863384.2080663743,102600.09421904584,583267.2488191886,0.0,0.0,21475689.807599943,1698539.8158971127
109,216.21492252468997,354.07721146162953,891.5015496842926,97.577044788883,173589.86048685058,877732.0507787378,40377.680093991556,549273.2212031743,0.0,0.0,20602813.093200047,1640972.8125627544
109,142.57335375931757,393.91189145831976,887.8665572744151,100.80639827559301,114466.1446084794,976479.3698204736,40213.044866243385,567451.65031923,0.0,0.0,19729936.37880001,1698610.2096144264
109,183.6733843379711,405.9702270255581,890.2346900691359,105.47551553928389,147463.6291985592,1006371.1201613657,40320.30178401228,593734.6873301545,0.0,21225.045778621454,18857059.664400022,1787889.7384740915
109,224.92505192855214,375.60315313381284,1036.8034245937722,109.7454751391894,180582.85676288788,931093.3186526983,46958.65869602518,617770.8166157047,0.0,0.0,17984182.96080002,1776405.650727316
109,162.78127067347822,306.08032690696905,1988.2745478039626,105.1231143565268,130690.23051752873,758751.2111555196,90052.46671605266,591750.9776038803,0.0,0.0,17111306.2464,1571244.8859929813
109,154.83267035814416,368.663225413595,1852.5140456275446,111.70657246673885,124308.63389277674,913889.7348214267,83903.63374069745,628810.0753729934,0.0,29702.05674982653,16238429.531999992,1750912.0778278941
109,166.12596725267338,296.0011685553574,1746.7628915624957,112.2320579917599,133375.54661770232,733765.6993978886,79113.97715521973,631768.0982117506,0.0,0.0,15365552.817599978,1578023.3213825612
109,130.52411101796545,301.12246302921216,745.427811985993,114.84026921033153,104792.31478202667,746461.0216487121,33761.74246269492,646450.0408828235,0.0,0.0,14492676.103199974,1531465.1197762573
109,121.91344199342186,281.3445091819799,1621.0651512393533,125.99481754008595,97879.17105810871,697432.8904146305,73420.90444087301,709240.3693397552,0.0,0.0,13619799.38879999,1577973.3352533672
109,101.95338973237978,282.5851686441336,1195.6398795428704,124.45749685422625,81854.08524605574,700508.3963743025,54152.64233797127,700586.6015712048,0.0,0.0,12746922.685199974,1537101.7255295343
109,119.05714596875016,290.76095623202224,830.346156325092,128.67815193354085,95585.97120565502,720775.5883142346,37607.84429285977,724345.1896286573,0.0,0.0,11874045.970800024,1578314.5934414067
109,85.75025938427434,306.8552386485872,1143.8665064600464,134.53956291289154,68845.27390345893,760672.161869448,51807.734809245776,757339.7950339484,0.0,11132.49896222772,11001169.256400006,1638664.9656161012
109,108.45393116605449,297.3775443348044,1282.3174924785042,136.3993994422973,87073.09634567921,737177.6363891149,58078.42455076186,767809.0442680103,0.0,6897.057407896267,10128292.544159984,1650138.2015535664
109,80.00190405256085,245.59190812105882,1239.4020012805543,140.26048382197718,64230.16136446643,608804.7527258625,56134.70614075912,789543.5645043277,0.0,0.0,9255415.831919994,1518713.184735416
109,81.54186482804093,271.5598297447381,1128.1753393163597,143.45673514673913,65466.53105185599,673177.3707972844,51097.05412960646,807535.6574676405,0.0,10828.006757453084,8382539.1196799865,1597276.6134463875
109,100.24180542077953,229.40145916301415,572.8041802381846,152.16568404898354,80479.92624540563,568669.7892010693,25943.313227384733,856559.4050834796,0.0,4669.244740747497,7509662.407439987,1531652.4337573391
109,81.0350948489017,231.50414198062458,896.303632715038,152.62797212935362,65059.666766308546,573882.1893270751,40595.17491771776,859161.6817109189,0.0,0.0,6636785.695199988,1538698.7127220205
109,93.04014580781917,210.7190599957728,738.3311611611791,156.6279051604429,74698.01687074246,522357.45956302714,33440.32261003783,881677.7981329414,0.0,0.0,5763908.982959989,1512173.5971767488
109,123.52397161417416,203.70631898042421,572.2848004610165,162.36635320097062,99172.1975010195,504973.37678748503,25919.789599750875,913980.2299881722,0.0,10851.185342063545,4891032.270719992,1544045.5938764275
109,128.03790039359694,213.72863877499378,548.0935947892772,165.01386070283155,102796.24092003053,529817.9898325728,24824.127159178166,928883.3762850602,0.0,0.0,4018155.558479994,1586321.7341968417
109,90.67362224563023,191.79535875674418,565.6400971649684,151.73760350924698,72798.03471316352,475446.95936932374,25618.83924907304,854149.6869217518,0.0,113415.4033209125,3145278.8462399975,1428013.5202533123
109,95.05058163730637,182.3245621779141,425.652810423577,107.38267700547514,76312.11117599836,451969.5328799728,19278.56773381719,604470.3344708926,0.0,384025.33202291885,2272402.1340000024,1152030.546260681
109,81.94085761127164,132.23659622934613,260.0485702210381,63.18406322255584,65786.86556331124,327805.0522292986,11778.059141908834,355670.88560681907,0.0,776009.1211959806,1399525.4217600017,761040.8625413377
109,52.255503406784165,59.48899498981555,103.56981288415764,24.767191387475897,41953.74417331427,147468.95841060168,4690.859789881489,139417.57534251854,0.0,1198462.7017086647,553351.2910199998,333531.137716316
109,89.53437918741541,133.2250232402714,257.5558911523262,66.33020642682767,71883.38441416051,330255.2920054288,11665.161303369932,373380.91377907776,0.0,762162.9023618603,1426228.0037999982,787184.751502037
109,134.7525787369597,155.014416938431,358.59682562643184,111.1369302079382,108187.17353110095,384269.6385852665,16241.483722594196,625603.4888330767,0.0,449995.6296125534,2299104.716039999,1134301.7846720384
109,126.31199659560573,149.41240254928195,398.58970544209586,151.61302899162692,101410.58540648562,370382.6460900925,18052.83190006645,853448.4415958553,0.0,244183.02088331315,3171981.4282800043,1343294.5049925
109,265.1514895076198,235.054110908223,348.38370546034946,145.8847479681935,212878.97030443107,582682.3080756364,15778.913467978702,821203.2411339454,0.0,0.0,21476265.533999976,1632543.4329819917
109,272.615515950812,244.31355484091375,488.37941150683406,148.26940297063774,218871.5229636766,605635.8064907473,22119.5663084356,834626.758288874,0.0,0.0,22349142.2376,1681253.6540517337
109,288.0841809467891,251.5035448468883,1233.6889163775872,136.17776377319075,231290.66298979052,623459.2768207676,55875.95043288233,766561.4297479449,0.0,0.0,23222018.95199996,1677187.3199913853
109,337.8839307210457,284.04680385096464,3946.4018072720996,133.59338323226362,271272.7859378776,704131.6853803536,178739.50948577974,752013.6329008368,0.0,0.0,24094895.666400023,1906157.6137048476
109,276.9247182281444,273.44371765526375,1288.3882965269665,140.30147223305795,222331.20009140277,677847.3940171271,58353.38199067761,789774.2933262043,0.0,0.0,24967772.38079997,1748306.2694254117
109,343.66456810246814,285.9073521068845,1340.3559040605514,127.92998737362556,275913.81637578184,708743.8512678449,60707.08674080876,720133.6790351173,0.0,0.0,25840649.095200036,1765498.4334195526
109,348.5469243489538,273.5339043901149,4237.170820981678,126.3317131523946,279833.65470043663,678070.9604743051,191908.951783405,711136.7962973696,0.0,0.0,26713525.798800066,1860950.3632555162
109,160.32080480789796,372.30186796853195,469.4174466707027,117.48293365780313,128714.82603872841,922909.6691419998,21260.745423179746,661325.9250291653,0.0,0.0,27586402.51319994,1734211.1656330733
109,360.7359426648282,313.49045699844623,1533.9444229895985,112.26896910678454,289619.70445231115,777120.3929926691,69475.05275270723,631975.8754311944,0.0,0.0,28459279.227600038,1768191.025628882
109,296.71676137582654,299.7136734037686,366.7582066745423,122.35039993426324,238221.39845809294,742968.7330545043,16611.127087995486,688725.4930992333,0.0,0.0,29332155.941999964,1686526.751699826
109,263.49592434079113,352.2531743558849,4828.186291777174,114.7388962234158,211549.7867171888,873210.393417868,218677.08653183168,645879.3998351605,0.0,0.0,30205032.656400055,1949316.666502049
109,360.51033671749826,357.7457743465011,1751.1879788369351,109.48730942940631,289438.57493329037,886826.1554545425,79314.39717514969,616317.5699907063,0.0,0.0,31077909.370799977,1871896.6975536891
109,328.6126130641269,455.36643852852984,674.2889923993887,102.09824230956465,263829.2352347108,1128820.791079829,30539.739651203123,574723.599734863,0.0,13683.391809451161,31950786.074400004,1997913.365700606
109,322.9817656516985,420.11173888852596,594.6564662932789,109.21183367076215,259308.4648580289,1041426.9153574363,26933.041866631018,614766.8829654818,0.0,0.0,31976337.211200073,1942435.305047578
109,297.1165566759741,343.30945065619323,1085.3123154681962,108.04890219584027,238542.3772766016,851039.542850775,49155.712058563324,608220.5982460488,0.0,0.0,31103460.49679997,1746958.2304319884
109,286.02893838499534,355.73451344474324,636.5364119944034,92.45372110174864,229640.59524514782,881840.3837109624,28829.85859170859,520433.40020851936,0.0,0.0,30230583.782400057,1660744.2377563382
109,141.71388052114168,415.9155838907892,1307.9938159006376,89.00971947601487,113776.10972205708,1031024.9476161486,59241.3505978292,501046.69024114305,0.0,0.0,29357707.06799995,1705089.0981771778
109,218.54149029219306,428.35318089259215,1872.9678600104578,95.29105051100782,175457.7638186752,1061856.859893381,84830.02312739858,536405.0774366029,0.0,0.0,28484830.364399984,1858549.7242760577
109,207.60563566864676,445.5349867727153,532.9206430042265,93.38725496004822,166677.82644784404,1104449.3262342343,24136.917368600356,525688.377447888,0.0,0.0,27611953.65000005,1820952.4474985667
109,187.0737070335794,430.497174583323,4575.424838315315,71.81967169759369,150193.6051662148,1067171.666715468,207229.07378122068,404281.7909114023,0.0,0.0,26739076.935599964,1828876.1365743058
109,177.1905824817641,467.3493403009324,568.7000147696162,90.69273476701096,142258.86045899932,1158525.546445343,25757.428322976724,510520.59091337316,0.0,0.0,25866200.22120004,1837062.426140692
109,165.61923697436995,481.03450642257684,575.9216675240089,73.40123447198313,132968.71420628487,1192450.0932288356,26084.509733850344,413184.6028535292,0.0,3189.1605395708466,24993323.50679996,1764687.9200225
109,264.3019255310482,426.7339615940723,1383.752680051737,70.48102495698404,212196.89114705528,1057842.9312090597,62672.603389325224,396746.38328701025,0.0,0.0,24120446.80319994,1729458.8090324504
109,141.88082143164155,456.8810467017145,1732.385200756814,84.96225872077785,113910.13955230579,1132575.3962759324,78462.78613928966,478263.0343973687,0.0,9311.248453156208,23247570.088799987,1803211.3563648965
109,136.016660051615,394.4304669503596,1300.9626540569525,85.36292981693178,109202.05121157183,977764.8813286352,58922.89685681895,480518.4614202268,0.0,0.0,22374693.374400027,1626408.2908172528
109,130.3469553272784,351.8230940796575,1725.3003599531833,85.33246064396074,104650.08393472101,872144.2552123216,78141.90118335531,480346.9466872134,0.0,0.0,21501816.659999963,1535283.1870176115
109,125.75897672991375,419.5257029409595,861.5426229099434,77.89223659948684,100966.58903375162,1039974.1742110512,39020.78737554101,438465.00779243046,0.0,0.0,20628939.945600007,1618426.5584127742
109,121.07006010034907,376.52528822135713,1715.5390513215336,88.32401936630835,97202.05523536098,933379.2254981124,77699.79427129548,497186.79974279116,0.0,0.0,19756063.241999973,1605467.87474756
109,115.69383055380064,324.39683033499404,1662.087961668999,88.9667204367429,92885.70682594879,804156.511458836,75278.89999530729,500804.6433451682,0.0,0.0,18883186.52760002,1473125.7616252603
109,111.59680929852381,344.60284247642426,1268.1099787852859,92.94842679081707,89596.38090981572,854245.7685498125,57434.94115688675,523218.15955401974,0.0,3902.743921954767,18010309.813200034,1524495.2501705347
109,164.672668667919,330.5607275078848,1271.8693290809629,96.6736733927846,132208.7543555057,819436.3711369473,57605.20877297093,544188.0321840628,0.0,4397.052273850131,17137433.098800015,1553438.3664494867
109,108.79125693698357,335.5089279562014,1246.4208886360752,99.39355482919767,87343.92100861389,831702.6056941969,56452.60394851655,559498.5802858386,0.0,0.0,16264556.384400027,1534997.710937166
109,143.87438835339267,310.51843722983205,837.1736142139712,104.32516162793732,115510.69052157784,769752.9688207145,37917.071921897536,587259.2032675239,0.0,6925.783927770797,15391679.67000002,1510439.9345317138
109,107.09214488744688,315.65662071590157,1490.460618347492,106.4765102646929,85979.77546219852,782490.1577233502,67505.59442284748,599369.4101117512,0.0,0.0,14518802.966399992,1535344.9377201474
109,214.03369689117318,281.02548982769173,973.8939785708734,112.7660407151373,171838.64623673662,696642.0642811961,44109.378751080185,634773.9528281814,0.0,0.0,13645926.251999978,1547364.0420971941
109,146.6110215625844,286.7287909885952,1294.6485151078543,116.70261342023294,117707.81813626886,710780.1394301275,58636.918349382846,656933.4061597167,0.0,0.0,12773049.537599975,1544058.282075496
109,116.93088684097194,261.73682013736817,1516.4264225844606,121.88533762080114,93878.88724937644,648826.8334331185,68681.63156740973,686107.5999715185,0.0,2575.343100116821,11900172.823199997,1497494.9522214232
109,229.34018898328026,252.29629632763627,1506.6200269077829,122.94803189912187,184127.58446443244,625424.4509704465,68237.48258343071,692089.6371470686,0.0,0.0,11027296.108799988,1569879.1551653782
109,242.45782079483422,285.7012837906466,843.3627040043895,128.33882924920394,194659.1789052625,708233.0226690051,38197.3867320277,722435.1003832177,0.0,2757.789247127017,10154419.400879998,1663524.6886895131
109,186.88751060333308,251.69609245064393,1401.8171088599777,132.4640232438647,150044.1158896552,623936.5885416188,63490.77328230873,745656.3262200699,0.0,0.0,9281542.688639984,1583127.8039336526
109,123.2214509847981,251.03791429178287,1230.974913012203,138.91570293787748,98929.31642123747,622305.012019735,55753.02842596006,781973.6270295862,0.0,1672.104643564904,8408665.976399986,1558960.9838965186
109,151.59230838261746,235.75322877241445,947.2376292717421,141.10076408054914,121707.08365428963,584415.3711952303,42902.06560074951,794273.6057280382,0.0,0.0,7535789.264159989,1543298.1261783075
109,231.32439347312564,208.06001207834856,1192.8036907202677,146.82703830124535,185720.61873120608,515765.8701974047,54024.186335841194,826507.509649802,0.0,1755.0767108028522,6662912.551919988,1582018.1849142541
109,229.02661730573257,207.98667453614328,829.7278010906924,148.65756310787572,183875.83096322848,515584.07168217923,37579.83789191984,836811.7595807728,0.0,309.6633448520588,5790035.839679994,1573851.5001181006
109,167.72807179377017,203.72468715817433,690.7724786861421,153.3664785901747,134661.80891878184,505018.9101847323,31286.30586452706,863318.8256733353,0.0,0.0,4917159.127439999,1534285.8506413763
109,172.8493147740636,187.75189915724633,960.3994920293106,156.8606763438511,138773.43934691238,465423.5125853365,43498.18961652304,882988.0958365717,0.0,0.0,4044282.4152000053,1530683.2373853435
109,147.37807702406957,175.566868182942,641.8040813137914,154.5898760955806,118323.6546797881,435217.6934033314,29068.440640942837,870205.4811368219,0.0,49107.859447747585,3171405.7029600027,1452815.2698608842
109,138.8637749322479,150.79347064985694,513.5382800688326,114.04695311524264,111487.87990992481,373806.2150093652,23259.055910762036,641984.3667283687,0.0,365204.8801446378,2298528.9907199987,1150537.5175584208
109,106.34209502808876,100.42983461535697,349.62185633275914,74.79316787559102,85377.59200083595,248958.36795715216,15834.991508282681,421019.96767682536,0.0,734862.365501203,1425652.2784799994,771190.9191430961
109,63.14221907642475,43.30195464570711,140.28747064416353,30.92883180204583,50694.22994638628,107342.44459565615,6353.867374511272,174102.20927183056,0.0,1160903.145051548,552775.5657000011,338492.75118838425
109,115.13841853380322,92.34812453239577,323.71883844062694,78.55242888580199,92439.78989321228,228924.38741478833,14661.79806819518,442181.31160653336,0.0,738571.4740621387,1400101.1470799982,778207.2869827291
109,161.12592767636568,126.33535157082137,449.1051263270764,126.8792898645039,129361.22530100007,313176.2893250378,20340.76455147844,714219.173153185,0.0,359795.1607321321,2272977.859319994,1177097.4523307013
109,175.48823742915627,129.5317590403923,606.2743808747501,183.46780946286404,140892.11927050006,321099.954538649,27459.23774200116,1032762.9301419342,0.0,23387.131888602627,3145854.571559992,1522214.2416930846
109,200.40012502500767,117.81093233234495,719.4015351111891,190.24775226760516,160892.82524274455,292044.86448976153,32582.96640553537,1070928.064492854,0.0,0.0,4018731.2837999905,1556448.7206308953
109,201.35105370704642,111.29416731859058,450.6898276666183,193.71269287065186,161656.28585554846,275890.2707039776,20412.538474647958,1090432.6425463385,0.0,0.0,4891607.996039995,1548391.7375805127
109,201.2033390525001,113.60834914946682,762.1189346916364,197.94022070145775,161537.6919769431,281626.96173784835,34517.71289623673,1114229.9181696866,0.0,0.0,5764484.708279993,1591912.2847807147
109,250.71000913826566,119.17036580043454,483.594596583447,199.7611481689771,201284.51357930145,295414.80270441796,21902.853587797148,1124480.1434949737,0.0,0.0,6637361.420519992,1643082.3133664902
109,211.14769253383548,135.8942902994918,560.3907373443622,197.2132561508115,169521.5948144534,336872.2138917432,25381.086469383816,1110137.7450433339,0.0,3922.749683831178,7510238.13275999,1641912.6402189143
109,219.4525306545667,115.59338071742833,643.0833313842825,194.5019161682086,176189.19977857877,286547.7128413014,29126.380136532942,1094875.2778386401,0.0,0.0,8383114.8449999895,1586738.5705950533
109,208.44614165254117,132.20461255285605,782.42335069532,190.88764155406574,167352.63332416376,327725.76698571804,35437.33576641838,1074530.0802164092,0.0,0.0,9255991.557239998,1605045.8162927092
109,257.9963418831974,130.53482333829595,630.8302747322509,185.35369534329396,207134.40344760614,323586.47910098254,28571.417554757856,1043378.8143860874,0.0,0.0,10128868.269479988,1602671.1144894338
109,206.61452179854928,178.6556181295457,661.1385106170034,179.78697119402128,165882.1028390022,442874.48332715564,29944.131099901042,1012043.0374967993,0.0,12241.070518116641,11001744.9828,1650743.7547628582
109,197.44481181403125,180.41012786424997,330.62956184456215,178.48377752791862,158520.1286591877,447223.7873142611,14974.79693950502,1004707.1996019286,0.0,0.0,11874621.697199974,1625425.9125148824
109,268.09830501793806,165.05692831771952,294.77444151038463,172.64967487979376,215244.84444181042,409164.305122898,13350.855198632353,971866.3161615786,0.0,0.0,12747498.411599984,1609626.3209249196
109,243.03965240619183,161.26082550785867,947.5265429119527,173.33874911200056,195126.30701586214,399754.0381065268,42915.151009903704,975745.2000116812,0.0,0.0,13620375.115200004,1613540.6961439739
109,220.2266397585962,226.47211839666264,352.5819297508893,172.2887529029533,176810.69939479855,561408.1632193641,15969.058462596235,969834.6418343728,0.0,7120.55647581385,14493251.829600018,1724022.562911132
109,303.7608995285999,241.31227967785085,1013.6255457704999,165.26968576909627,243876.8404826849,598195.8602910129,45908.89161854247,930323.4471389763,0.0,1596.2734947640565,15366128.544000024,1818305.0395312165
109,294.7079111838903,242.76591006981695,210.58893453521333,165.56110871874614,236608.57719448488,601799.3059342606,9537.944867295602,931963.9028694511,0.0,23632.612538553076,16239005.258400014,1779909.730865492
109,324.4929280746557,219.89294574631964,261.85424698619465,161.903785220671,260521.71356034343,545098.865371658,11859.8414324752,911376.377769504,0.0,0.0,17111881.972800024,1728856.7981339807
109,266.5476449943923,247.45753627180042,189.34684855059012,164.32806176801398,213999.88477849617,613429.5113088317,8575.85326720818,925022.9294879681,0.0,0.0,17984758.67639995,1761028.1788425043
109,257.6100796846589,233.22295997778713,329.9293640317754,154.35484375478907,206824.289786751,578143.0160527973,14943.08374360847,868882.4550993681,0.0,0.0,18857635.39079998,1668792.844682525
109,153.64277841605073,230.03092718988572,262.64404841174735,150.55674970047372,123353.31973679455,570230.195361762,11895.612934285868,847502.5151743571,0.0,0.0,19730512.105199967,1552981.6432071994
109,273.02463690960525,288.99346872498046,395.53421177648534,147.98487000304382,219199.98896098105,716394.1133588782,17914.44319417701,833025.0871172686,0.0,0.0,20603388.819599997,1786533.6326313047
109,74.82494702597782,108.03770011164396,249.56694868893388,33.44681406150383,60073.8004736572,267817.7217024536,11303.327986097076,188276.24200234952,0.0,1162765.4233541614,981040.9395239989,527471.0921645574
109,74.97541068421008,109.26164202651972,251.96038177687717,31.00683258146832,60194.60141161233,270851.7860596126,11411.730798841005,174541.28528056238,0.0,1133097.9000520816,971835.7728240013,516999.40355062834
109,103.43256595078621,197.2616882068162,441.1602370365385,55.02121820952857,83041.65357108344,488997.5986172942,19980.926480227616,309721.22414506326,0.0,719037.2777881969,1844712.485279997,901741.4028136686
109,122.60084831853135,282.6529943359949,611.7452752876479,79.5126981353677,98431.06066258275,700676.5314072438,27707.02421473385,447586.78566113807,0.0,322238.0332231159,2717589.1975199943,1274401.4019456985
109,129.97402448549917,330.4821765103663,1478.7815608325163,98.8405639040405,104350.6734590712,819241.6488393501,66976.62927600504,556385.7261569358,0.0,0.0,3590465.9097599927,1546954.6777313622
109,139.03489015975975,352.2024472973127,941.0172089279449,100.74861719727195,111625.26112359921,873084.6446723704,42620.33177450889,567126.3935020897,0.0,3574.4466076564277,4463342.621999994,1594456.6310725682
109,229.66364832678096,325.25651201092364,785.5507419988106,102.10203125625777,184387.27635644347,806287.6007693164,35578.98084334034,574744.9281831635,0.0,0.0,5336219.334240001,1600998.7861522636
109,227.29444497120934,336.38060045764803,749.9676342958575,97.6414806231587,182485.14270555408,833863.4194024383,33967.35903506789,549635.9384624447,0.0,0.0,6209096.04648001,1599951.8596055051
109,165.3828971432755,322.51132641474624,749.8701327203586,92.5831471475696,132778.96690379473,799482.482266619,33962.94301646922,521161.9553850927,0.0,0.0,7081972.758720012,1487386.3475719756
109,211.45532299340897,309.74867671551954,825.2769619910318,87.81375235579318,169768.57836182058,767844.7876303833,37378.25152633296,494314.44379938475,0.0,0.0,7954849.4709600145,1469306.0613179216
109,220.46826765301614,300.0607851729987,1291.280172601912,81.39830102707195,177004.69226075025,743829.1982728053,58484.36016684228,458201.07692684786,0.0,0.0,8827726.184279995,1437519.3276272456
109,281.90034357140564,281.15758044242256,1009.620923908779,82.96211824871892,226325.92024802344,696969.5074557447,45727.51521994032,467003.9969636811,0.0,0.0,9700602.896520007,1436026.9398873895
109,186.26457883794822,291.8109458798011,716.9915772455397,79.16160796360427,149543.99019535378,723378.4374584567,32473.81515641679,445610.4557774599,0.0,0.0,10573479.608759994,1351006.6985876872
109,230.75348843125764,308.82159021355994,618.3012585383162,76.44893323212591,185262.26310333406,765546.6065832179,28003.95627782538,430340.47510670556,0.0,0.0,11446356.3156,1409153.3010710827
109,196.077951852083,289.8768334315759,1309.7656052153193,73.41791389742801,157422.7343289117,718583.9112063729,59321.598065898674,413278.49339675833,0.0,0.0,12319233.030000012,1348606.7369979415
109,264.20561726306835,257.6589417053406,701.3613579744087,72.99191479073201,212119.56929245274,638718.0648281167,31765.89491359482,410880.4918783598,0.0,0.0,13192109.744400019,1293484.020912524
109,232.5920284897373,248.22517240776048,1309.170076610962,77.71477528251395,186738.34952939712,615332.4263173598,59294.625523358416,437466.0561494129,0.0,0.0,14064986.458800033,1298831.4575195282
109,197.09787537892612,248.73751275772946,1322.7073000717,67.64128051490638,158241.58799851322,616602.4813548434,59907.7502884832,380761.1115412983,0.0,0.0,14937863.17320002,1215512.9311831382
109,364.69209627133284,228.1157537613044,1292.9709827104627,67.91352948515491,292795.9336625742,565482.6175831006,58560.939943609825,382293.6345766207,0.0,0.0,15810739.887600029,1299133.1257659052
109,342.1689262902675,235.58751384579557,2895.818750709498,68.29157517617102,274713.02851855813,584004.5757594398,131156.74691506432,384421.700403124,0.0,0.0,16683616.591199962,1374296.0515961861
109,357.4710255757084,208.71835064830964,872.9736498814672,71.30571603108841,286998.43994668144,517397.844366918,39538.51878090473,401388.67106843344,0.0,0.0,17556493.30559997,1245323.4741629376
109,354.6286240801943,272.3026299294434,1324.9743599681165,73.27897361387929,284716.395426847,675018.7192612222,60010.429436134524,412496.38140243833,0.0,0.0,18429370.019999996,1432241.925526642
109,284.44253335469426,209.32835214971442,813.1825226593147,77.03471354962349,228366.93742047035,518909.9944050296,36830.4730032051,433637.9047696499,0.0,0.0,19302246.73439997,1217745.309598355
109,395.33557446904314,242.01228447815654,982.2377162120944,82.18639195894777,317398.29247786343,599931.1220617181,44487.28136873096,462637.3379930547,0.0,0.0,20175123.448800012,1424454.0339013673
109,204.29690516810695,190.61105186963425,1366.8982083121052,87.81748289728215,164021.385998357,472511.1474076239,61909.234589464955,494335.44347758684,0.0,0.0,21048000.15239997,1192777.2114730328
109,289.4106994709594,189.457605710858,819.0942200668155,92.68350291951317,232355.66887770582,469651.83698144223,37098.2242222771,521726.8704042044,0.0,0.0,21920876.86680002,1260832.6004856294
109,223.50960262594867,208.08310561440604,1380.3182972179982,97.3212071274186,179446.45209619755,515823.11741950014,62517.05412367323,547833.0794493256,0.0,0.0,22793753.581199978,1305619.7030886966
109,409.94913351312243,160.46714921951985,1411.9921703759062,98.8741332159644,329130.9039278821,397786.5714250581,63951.6197934251,556574.6919545158,0.0,0.0,23666630.295600027,1347443.7871008809
109,449.18255740589706,198.7687127442024,338.808162031292,102.92695850518368,360629.76857812615,492733.404523338,15345.22019011337,579388.5454217892,0.0,0.0,24539507.00999998,1448096.9387133666
109,168.26919848973816,149.20497643880097,1428.8657092182732,108.36732427222654,135096.2567661457,369868.4516165595,64715.85217605182,610013.0353912534,0.0,0.0,25412383.71359994,1179693.5959500105
109,191.24208030629927,157.41230475620455,1386.9967341505107,113.60481457724215,153540.21661384017,390213.8307662417,62819.53233033971,639495.5143603652,0.0,0.0,26285260.428000025,1246069.0940707866
109,178.68165939821145,207.7253764698734,547.4208909065288,114.52330906663553,143455.98335356597,514936.33248816326,24793.65921194328,644665.8331370612,0.0,0.0,27158137.142399963,1327851.8081907337
109,156.83467298254865,144.44878053136392,914.6782647953103,121.24846830539202,125915.9575326379,358078.1825661816,41427.394464890465,682522.5840375242,0.0,0.0,28031013.856800042,1207944.1186012342
109,217.48634873354675,113.1123712514144,1008.6937174007456,124.27960567601652,174610.6350737183,280397.4680469062,45685.52039920703,699585.2301862618,0.0,0.0,28903890.571199976,1200278.8537060933
109,196.03512997683012,121.23565806612828,1008.0955312655608,128.6377689698466,157388.35444770768,300534.5143298618,45658.42749240086,724117.8689448013,0.0,0.0,29776767.274800003,1227699.1652147716
109,463.45486118727996,110.45737940604724,862.746669418689,132.2479565227156,372088.40054166835,273815.9333934469,39075.32076896656,744440.0599949844,0.0,0.0,30649643.989199925,1429419.7146990662
109,213.7693735741825,225.42044652942815,628.4995633820673,135.985842836851,171626.43217128704,558801.14397358,28465.855520320034,765481.0831239234,0.0,0.0,31522520.703600027,1524374.5147891105
109,221.82562615581028,183.2022769203234,442.96526321002466,142.88952907538697,178094.45826940198,454145.32487085933,20062.679304347905,804342.784527374,0.0,0.0,32395397.417999946,1456645.2469719832
109,257.5406936828049,196.71973756212378,255.02115001694523,143.60239008945462,206768.58268642263,487654.14177966525,11550.358399525583,808355.5671066605,0.0,0.0,31531725.867599957,1514328.649972274
109,218.041228577569,171.38795113042332,222.6509689247465,150.83135378923575,175056.1247447644,424858.45729378314,10084.255713346032,849048.295462295,0.0,0.0,30658849.16399993,1459047.1332141887
109,219.14984177386617,198.56166278389978,249.11272489998717,156.4571284679054,175946.18361689028,492220.1424991601,11282.755388273028,880716.475065416,0.0,0.0,29785972.449600056,1560165.5565697392
109,220.32847203289367,250.8422231482881,1428.0978108803329,155.9601235456007,176892.45624155985,621819.9076889878,64681.072703772676,877918.7730524193,0.0,0.0,28913095.73519996,1741312.2096867396
109,224.0207082446809,196.77295279703424,490.69253902167685,164.9380971202606,179856.79728428068,487786.0585361202,22224.331939907588,928456.893733363,0.0,4590.75330640655,28040219.02080003,1618324.0814936715
109,252.96378664703428,271.2329296874542,359.2857689297913,167.76616394062833,203093.97667623858,672367.0089654821,16272.687181876792,944376.4307060402,0.0,20697.991411746945,27167342.306399953,1836110.1035296377
109,229.35367146386432,185.34329034717243,302.0145369682678,172.8323733304453,184138.40898059568,459452.7438322082,13678.771912127571,972894.7482760715,0.0,0.0,26294465.59200002,1630164.673001003
109,230.1283771771749,225.1734765835957,294.14953186635177,173.8950359970578,184760.38758929507,558188.9231640527,13322.551936901236,978876.6075054166,0.0,0.0,25421588.888399992,1735148.4701956655
109,111.49480061703095,245.4746930206554,441.29119958907035,179.91944410609412,89514.48243314249,608514.1848860554,19986.858005587605,1012788.743859334,0.0,0.0,24548712.174000043,1730804.2691841195
109,216.62549800549016,196.93761921226067,318.9103704446422,182.20108092740327,173919.49425865136,488194.25478725554,14444.014058113733,1025632.3589654049,0.0,0.0,23675835.459599968,1702190.1220694254
109,246.53013736628455,232.87499988893293,907.9724201892462,192.56436479225445,197928.6704706082,577280.4479108986,41123.674916271,1083968.5621472644,0.0,1995.0501921612304,22802958.745200023,1900301.3554450423
109,189.32399314572984,216.7565556595863,441.68247959769985,195.61488440127764,152000.26516776526,537323.9789520927,20004.579768405867,1101140.313306739,0.0,0.0,21930082.03079996,1810469.1371950028
109,118.27177727433684,268.769089156098,779.4526828662181,202.42774178178487,94955.43173824901,666259.3247305892,35302.78897251604,1139490.7278646452,0.0,0.0,21057205.327200014,1936008.2733059996
109,114.10572300615287,225.8733364287534,515.2979582512559,202.8811323667175,91610.68212175516,559923.8256013267,23338.754844256237,1142042.9193927648,0.0,0.0,20184328.612800036,1816916.1819601029
109,116.62220348563561,269.3460834256274,533.8972608799235,203.93240267588925,93631.05837631923,667689.6522046195,24181.150117464258,1147960.6496368335,0.0,0.0,19311451.8984,1933462.5103352363
109,121.33135695692677,274.4327535028484,424.5216187125037,206.29444183699997,97411.83948313323,680299.1430557354,19227.33406288205,1161256.8594312414,0.0,1657.3762886493932,18438575.184000034,1958195.176032992
109,135.0418403605079,270.34425627289676,471.62566469356045,199.1079130270399,108419.40951319512,670164.0512111208,21360.759518428724,1120803.0023047351,0.0,0.0,17565698.46960001,1920747.22254748
109,131.55973349640252,271.7009285178214,593.789415687974,191.32789570600787,105623.77247907071,673527.1445512901,26893.771613002522,1077008.3251428518,0.0,0.0,16692821.765999997,1883053.013786215
109,136.9170175775391,342.2397708818427,540.9479834399381,195.00817488046772,109924.9103717466,848387.8832928455,24500.489797872644,1097725.0705767414,0.0,2603.4476629493292,15819945.051599983,2080538.3540392062
109,140.84084603862792,311.10476585079834,545.0235058070145,184.9546863503228,113075.18708336886,771206.4354834985,24685.077405613756,1041132.7435470647,0.0,0.0,14947068.337199975,1950099.4435195457
109,147.17513549026154,304.5173698534638,984.7354140397288,186.25028676362166,118160.72146440516,754876.7525474966,44600.4065157275,1048425.8380852784,0.0,0.0,14074191.622799993,1966063.7186129077
109,152.79395751050336,299.2206375677314,993.1424395468673,186.591337155633,122671.83715986712,741746.5325246085,44981.17555262876,1050345.6528103296,0.0,0.0,13201314.908399984,1959745.198047434
109,157.9244465690083,302.9359506273491,565.248386008638,179.34844091185022,126790.89087501245,750956.5275357014,25601.097958813752,1009574.4964459364,0.0,0.0,12328438.204800032,1912923.012815464
109,161.77027981770306,352.6706004240632,814.7761492322506,170.66071777638456,129878.54851353822,874245.162747863,36902.65116596217,960670.2312894841,0.0,38645.09805893921,11455561.490400013,2001696.5937168475
109,165.67191402573698,332.93594141379447,1301.2892223241363,167.01305965006998,133011.00639357188,825324.3563141527,58937.68771054867,940137.1137593966,0.0,0.0,10582684.774920007,1957410.1641776697
109,244.263070340157,367.73769802740674,970.4883184493225,168.1440223020725,196108.53777955918,911595.4187106059,43955.13038780416,946503.442031276,0.0,26368.171229657717,9709808.062679995,2098162.5289092455
109,169.31753298771656,358.3438964818455,657.4736828340347,161.6416586494631,135937.92040861165,888308.8573949041,29778.144575399,909900.8349669748,0.0,0.0,8836931.350440009,1963925.7573458897
109,165.30409957843068,357.33877607786656,961.5319654140375,154.85657146065324,132715.70365568774,885817.2358928534,43549.48133672213,871706.7422435745,0.0,0.0,7964054.638200009,1933789.1631288377
109,161.09778817440696,388.22937477329543,1198.8552983459506,159.9904175621862,129338.63327931098,962392.8178988136,54298.274335857255,900605.7952068144,0.0,12249.872093708254,7091177.92596001,2046635.5207207962
109,154.94873611526012,352.7917783613909,745.4819161092124,151.24545172082998,124401.8182037845,874545.5541766158,33764.19293401479,851379.3037980408,0.0,0.0,6218301.21372001,1884090.869112456
109,147.37665641801533,396.9416071324245,934.9523885366219,150.59449028853493,118322.51413498259,983989.8180103782,42345.64534499559,847714.961599839,0.0,14133.466247143107,5345424.501480006,1992372.9390901956
109,137.92454816371816,375.3547912007531,701.3298994411313,133.45838526552717,110733.8142709263,930477.6472065183,31764.470101048668,751253.7126941362,0.0,0.0,4472547.7892400045,1824229.6442726294
109,128.53582273500786,350.96697352454015,655.0950568505032,119.48782369451007,103196.00180965615,870021.9936653132,29670.412402571816,672611.6983481133,0.0,187110.63186319103,3599671.0770000033,1675500.1062256545
109,116.20600162754715,266.33802639375455,550.4906011044942,90.2683322346056,93296.9074230163,660232.8942377734,24932.691809697713,508131.57670859335,0.0,519171.34750123654,2726794.363680003,1286594.0701790806
109,102.23908456123857,186.82192418327944,413.2906289668623,61.884023029078804,82083.45759882547,463118.17122291646,18718.66269686031,348352.7989983375,0.0,828028.0214441714,1853917.651440002,912273.0905169396
109,228.43171315562284,176.6362482906162,1439.3814368025535,104.58164478977119,183398.2074615074,437868.61010903015,65192.1280552177,588702.9786225746,0.0,0.0,18851756.98320003,1275161.9242483298
109,242.24808749270625,156.39866000785094,832.2563481781898,113.0840735864098,194490.7928649711,387701.0780249376,37694.36025639326,636564.1990897924,0.0,0.0,17978880.268800035,1256450.4302360942
109,228.44042904913704,197.99116957664913,689.0365322806413,128.57163382554745,183405.205085545,490805.93069296,31207.681785133762,723745.5860597997,0.0,0.0,17106003.56520003,1429164.4036234384
109,214.12642088738116,199.938423758915,1429.4645980998794,121.17117741916189,171913.09043040086,495633.03436261514,64742.976911484875,682087.5041051372,0.0,0.0,16233126.850800019,1414376.605809638
109,203.84520348734836,186.34905697030987,1370.662798212868,99.1642324821216,163658.73373167266,461945.9672652755,62079.73951651965,558207.6965073345,0.0,0.0,15360250.13640001,1245892.1370208024
109,184.562830585878,243.6337788976286,717.2417082247482,85.24886440495503,148177.72815288592,603950.6906079523,32485.144030341526,479876.3731462901,0.0,0.0,14487373.422,1264489.9359374698
109,278.6584164132219,192.8396767259504,1035.8206314704457,69.43127373802835,223723.1133902619,478035.74882852845,46914.14625928707,390837.20418914687,0.0,0.0,13614496.707599986,1139510.2126672242
109,228.76354869186468,221.4476128813051,713.917476454498,71.23595070426302,183664.62424610386,548952.773865334,32334.583700945597,400995.95343821024,0.0,0.0,12741619.99319998,1165947.9352505938
109,160.02090009568968,226.50903439217407,1312.9960408852544,76.9445719668058,128474.04516873254,561499.6753285818,59467.91020421301,433130.4866810436,0.0,0.0,11868743.28959999,1182572.1173825709
109,288.16836656187763,260.88376702539955,762.9071373433313,105.85730124258205,231358.25207664716,646712.1758580079,34553.41198675502,595883.8061471223,0.0,0.0,10995866.57519999,1508507.6460685323
109,159.09736740877966,259.74872270006904,1227.589993792769,110.10846749198264,127732.57964727924,643898.4822591328,55599.71945478137,619814.1453445286,0.0,0.0,10122989.86187998,1447044.926705722
109,285.97118157088005,272.30364528181406,1245.955977550453,120.99066017010959,229594.224730165,675021.2362470367,56431.54730414611,681071.3502434967,0.0,0.0,9250113.149639992,1642118.3585248445
109,278.90708655933634,240.2105217991185,639.8254036204942,102.6622974123895,223922.76018368025,595464.6814095215,28978.822832721005,577898.7354846187,0.0,0.0,8377236.437399984,1426264.9999105413
109,270.75805455038767,250.8393914424348,1145.230452961754,89.96435982466927,217380.24538859367,621812.8880929636,51869.5103558287,506420.47851819557,0.0,0.0,7504359.724080003,1397483.1223555815
109,174.77650506033018,260.08556712416913,814.6770295683054,73.7119401087747,140320.6993094454,644733.4954641291,36898.16186127927,414933.60320843576,0.0,0.0,6631483.011840004,1236885.9598432896
109,269.1460132451153,263.2870522487459,699.7927822113827,78.07838493088974,216086.00527781076,652669.7478208751,31694.85134627283,439512.8597112141,0.0,0.0,5758606.299600004,1339963.4641561727
109,264.69359189759575,295.67805055241655,785.0974940755103,83.62566307722237,212511.3435869354,732964.7130079595,35558.45244419536,470739.1726512965,0.0,9692.430476173526,4885729.587360005,1451773.681690387
109,274.22603554740505,296.26528061603983,824.110468418155,97.4328687540034,220164.5413586119,734420.4142825354,37325.41897171318,548461.636518785,0.0,0.0,4012852.8751200056,1540372.0111316456
109,188.21386698766463,307.063108009596,501.3533016897181,101.11221689755453,151108.99160231865,761187.4551292971,22707.17671423308,569173.1410648471,0.0,4721.537666913588,3139976.162880004,1504176.764510696
109,171.44289977213336,224.47268595190502,409.1359259672378,86.70844024198804,137644.2879399654,556451.7133736196,18530.488858392175,488092.50557100127,0.0,240508.15401451968,2267099.450640003,1200718.9957429785
109,131.21498974454425,134.4033752554026,278.6883484311586,58.99718554036803,105346.99223148185,333176.34226593806,12622.287625704212,332102.4346842206,0.0,690567.0068962127,1394222.7384000008,783248.0568073447
109,79.01790170037911,57.22959667465962,129.3679074222046,23.521659667992928,63440.14729402476,141868.0717890046,5859.301065906972,132406.32365774643,33726.563502076126,1163705.5799583658,558653.9740559994,343573.84380668274
109,133.78532314405567,144.2652457666014,291.29996912757406,53.845175788443235,107410.60472878731,357623.2130277603,13193.490206481509,303101.1362924465,0.0,777785.8150581615,1431530.6860799987,781328.4442554757
109,166.92718821531759,235.46494491718465,391.92434155212715,82.16131960855242,134018.8132040253,583700.7361629086,17750.945794591356,462496.20264001563,0.0,414091.6410910319,2304407.398319995,1197966.6978015408
109,183.35912709954434,342.37583238106845,424.9837521934538,108.16921313738408,147211.32528938173,848725.1700056912,19248.264904630036,608897.8433763018,0.0,37844.432658007514,3177284.110559993,1624082.6035760047
109,179.35181499800441,339.86734258646965,972.4158590071547,118.95446994733526,143994.0230767921,842506.8034446753,44042.43210482294,669609.3843163108,0.0,0.0,4050160.8238799972,1700152.642942601
109,251.9600604315746,356.34222182015003,459.92222310746786,131.78587531375936,202288.12714617784,883346.8492539419,20830.689973928987,741838.9478722512,0.0,0.0,4923037.536120004,1848304.6142463
109,298.4870633814067,376.78936073357875,829.0639371541075,146.1276449205791,239642.69942372432,934033.842344957,37549.77032146317,822570.5380401586,0.0,42833.312870888156,5795914.248360009,2033796.850130303
109,248.42557480391343,355.1576896528853,525.3845512289467,143.30121229167483,199450.43740749473,880410.4788388713,23795.59445898908,806660.2001328061,0.0,0.0,6668790.960600014,1910316.7108381612
109,227.75519163444343,362.95723587961083,389.81169054684705,139.04325361654793,182855.05680795122,899744.9953881501,17655.26009839525,782691.6255331436,0.0,0.0,7541667.672840016,1882946.9378276402
109,247.00461781119265,376.2243897514572,415.1566360463592,143.87575073541873,198309.61084823607,932633.3197393904,18803.177453941473,809894.3479017108,0.0,10147.365577890538,8414544.385080019,1959640.4559432787
109,278.6073956352114,387.34052537345735,379.06313940454044,140.94038877711182,223682.1509551378,960189.4238895444,17168.43922898492,793370.8333627647,0.0,0.0,9287421.09732002,1994410.8474364318
109,203.205943852355,361.8857365940473,1141.7047098063576,153.35864079999612,163145.49907812694,897088.8253922237,51709.82321981352,863274.7057856321,0.0,0.0,10160297.809560005,1975218.853475796
109,303.97392124025004,388.1525907926064,394.51379968436686,147.62693157178765,244047.8666485676,962202.4759093958,17868.22692788539,831010.2075361758,0.0,0.0,11033174.527199993,2055128.7770220246
109,159.29741868942577,356.7397653101618,1174.937514651238,161.41542265850848,127893.19240005354,884332.3310965076,53214.99565964587,908627.3246677789,0.0,0.0,11906051.23079998,1974067.8438239857
109,143.68938468070982,377.2541314228503,234.3587565012911,164.06642143235896,115362.15885986101,935185.9756001648,10614.522095430882,923550.1237653431,0.0,0.0,12778927.945199985,1984712.7803208
109,181.06195476300556,329.22442199963115,225.75451774836284,163.64761839309605,145367.0223117809,816123.765478468,10224.820922234836,921192.6297981571,0.0,0.0,13651804.659599999,1892908.2385106408
109,195.74169180137758,334.6732644366547,743.3108862288874,167.10640911586165,157152.76528788684,829631.055673384,33665.86315543695,940662.5894169543,0.0,0.0,14524681.374000011,1961112.273533662
109,214.96029999795067,368.0576502833427,1252.3576514107042,172.27993167922,172582.576869063,912388.5574404176,56721.490422345756,969784.986077884,0.0,0.0,15397558.088400017,2111477.6108097103
109,230.10026680559187,315.3613795760284,272.7530633668868,171.25215435434583,184737.81895515847,781758.2760806277,12353.468079987571,963999.5007402758,0.0,0.0,16270434.792000024,1942849.0638560494
109,239.37555489720896,341.5548666951208,252.92922505719457,177.38803682478317,192184.557353223,846690.0548618184,11455.611422545722,998539.1400248341,0.0,0.0,17143311.50640003,2048869.3636624212
109,185.5960937895173,323.65966382209785,320.82057057224046,180.63953681050543,149007.29168750026,802329.1284638705,14530.530396413962,1016842.234515591,0.0,0.0,18016188.220800035,1982709.1850633756
109,273.88080918976283,322.32959966326086,899.8027659524597,193.53208680636988,219887.3736471527,799031.9946636349,40753.65684353931,1089415.9887328148,0.0,899.0935788914794,18889064.935199976,2149089.013887142
109,308.12666230290114,322.2397850830799,494.2758519187639,194.0861218428587,247381.92765271175,798809.3507512333,22386.626511225488,1092534.720293194,0.0,0.0,19761941.649599966,2161112.625208365
109,293.9836817870133,359.40430518971067,1326.5290356612404,192.28112503580857,236027.12389562666,890937.5346429427,60080.84344473506,1082374.1706207283,0.0,26772.36644615268,20634818.35319997,2269419.672604033
109,100.0517296813722,333.7128779197537,954.8018229584993,195.47615517921724,80327.32243480654,827250.3262738838,43244.66129557588,1100359.3894035711,0.0,0.0,21507695.067600023,2051181.6994078374
109,107.00831511508048,343.863890000361,947.8938267737519,199.4414637548427,85912.47206648556,852413.9582800536,42931.78594484091,1122680.600494876,0.0,31635.059504142147,22380571.781999994,2103938.816786256
109,113.88059539257505,251.866872253382,447.69801896535915,199.81930179565308,91429.9366367702,624359.9394425991,20277.034173298573,1124807.4974327576,0.0,0.0,23253448.496399947,1860874.4076854256
109,121.56881391019132,293.92409175526365,462.1473805659009,200.4238778168266,97602.4836759924,728616.7747555898,20931.471286140037,1128210.730430136,0.0,10857.970605744747,24126325.21080002,1975361.4601478581
109,129.6627802700849,323.14813068335684,555.828323672722,192.79460425127016,104100.78857924783,801061.0744452145,25174.44669432658,1085264.6084620021,0.0,0.0,24999201.91440003,2015600.918180791
109,138.16790434176644,287.89950731954184,413.332654697102,191.21404536660162,110929.19470305718,713682.2613763553,18720.566116424678,1076367.4475389437,0.0,0.0,25872078.628799975,1919699.469734781
109,146.3348366623064,266.03408559549905,4277.324541268385,188.18421107195994,117486.0809048696,659479.4467649274,193727.58470994834,1059312.136565647,0.0,0.0,26744955.343200058,2030005.2489453924
109,155.21905294805538,232.6609654339353,3089.5066799910996,177.58946876173664,124618.84421079757,576749.8718245504,139929.2153974463,999673.025244488,0.0,0.0,27617832.057599932,1840970.9566772822
109,164.62171733865182,252.1389248131383,931.9459603188437,176.82714979172474,132167.84767785444,625034.3382558093,42209.47889991651,995381.8377305736,0.0,0.0,28490708.77200003,1794793.5025641539
109,173.85319734461336,276.15625757604386,432.2942876975979,171.4538349551132,139579.41440789372,684571.5862283604,19579.37197225839,965134.7857192107,0.0,0.0,29363585.475600045,1808865.1583277234
109,183.11271096492283,200.78103262406378,664.5497888485111,169.6417443826721,147013.48814691635,497721.80139780045,30098.633917301857,954934.3043663463,0.0,1855.2234408153454,30236462.189999975,1629768.227828365
109,193.59122723548427,257.8876020507438,1105.7012477287433,164.0877479702329,155426.2478041886,639284.8974493804,50079.16281932304,923670.1734776548,0.0,0.0,31109338.904400077,1768460.4815505468
109,203.0224925732808,176.2965237065321,1631.292979151525,161.1641245795867,162998.21376789594,437026.45719368954,73884.1408352913,907212.7367840182,0.0,3195.8521096665645,31982215.6188,1581121.5485808952
109,206.85954774366516,247.58347348464457,797.3703530138256,158.28998077169783,166078.82385682868,613741.7006407651,36114.31190649856,891033.8267650078,0.0,0.0,31944907.66680008,1706968.6631691
109,206.3437536562839,166.69341197973807,3213.009073415328,165.3034730038001,165664.71449461186,413221.0309279845,145522.85697248534,930513.639650765,0.0,0.0,31072030.952399977,1654922.2420458468
109,204.6053710949428,217.91768940166637,1052.6060624987738,150.2709964261014,164269.04030722307,540202.3463467556,47674.38808336646,845893.9747453717,0.0,0.0,30199154.248799957,1598039.749482717
109,202.90396576636527,152.27963524813353,1555.7073631672918,142.58598714507863,162903.05358359334,377490.31062019337,70460.73475932938,802634.1095599016,0.0,0.0,29326277.53440003,1413488.2085230178
109,205.17270999650597,188.9560694365689,1568.1617668915815,137.3614343682423,164724.5328311485,468408.56447385985,71024.81670570275,773224.4575327495,0.0,0.0,28453400.819999933,1477382.3715434605
109,200.11901905109212,220.85198054774935,1285.3562790449394,133.7887948523087,160667.137088457,547476.2439653049,58216.056562615224,753113.6290140101,0.0,0.0,27580524.10560006,1519473.0666303872
109,243.6237795795836,207.01326477343136,3862.284952598401,130.13646411107615,195595.27813659539,513171.05858894385,174929.70853845647,732554.2087581842,0.0,0.0,26707647.391199972,1616250.25402218
109,165.32931904697253,121.6923338940843,1061.7365648108234,130.10640513984703,132735.95130545498,301666.5810035634,48087.92466284178,732385.0031013743,0.0,0.0,25834770.68759996,1214875.4600732345
109,156.1600635416349,133.46927814681058,1117.2855327644484,128.27804083268822,125374.34200784471,330860.7824269795,50603.83555315616,722092.9148884255,0.0,0.0,24961893.97320002,1228931.8748764058
109,150.37639919111083,123.23580628506043,688.0687845579655,146.0307203341464,120730.8813438584,305492.73852852645,31163.850781170022,822024.9375875229,0.0,0.0,24089017.258799944,1279412.4082410778
109,143.78687736508803,147.38249974997257,1085.1363310850793,127.16381594464264,115440.43163253594,365350.66241747927,49147.74141496146,715820.8055544557,0.0,0.0,23216140.544399995,1245759.6410194323
109,137.90067022901653,120.79377148859814,793.9649853716159,113.83904353372262,110714.6436822122,299439.10914886737,35960.07679012858,640814.0180484349,0.0,0.0,22343263.830000028,1086927.8476696431
109,132.01533096595847,125.72364698292952,1084.127659784986,103.34789289798671,105989.55251060092,311659.9174574875,49102.056909881714,581758.037040954,0.0,0.0,21470387.126400016,1048509.5639189242
109,235.1160582803006,174.6925769574357,1484.9258388684932,99.28963119840836,188764.786808066,433050.38806568005,67254.914482613,558913.5813491903,0.0,0.0,20597510.41199996,1247983.6707055494
109,266.4631617367809,141.8860345399895,3321.1857056706094,96.47758648086662,213932.05672698616,351725.3187787932,150422.3677499999,543084.2347696401,0.0,0.0,19724633.69759998,1259163.9780254194
109,101.86148735799524,258.57577352734467,609.0303791269146,142.58098834929766,81780.30069797026,640990.8252580379,27584.061771533026,802605.9707218512,0.0,0.0,21233648.58839998,1552961.1584493923
109,100.7968377692677,276.9050181386769,673.737351573834,177.7630642079821,80925.5383558683,686427.7100423421,30514.754863696107,1000650.2154243275,0.0,0.0,22106525.302800033,1798518.218686234
109,104.1447786146201,323.97868036770865,796.0541058045604,192.2796188722903,83613.45914078354,803119.947634795,36054.69674513497,1082365.6922404994,0.0,9646.96249311266,22979402.01719998,2005153.795761213
109,108.86500781224906,274.0655618455211,554.5626609792125,160.72777265823416,87403.13248208034,679388.9012328167,25117.122595043158,904756.4579949026,0.0,0.0,23852278.731600046,1696665.614304843
109,120.17921632340504,221.41085996185248,1735.032715409042,133.1560872395298,96486.83426379444,548861.6660099877,78582.69675493546,749552.0398174652,0.0,0.0,24725155.445999995,1473483.236846183
109,165.69623473057663,261.1896338860266,751.2183406307084,119.56995956235447,133030.53246379294,647470.3979015425,34024.005734446066,673074.0512796335,0.0,0.0,25598032.160400007,1487598.987379415
109,144.81331751167772,202.13921157178964,1804.7305947421676,108.11341584355732,116264.51722183776,501088.62974631484,81739.436836811,608583.7535267788,0.0,0.0,26470908.864000037,1307676.3373317425
109,150.67700442432135,201.5668832196897,1126.6631748966654,126.54643936353617,120972.22463268098,499669.868747453,51028.56553167912,712345.5166262714,0.0,0.0,27343785.578399964,1384016.1755380845
109,157.03895663129728,214.3451100188063,1813.4422279669077,147.98381829013056,126079.96827561504,531346.1778987972,82134.00209535634,833019.1668955515,0.0,0.0,28216662.292800058,1572579.31516532
109,197.20009842399372,192.36786422306162,762.108848029191,180.65509767512103,158323.65857867774,476866.159421647,34517.256053475685,1016929.8285419381,0.0,0.0,29089539.00719999,1686636.9025957384
109,188.47707494417693,192.71668057123202,1274.90224894112,196.56948387545268,151320.31019178734,477730.8501690716,57742.575071332954,1106513.8714963053,0.0,0.0,29962415.721599914,1793307.606928497
109,209.2322986329557,185.49628021797707,1188.4470659236113,169.07570958809896,167983.80567322,459831.99476591113,53826.867102474476,951748.0246875454,0.0,0.0,30835292.425199937,1633390.6922291508
109,161.06590281993007,209.68073659530208,930.6487004089909,139.7550977908635,129313.03387030357,519783.5302104303,42150.72370688589,786698.684196039,0.0,0.0,31708169.13960003,1477945.9719836588
109,252.6502736555934,160.8263094145672,685.8291124051444,124.86978847396215,202842.2702916396,398676.9038281395,31062.41207280877,702907.4419546924,0.0,0.0,32218954.146000046,1335489.0281472802
109,283.26292381035165,227.47066371091924,4864.232849749097,117.67993303474518,227419.87856884085,563883.4855448534,220309.69882150777,662434.8588217606,0.0,0.0,31346077.43159994,1674047.9217569628
109,354.8829218986383,139.1042252028812,1857.4997989406806,124.55979679315269,284920.5604415016,344829.412645054,84129.44731598136,701162.4605460753,0.0,0.0,30473200.71720007,1415041.8809486122
109,435.68841125475507,131.50833035933388,1773.3174150423197,139.0031715887129,349795.8866220904,325999.73329064314,80316.67843431052,782465.9988543593,0.0,0.0,29600324.013600044,1538578.2972014034
109,273.2232004927542,153.19743208051287,1045.5965601828618,167.96777126751624,219359.40730405427,379765.46324172785,47356.91534063234,945511.3032172695,0.0,0.0,28727447.29919996,1591993.0891036838
109,215.06114454546662,187.05671383103078,1699.0790948846495,200.51206973720204,172663.54071156628,463700.1979457651,76954.29376643948,1128707.1736283647,0.0,2974.188867939636,27854570.584800027,1842025.2060521354
109,183.11369415008818,135.50939391332548,1170.7321018040955,161.72383885338402,147014.2775049019,335918.08331391675,53024.52508260065,910363.4374717386,0.0,0.0,26981693.87039994,1446320.323373158
109,171.95689550852703,118.41390272850364,665.5269625906851,136.60258423848612,138056.95348186954,293539.58492148464,30142.89184234049,768952.7965485145,0.0,0.0,26108817.156,1230692.226794209
109,185.81800060344096,166.74107903997742,1593.4508875583062,114.27835760679591,149185.45132801114,413339.19415674964,72170.205655953,643286.9711549666,0.0,0.0,25235940.452399977,1277981.8222956804
109,141.08403985503926,172.3732171418211,1463.0136702283298,90.79260180489754,113270.43716217548,427300.86117845244,66262.47365530157,511082.7547881929,0.0,0.0,24363063.738000024,1117916.5267841225
109,133.30972568719795,131.5214350080795,612.7746753687372,118.56207543945567,107028.7675492818,326032.21877642383,27753.647562923958,667400.5472297627,0.0,0.0,23490187.023599967,1128215.1811183924
109,403.1969322640697,152.18874565705886,1382.68251219553,135.29385359082198,323709.8457552282,377265.0018327707,62624.133596580505,761585.79030145,0.0,0.0,22617310.309200007,1525184.7714860295
109,365.3480318531671,205.64870557103976,3576.5171905991388,169.0267202164413,293322.556731923,509788.41404602054,161986.78176590256,951472.2574716664,0.0,502.0635211112676,21744433.594799943,1916570.0100155124
109,272.4063684321979,187.85337569942587,911.3278558217477,200.80199547034806,218703.60722431203,465675.0656663877,41275.6485237124,1130339.2013424584,0.0,0.0,20871556.88040005,1855993.5227568704
109,135.66343675010108,161.70128050565225,779.8638604296227,166.37122424508212,108918.46309048134,400845.8945038736,35321.41193074069,936524.1430945984,0.0,0.0,19998680.176800024,1481609.9126196941
109,262.74277471425575,202.65415767449224,1266.6939736172565,132.64128564407508,210945.11458323346,502365.1442582199,57370.807781340314,746654.158136095,0.0,0.0,19125803.462400004,1517335.2247588886
109,194.76276137857957,221.72458090348647,865.5465628681536,109.14812480684104,156366.8232560623,549639.3577578863,39202.132889528526,614408.2579120089,0.0,0.0,18252926.748000022,1359616.571815486
109,263.25897451971986,240.31934407406987,1199.34756697135,91.18511916049741,211359.5496794217,595734.4440360661,54320.5700515335,513292.28339971177,0.0,0.0,17380050.033600003,1374706.8471667331
109,154.8638837235255,232.81927763069893,866.9977253381268,93.49245482576676,124333.69379002435,577142.3164231593,39267.85860138818,526280.5604683759,0.0,0.0,16507173.319199996,1267024.429282948
109,178.16338041412465,252.73721638843867,1177.961321091066,127.23471625153041,143039.87897237728,626517.4602256877,53351.94919510161,716219.9121274494,0.0,0.0,15634296.615599973,1539129.200520616
109,332.8880845827967,242.22325000173004,649.994705731752,159.15740691128795,267261.8313560846,600454.0904868403,29439.408490225396,895916.6755014022,0.0,0.0,14761419.901199987,1793072.0058345527
109,239.06705063552198,258.9709580642284,501.4253273806622,200.16098201973074,191936.87226691854,641970.4594247304,22710.438885015083,1126730.8575601997,0.0,8932.339633914642,13888543.186799979,1983348.6281368637
109,343.2986165907087,271.2168815288811,1039.4238726051067,169.5059353308729,275620.0093104346,672327.2267296319,47077.34341568951,954169.8184617803,0.0,0.0,13015666.472399976,1949194.3979175363
109,301.810934376929,239.78683291822392,1102.1869642116492,133.84969326275407,242311.29553934681,594414.3870152999,49919.99471057094,753456.4336781998,0.0,0.0,12142789.75800003,1640102.1109434173
109,276.1389151749184,288.973132007801,522.3926934757245,95.83444666833421,221700.31189558888,716343.700093358,23660.08793598963,539463.9214338757,0.0,4885.021122703678,11269913.054400004,1501168.0213588122
109,184.29648945135648,250.3359107899306,1052.133347075771,64.68915452811505,147963.89406667376,620564.7956110282,47652.97796676907,364143.2302181778,0.0,0.0,10397036.337839996,1180324.8978626488
109,252.33231551284092,296.6992318311181,1021.4631588289068,92.3704596137118,202586.9950821556,735496.1482682846,46263.87095972803,519964.7110220912,0.0,11467.640956121148,9524159.625600014,1504311.7253322594
109,336.97617862049054,287.7231502215311,980.8255489432236,119.71492139577619,270543.9899849802,713245.0847597994,44423.321818417375,673890.0593209442,0.0,0.0,8651282.91336001,1702102.4558841414
109,303.1905534199051,264.2167989169806,502.45662517993884,159.36057447357922,243418.9335987313,654974.5232297347,22757.148184214366,897060.3307701714,0.0,0.0,7778406.2011200115,1818210.9357828517
109,257.85529840400557,297.389232859397,398.6679622970375,193.19978438930988,207021.16557489324,737206.6114045329,18056.376291273747,1087545.4174378237,0.0,0.0,6905529.488880009,2049829.5707085235
109,268.3552078531516,294.77506355080334,377.4308267539278,176.56079671385316,215451.10091478028,730726.272896322,17094.508905427825,993882.5034006969,0.0,0.0,6032652.776640006,1957154.386117227
109,269.81654702885913,318.54760865099485,497.44343904166954,139.67031823302167,216624.34862901273,789656.7097829169,22530.09212781788,786221.4496074254,0.0,16207.955077457358,5159776.063319988,1815032.6001471728
109,285.98303673661013,309.4386602277888,382.3810672761193,105.79302717720725,229603.7427437281,767076.2789584248,17318.71404367368,595521.9995049492,0.0,0.0,4286899.35107999,1609520.7352507757
109,185.4624090610466,332.9027700166269,488.9683491012438,67.25956130827166,148899.96184600051,825242.1267960685,22146.24033249178,378612.3670422512,0.0,4047.188177054748,3414022.6388399936,1374900.696016812
109,177.17220404216266,277.0511535534438,291.6410975176308,71.05766296148337,142244.10518341925,686789.9692703936,13208.940513897762,399992.34974238713,0.0,179663.47411729395,2541145.926599999,1242235.3647100977
109,147.82652122901777,153.03371276974354,219.98299371470247,62.13154570554244,118683.69165625631,379359.61479471694,9963.418402891544,349746.1346759671,0.0,777871.9830984275,1668269.2143600034,857752.8595298319
109,97.48110925144606,68.50788420755444,120.26473578459016,36.92054165497636,78263.47949286265,169826.138914126,5447.002340958643,207830.2831088126,0.0,1386656.0163320827,795392.5022279982,461366.9038567599
109,119.34893613689444,91.70546312835546,151.46713677423136,56.03693381019892,95820.23724977515,227331.27581690802,6860.214203316415,315438.8125493196,0.0,1432678.5417169349,1157484.210120002,645450.5398193193
109,149.8654405505597,164.13744557123061,210.65670991933672,94.6418374691583,120320.65415837034,406884.97324101883,9541.014534173188,532750.5771438822,0.0,982525.5720393425,2030360.9223599976,1069497.2190774446
109,160.26134538370718,275.16009063522074,254.63541802983886,121.68010714451532,128667.0885697814,682102.1597202909,11532.88791640313,684952.3323054146,0.0,364742.3070763869,2903237.6346000023,1507254.4685118902
109,159.94740938761552,354.09772993662204,363.9874531697161,109.33987884658077,128415.0425725532,877782.9146088603,16485.634767004238,615487.6650544823,0.0,0.0,3776114.3468400054,1638171.2570029
109,244.32162690902595,364.3553941831697,308.5833239929886,72.78236419789899,196155.55038397084,903210.9296967438,13976.283880764826,409700.9057433271,0.0,0.0,4648991.059080007,1523043.6697048065
109,246.45775633721902,380.7895566958616,398.51708166004676,78.63063835934254,197870.55878899686,943950.0416705153,18049.542640681724,442621.5623801981,0.0,0.0,5521867.771320008,1602491.7054803919
109,264.2460417830773,410.37800415983816,402.09846370322776,116.718476590674,212152.0244380397,1017297.6840243059,18211.74976021521,657022.7019028447,0.0,28800.497024932527,6394744.484639998,1904684.1601254055
109,217.92494035041273,416.10565503210665,416.1410606257198,153.33904326748188,174962.76182192538,1031496.1203639619,18847.763782205468,863164.3888577623,0.0,1971.5590718564345,7267621.196879994,2088471.0348258552
109,235.85171583269104,360.6606126113401,505.78792365981104,192.0178295136867,189355.41529195788,894051.8307735618,22908.02857737298,1080892.0476493149,0.0,12596.081906414358,8140497.909119991,2187207.3222922077
109,243.9538617978212,384.70519455643375,865.8385386894619,181.26491768440465,195860.287255966,953656.627517369,39215.35699027422,1020362.5805952318,0.0,53199.64831218857,9013374.621359995,2209094.8523588413
109,157.21469313690525,396.2999992652853,609.0668493917665,153.6477626356999,126221.05971895634,982399.318055029,27585.713574255813,864902.2082618629,0.0,13868.948080421193,9886251.333599987,2001108.299610104
109,251.07610421724695,350.58743599698516,401.8787926646516,118.45620546647743,201578.43590872822,869081.1473142217,18201.80047081164,666804.5920928525,0.0,0.0,10759128.045840006,1755665.9757866138
109,257.9643971562937,368.57951347406396,601.2995821363636,94.43096034200546,207108.75637097636,913682.2189181695,27233.92031875978,531563.5237835358,0.0,0.0,11632004.7624,1679588.4193914416
109,127.17277502573809,377.4082787735337,495.7986442766606,93.6531210541404,102101.66817659231,935568.0958435968,22455.59646724912,527184.9704860013,0.0,23254.081901479163,12504881.46600002,1587310.3309734396
109,204.59796688747863,358.10816423308586,1366.503910122465,113.90417817858078,164263.09578070423,887724.4940316582,61891.37612789685,641180.6689986719,0.0,0.0,13377758.180400003,1755059.634938931
109,188.19193401934083,370.0991908740877,1035.5150212193935,149.76041300521211,151091.38254524278,917449.3903645857,46900.304631131956,843019.8376889405,0.0,17561.286604393506,14250634.89480002,1958460.9152299007
109,196.76479462729225,302.06376676856127,454.4216577046284,180.79220666892206,157974.17148289148,748794.4462092309,20581.559649645667,1017701.6319803797,0.0,0.0,15123511.60920003,1945051.8093221479
109,120.67947621871471,343.7190670830764,1432.3895094644345,190.3802741057905,96888.47187705425,852054.9526392691,64875.45131427543,1071674.046266511,0.0,0.0,15996388.323600046,2085492.9220971097
109,243.2136193328051,332.54606790532955,682.5217289349156,148.95481712196224,195265.9777387128,824357.8878065732,30912.61483268468,838485.0390922207,0.0,0.0,16869265.027199972,1889021.5194701916
109,263.51413844370825,288.1968807311897,497.10133936214334,119.17164227960123,211564.41005376226,714419.4287681094,22514.597828985694,670831.8741627499,0.0,0.0,17742141.741599984,1619330.3108136072
109,289.19617458144126,289.67422776872024,496.66855408452204,97.27384286287797,232183.43587358392,718081.6662772977,22494.99621921242,547566.4601618646,0.0,0.0,18615018.455999993,1520326.5585319586
109,102.77610347794182,304.34508840522943,490.5226933265974,102.09988660686358,82514.60748312021,754449.6791748679,22216.639328331436,574732.855687182,0.0,0.0,19487895.170399982,1433913.7816735017
109,99.05048262594106,260.5071562723732,1141.7879255834468,114.51856580838302,79523.46331798118,645778.5847713785,51713.59220936522,644639.1327512789,0.0,0.0,20360771.88480003,1421654.773050004
109,335.0852527473787,209.70191457582777,399.38516104946916,134.4025698849907,269025.845193346,519836.02890754055,18088.859489760336,756568.6443818634,0.0,0.0,28332613.630799957,1563519.3779725102
109,328.95462340314026,209.24815853779333,383.78651820739134,131.0662368029181,264103.8209401799,518711.2001839604,17382.36939919247,737788.0139276246,0.0,0.0,29205490.33439997,1537985.4044509574
109,358.5450487069266,139.23958130764282,475.71973058156743,126.87782084310305,287860.72791150276,345164.9507355383,21546.186994991396,714210.9038505165,0.0,0.0,30078367.048800066,1368782.769492549
109,307.5872340679525,141.58011704868554,531.6782017186536,127.35070360421624,246948.8434282096,350966.9712254364,24080.645007904855,716872.819242708,0.0,0.0,30951243.763199937,1338869.2789042587
109,384.35677099223597,183.79384888494639,358.1611740269884,119.96630205146232,308583.8732805304,455611.7894070781,16221.752292042009,675305.1120394974,0.0,0.0,31824120.477600046,1455722.5270191478
109,392.76410439293215,194.4203021753942,619.7938377066681,116.5668978274567,315333.7673907606,481954.00612480094,28071.55782512051,656169.4463475192,0.0,0.0,32103002.808000036,1481528.7776882013
109,295.89591089831595,186.17844195124525,406.1321165988592,114.1037919111962,237562.37216051924,461523.024851221,18394.441025628814,642304.3193218323,0.0,0.0,31230126.09359994,1359784.1573592015
109,320.6786327261737,192.35197248524406,471.63507030963905,111.75136388922478,257459.37637442126,476826.764941648,21361.185515396697,629062.2118151693,0.0,0.0,30357249.389999915,1384709.5386466351
109,340.77821574640257,252.13901258927297,453.65756698925696,103.06928804911932,273596.48555996775,625034.5558465612,20546.952631319135,580189.735980891,0.0,0.0,29484372.675599996,1499367.7300187391
109,361.1018150149279,191.24402756635965,308.7429745509817,101.02652333793658,289913.44796209387,474080.2488306904,13983.514736571817,568690.7614474939,0.0,0.0,28611495.961200062,1346667.9729768499
109,362.42576026176584,273.9077965278817,379.31662071526466,100.15376437948935,290976.3878739521,678997.8123083934,17179.91984534263,563777.8936159519,0.0,0.0,27738619.24679997,1550932.01364364
109,341.7122692566582,206.64527958058537,1547.3731803451335,93.15443530609366,274346.3978076482,512258.8496483018,70083.26489631331,524377.8068975735,0.0,0.0,26865742.532400046,1381066.3192498367
109,343.3911864391606,223.16424726457214,656.5785505196309,93.8511849205305,275694.3297453537,553208.1875685838,29737.602451556824,528299.8964210041,0.0,0.0,25992865.828800015,1386940.0161864983
109,157.56689551244216,247.47852296834793,364.2261887631783,83.6759380300043,126503.82818155218,613481.5358266585,16496.44752377766,471022.17656189983,0.0,0.0,25119989.114399996,1227503.988093888
109,348.7878506082364,298.2168071818755,1420.5542866108956,79.28600796829603,280027.0842530694,739258.108885103,64339.413163370904,446310.718748557,0.0,0.0,24247112.400000047,1529935.3250501002
109,334.98108130286533,241.72619550409792,923.0994280145318,82.86004286647358,268942.21032527747,599221.9279826384,41808.80382374736,466429.4020460675,0.0,0.0,23374235.68559998,1376402.3441777306
109,329.6662325972074,302.57786376406233,1357.9834369555442,76.93399186985565,264675.14200940524,750068.8558451904,61505.46884606969,433070.9300102608,0.0,0.0,22501358.971200038,1509320.396710926
109,317.3939058383213,250.13175262572338,876.900153515632,76.66094602538429,254822.20741521314,620058.7021422813,39716.357066978766,431533.92127164395,0.0,0.0,21628482.26760001,1346131.187896117
109,315.36888769857205,285.897298006499,1290.9983489657222,60.93160867666792,253196.40558683898,708718.9278729907,58471.595876495245,342991.54112871544,0.0,0.0,20755605.55320004,1363378.4704650403
109,189.80907592323788,279.72073304866296,842.0361476177702,62.41765473735437,152389.71771196966,693407.6656631747,38137.304649809754,351356.6777074626,0.0,0.0,19882728.838799987,1235291.3657324165
109,297.70384210362715,336.1232172618463,2455.1471888113683,65.56355862371029,239013.8840267456,833225.3848919584,111197.95339513895,369065.3587296528,0.0,0.0,19009852.1244,1552502.5810434958
109,303.0310582573281,331.2453755396961,692.4741510673146,60.929691974809586,243290.88164608728,821133.5645782951,31363.37761281072,342980.75177753053,0.0,0.0,18136975.409999963,1438768.5756147238
109,287.8401171708586,292.37084060138176,2443.4920334140384,67.96198302338368,231094.7144571039,724766.3763776673,110670.07081742969,382566.3855200336,0.0,0.0,17264098.706399966,1449097.5471722344
109,275.65980462594746,364.95972059347713,502.6173304804423,60.812201246481465,221315.65420229695,904709.0115904337,22764.426811172936,342319.38197534066,0.0,25847.390373862814,16391221.991999952,1491108.4745792442
109,277.9532130312789,376.79449538061004,667.6510886928447,68.664660930041,223156.93527796087,934046.5707672415,30239.097265945948,386521.8461316255,0.0,9656.14301704301,15518345.277600035,1573964.449442774
109,260.38062961134597,334.2899064343462,809.2259064954726,83.52023290429675,209048.64770631387,828680.7386389732,36651.270867465784,470145.69320313167,0.0,0.0,14645468.563200025,1544526.3504158845
109,216.8319247665454,360.4878484189983,2280.9586056461126,89.5720764537228,174085.22561629268,893623.5607128614,103308.64474552072,504212.2670351526,0.0,0.0,13772591.84880001,1675229.6981098272
109,275.48269733704524,332.1705839225974,964.0042540127652,83.04907946183204,221173.462214747,823427.0899028121,43661.45565485405,467493.5123589231,0.0,0.0,12899715.134400023,1555755.520131336
109,189.65952717383274,355.24029586830505,1148.2160065681155,86.3602563187453,152269.65131580195,880615.2537312405,52004.73135288004,486132.5353187305,0.0,0.0,12026838.430800004,1571022.1717186533
109,227.48168264303717,363.51014281351695,1000.8181542148382,90.08085856024056,182635.46795115207,901115.61208213,45328.82222970502,507076.26427079533,0.0,0.0,11153961.716399992,1636156.1665337824
109,219.59451520778524,380.0033598404046,625.5681966650316,98.26400499090632,176303.19320001657,942001.1159675381,28333.088743211723,553140.2049166093,0.0,0.0,10281085.003080016,1699777.6028273758
109,141.11121127558792,388.90741885431686,755.1947245961172,94.83662130050278,113292.25195204842,964073.6406190803,34204.103188839734,533847.0393570221,0.0,0.0,9408208.290840006,1645417.0351169906
109,239.42536098123705,410.9981524828434,674.9721953061771,103.72776711339763,192224.54456167686,1018834.9873065235,30570.68311778415,583896.3958568233,0.0,23151.556959099136,8535331.577519983,1825526.6108428077
109,172.02452048617832,373.3316421136442,2609.367530523439,103.21916198924866,138111.2467299897,925462.4055027985,118182.86511384684,581033.3948767652,0.0,0.0,7662454.865279983,1762789.9122234
109,142.7448400054403,373.68782507161177,1103.0376129236543,115.80492118161455,114603.82369737975,926345.3575483672,49958.52209347664,651880.1858185818,0.0,0.0,6789578.153039984,1742787.8891578056
109,166.01468052202154,413.4703778105825,2343.616347752548,121.71206612497075,133286.19918588625,1024963.4568511914,106146.52457543398,685132.2333485247,0.0,4887.524758083862,5916701.440799987,1949528.4139610361
109,169.01125689514856,396.07863055677507,2210.1287788986488,121.59406054685117,135692.02422550585,981850.560879449,100100.63676557415,684467.9653933522,0.0,18968.652879692963,5043824.728559989,1902111.1872638813
109,139.22265451645802,372.29178063004605,1018.5089121165456,129.76848946378962,111776.00922231072,922884.6633522752,46130.0679072121,730482.8340790936,0.0,119.82752816553693,4170948.016319991,1811273.5745608918
109,130.3657064055558,341.508656754264,669.4372536656158,120.63233781194441,104665.1383862091,846575.5037276542,30319.99583296603,679054.3094904759,0.0,100741.14891249698,3298071.3040799946,1660614.9474373055
109,118.36519821900733,244.13831684171535,464.30061158268086,100.38654599814326,95030.4354824982,605201.4040400054,21028.99492274481,565088.2500608674,0.0,449938.6730923314,2425194.591840001,1286349.0845061159
109,101.88973563608674,157.45525664244354,297.2532443356056,70.4809609764796,81802.98005143781,390320.30541632645,13463.124557590054,396746.02313285874,0.0,830057.3615909984,1552317.879600004,882332.433158213
109,66.94929034728919,73.27021012887352,136.18765662216884,33.853258026543905,53750.76722446147,181631.60382993045,6168.179554805759,190564.16521624857,0.0,1259343.6765972238,679441.1671440006,432114.7158254463
109,90.85263065416336,125.6124041565639,248.67765560181266,61.772933899881764,72941.75302964417,311384.15445732925,11263.050331173992,347727.464587291,0.0,962140.254231805,1273435.5448800004,743316.4224054385
109,102.80077657293113,194.87363492580894,399.36311554367796,95.85598595532005,82534.4164725598,483077.78554868465,18087.861009857905,539585.1687371808,0.0,605282.2646185345,2146312.2571199974,1123285.231768283
109,108.25425279673048,266.0750924560253,555.68604388623,130.79611300900123,86912.78298770903,659581.0998355589,25168.002591447734,736267.4537720126,0.0,243314.56875612377,3019188.9693600023,1507929.3391867285
109,125.84133197291506,313.83824300445843,637.8574831128619,151.73848621429678,101032.70859190248,777982.5295956691,28889.692236441373,854154.6557773586,0.0,22253.441034159856,3892065.6826800103,1762059.5862013716
109,142.856766904942,288.36269937044557,930.5479873167658,156.598840034797,114693.6850938197,714830.4813000998,42146.162233021285,881514.1869555098,0.0,0.0,4764942.394920006,1753184.5155824507
109,123.88509891183331,299.7350656160034,1043.5866747708824,163.22436949507548,99462.13140792404,743021.7628166797,47265.88407970047,918810.1095436297,0.0,0.0,5637819.10716,1808559.887847934
109,144.7163729484632,300.84505485013614,696.2939613239236,167.01926752174805,116186.6845125739,745773.3466387388,31536.38356733287,940172.0586348107,0.0,17575.718170241104,6510695.819399996,1833668.4733534562
109,139.3547924227961,299.19225864404433,839.5763527060485,172.10925405764968,111882.09718542823,741676.1832050805,38025.89619283343,968824.2206930533,0.0,9460.045723421266,7383572.531639993,1860408.3972763955
109,130.26584852137816,285.37194114608786,681.1869581752463,174.84551610319514,104584.96669416998,707416.6058382689,30852.16070699996,984226.9772641765,0.0,0.0,8256449.24387999,1827080.7105036154
109,230.94188280015817,287.98892353285027,978.4292172641649,177.71767041353166,185413.51701232462,713903.917765808,44314.78772336124,1000394.6881560609,0.0,13625.193730549421,9129325.956119988,1944026.9106575549
109,257.6481551715529,261.78392055797406,835.1395038651029,181.31638046071436,206854.85899252427,648943.592002811,37824.94347077867,1020652.2709109904,0.0,0.0,10002202.668360002,1914275.6653771044
109,237.09803813971953,268.33709157423215,764.8480865054055,185.9270082827973,190356.03501270828,665188.4336616686,34641.32100314729,1046606.0636404563,0.0,0.0,10875079.386,1936791.8533179804
109,267.4502533276748,239.9982629050418,788.1369228800124,192.92526961729445,214724.5510171592,594938.5068115435,35696.11354414534,1086000.1399248696,0.0,0.0,11747956.089600023,1931359.3112977177
109,267.4107040864657,221.85929702309068,731.0628440322356,193.05911225737674,214692.79859607894,549973.3093709964,33111.12768720445,1086753.556655325,0.0,0.0,12620832.803999973,1884530.7923096048
109,288.9631342822934,228.2678752159438,785.594115565641,197.7834227857314,231996.33762641152,565859.7157753195,35580.94530880496,1113347.2833611073,0.0,0.0,13493709.518399984,1946784.2820716433
109,321.03552759233156,254.90608941245134,786.4954815135615,200.8746320662243,257745.91224022277,631893.9411333036,35621.769764921315,1130748.0817003385,0.0,0.0,14366586.232799985,2056009.7048387863
109,169.6732829565277,223.50066642362478,612.081664541683,197.54524559512163,136223.53708452388,554042.1465719818,27722.25987830762,1112006.5545761108,0.0,0.0,15239462.947199969,1829994.4981109241
109,161.44726645811465,242.25259902885253,580.4526852931838,194.88938800702027,129619.21468323824,600526.8446233132,26289.727533021556,1097056.404613796,0.0,0.0,16112339.650799992,1853492.1914533689
109,161.64503722059527,197.19208018098473,673.462209233803,189.53488208817637,129777.9965039679,488825.0453060786,30502.293181055156,1066915.230320619,0.0,0.0,16985216.3652,1716020.5653117206
109,175.0901752981902,227.52922574767683,714.9030294949694,184.04362745971582,140572.53194057554,564028.6566401883,32379.221139206813,1036004.2806731154,0.0,0.0,17858093.079600018,1772984.690393086
109,204.40045589247126,218.8130695540273,782.2196673830309,181.44208906736569,164104.52251634485,542421.9296238441,35428.11058938195,1021359.9001639335,0.0,0.0,18730969.794000003,1763314.4628935046
109,409.85268181148007,188.41529986387266,597.6386183418058,177.23628999369762,329053.4669164293,467068.0354291296,27068.10880111891,997684.9383947472,0.0,0.0,19603846.50840002,1820874.549541425
109,184.25895355318283,207.9333855223477,519.5353648626796,172.7773187561831,147933.758073972,515451.97203315154,23530.674475405303,972584.8392865915,0.0,0.0,20476723.212000046,1659501.2438691203
109,437.837854271503,143.37688290672327,550.6532625008153,168.10891387351288,351521.5839469783,355421.0251162093,24940.059031691464,946305.8123563043,0.0,0.0,21349599.926399942,1678188.4804511834
109,242.53662530276446,178.17330716571752,569.4608898471831,164.33437178442438,194722.44772768053,441678.8689874289,25791.889699386407,925058.4493486801,0.0,0.0,22222476.640800003,1587251.6557631758
109,191.57310672253817,197.7984816986206,700.4681539588644,162.24940289095034,153805.98379004333,490328.27124223165,31725.440125814483,913321.9022672975,0.0,0.0,23095353.355199963,1589181.597425387
109,239.9798761195138,115.24371199221991,585.106836090031,157.96652549342468,192669.74142583093,285680.90911224065,26500.522244540392,889213.0571055388,0.0,0.0,23968230.06960002,1394064.2298881507
109,257.235859223606,123.45815952296782,579.547866340996,152.91652889461074,206523.8439300684,306043.93628197716,26248.746684241927,860786.0033359042,0.0,0.0,24841106.77320005,1399602.5302321916
109,213.88029632257727,105.61640143844312,420.19012641562426,150.35012170442204,171715.48737706945,261815.49568738934,19031.153124828805,846339.3806971078,0.0,0.0,25713983.487600002,1298901.5168863954
109,273.04165043696105,113.8728006523769,387.56703366925166,146.45635926739422,219213.64840597028,282282.5180754692,17553.595623043053,824420.9116451545,0.0,0.0,26586860.20199994,1343470.673749637
109,265.80952276765686,125.94813338454182,599.9362582204432,141.72760396825174,213407.27751131455,312216.403171001,27172.17297018701,797802.1647763469,0.0,0.0,27459736.916400023,1350598.0184288495
109,80.38709398254217,155.719279719051,211.46006090868036,65.15883407067291,64539.414146030394,386016.94294127764,9577.399719664336,366787.1142980057,0.0,1018741.5048174008,1427213.01132,826920.871104978
109,56.645342210160045,64.45868079179057,84.05666433552221,26.500648143070645,45478.160973689206,159788.4536209457,3807.0748205762143,149175.4172409074,0.0,1485761.3844216936,554336.2987559993,358249.1066561185
109,78.20999583714408,150.32299077528782,210.46604908718098,65.5043982509319,62791.51368239482,372639.9290926551,9532.379168267245,368732.33769387676,0.0,1044561.3433767855,1398540.4131600033,813696.1596371939
109,102.00357358548119,225.58418798290742,334.756121868883,101.5397864042283,81894.37574939772,559207.0473107832,15161.696132904835,571579.9825584287,0.0,645172.6400041457,2271417.1254000035,1227843.1017515142
109,129.18158565840818,297.6522465947336,480.37365289183737,135.9175669127161,103714.45767973071,737858.6036193015,21756.971357949504,765096.7495251623,0.0,265960.80522879475,3144293.8387200083,1628426.782182144
109,152.64830508890623,345.8980619940703,960.2580995825224,158.186042543618,122554.89896129421,857456.5249798555,43491.785702826935,890448.7456584107,0.0,0.0,4017170.5509600085,1913951.9553023875
109,234.3897793133133,332.65884464594507,742.8654334273517,165.15736222505524,188181.6879956357,824637.4532703091,33645.6878111274,929691.1640545084,0.0,0.0,4890047.263200008,1976155.9931315808
109,247.14501792746123,323.993090296445,844.8837153997764,169.44749015151785,198422.33219193804,803155.6688161981,38266.27602511305,953840.8233380031,0.0,0.0,5762923.975440008,1993685.1003712523
109,179.5793355420244,330.2868447932092,709.3650981151446,172.4127573921531,144176.68974490708,818757.4355007546,32128.398443815848,970532.6783999791,0.0,0.0,6635800.687680008,1965595.2020894568
109,239.49928739359598,331.1231982995811,998.5210464582776,177.5781282224876,192283.89696648702,820830.6959494953,45224.782161385825,999609.1879502047,0.0,0.0,7508677.399920007,2057948.5630275728
109,245.52414993414652,299.3851162245382,709.8727571962227,186.46624145434265,197121.0055048544,742154.2633360676,32151.39122041824,1049641.4736772652,0.0,0.0,8381554.112160007,2021068.1337386053
109,287.60108000009126,315.77154386152006,953.6464048086137,193.47802458516546,230902.80157412545,782775.0439713786,43192.33036642899,1089111.6658211034,0.0,0.0,9254430.824400006,2145981.8417330366
109,236.68070301945667,304.2752744332012,945.9773753774095,192.68191397534477,190020.97421090622,754276.6153377789,42844.986475535894,1084630.260998521,0.0,0.0,10127307.536639988,2071772.837022742
109,259.1317630713079,287.44462817202776,673.1539365047917,197.0181556510968,208045.98532797064,712554.648544804,30488.3309645698,1109039.500264877,0.0,0.0,11000184.25320002,2060128.4651022214
109,303.1251676249209,305.73209201704105,1071.5981580661212,197.81190796925418,243366.438096124,757887.9618014381,48534.573642667434,1113507.6299727922,0.0,0.0,11873060.956800016,2163296.603513022
109,258.1076704962643,289.84590700533624,2576.8298886045814,198.69556095205348,207223.78450505037,718507.2468104505,116709.17783099494,1118481.8216111853,0.0,0.0,12745937.671200024,2160922.030757681
109,288.9559720225541,265.9037897842019,1078.996568549683,204.6872337575268,231990.58734953697,659156.4527795601,48869.660723351786,1152209.6869034609,0.0,0.0,13618814.385599965,2092226.3877559097
109,340.88112615269114,243.37268870410415,644.5225133307845,197.57019278377862,273679.1079935245,603303.4667155859,29191.563229320032,1112146.985378286,0.0,0.0,14491691.099999974,2018321.1233167164
109,300.7529975919948,241.73934919156497,609.5679224389575,191.70964865702237,241461.92262485862,599254.5350318977,27608.408057748704,1079157.259593175,0.0,0.0,15364567.814399976,1947482.12530768
109,331.73089695100674,263.7701194593263,1295.3960631178863,190.7584394418642,266332.774114272,653867.2368421437,58670.77611936054,1073802.7855898016,0.0,0.0,16237444.51799998,2052673.5726655778
109,355.79915220352837,259.7938981271864,1296.5500036889782,189.13707931611364,285656.1631877992,644010.4689078213,58723.0401263536,1064675.9494478768,0.0,0.0,17110321.23239999,2053065.6216698508
109,214.74176709863926,214.83628865124695,1421.4933898195663,183.23230098596153,172407.12600258118,532563.7745539763,64381.94680669253,1031437.2238755805,0.0,0.0,17983197.946800016,1800790.0712388305
109,284.3439533049372,266.61206727957995,1401.575823858497,177.4153249210244,228287.79164790158,660912.2219689194,63479.84505834242,998692.7480845508,0.0,0.0,18856074.661200013,1951372.6067597144
109,220.18734860787882,263.40957151284454,522.4161448728844,171.9334651106929,176779.15418371063,652973.464302637,23661.150091195774,967834.6830271427,0.0,0.0,19728951.37559999,1821248.4516046862
109,200.818393691779,200.92156035022347,1127.4928372683362,165.35278282889004,161228.6355497439,498070.15956737666,51066.14240615703,930791.2107385421,0.0,0.0,20601828.090000037,1641156.1482618195
109,232.95489917804716,200.11544718741342,1022.0792981985417,162.99457722944834,187029.6831312732,496071.8627647323,46291.777000238275,917516.5805356373,0.0,0.0,21474704.793600045,1646909.9034318812
109,354.66602711830234,220.84747126403417,1145.3196626062818,163.78626070381517,284746.4247517943,547465.0657738971,51873.55081822533,921973.0644666646,0.0,0.0,22347581.507999934,1806058.1058105812
109,252.1361058536469,190.32220413461806,578.6532209575324,158.18779472044915,202429.4666055456,471795.11455769266,26208.226614362236,890458.6088779236,0.0,0.0,23220458.222400002,1590891.4166555242
109,221.03242205149093,163.23073720791635,520.5414181383741,151.15451123257327,177457.6280811865,404637.30814022117,23576.24040553508,850867.3885721737,0.0,0.0,24093334.93679996,1456538.5651991165
109,284.60214828694745,157.1007376042079,463.9825318787904,146.6042041862381,228495.08553114615,389441.4781086153,21014.588531042373,825253.1489299338,0.0,0.0,24966211.651200037,1464204.3011007374
109,311.94316548226226,212.6822180552007,1705.1849420253711,143.33265021140292,250446.03741311588,527223.987805247,77230.8383699101,806837.1680608095,0.0,0.0,25839088.35480005,1661738.0316490824
109,421.8658245285313,127.60859990410188,455.7443340388749,138.33841260495188,338698.3135528746,316332.580762455,20641.465997437223,778723.9885370334,0.0,0.0,26711965.069199998,1454396.3488498004
109,435.6110997378001,127.29112748947144,750.930138120424,134.05579533991246,349733.81645928416,315545.5893816515,34010.9525336225,754616.607693127,0.0,0.0,27584841.783599928,1453906.9660676853
109,489.79079979639465,151.24866930299848,611.8886098129475,133.49953954389767,393232.41713203315,374934.6198724862,27713.516088596567,751485.3752034463,0.0,1237.4644660007907,28457718.498000022,1547365.9282965623
109,144.19525056948171,110.43521320092329,1833.961128457853,129.07489692551246,115768.29728930703,273760.984958327,83063.33934687007,726578.5161267899,0.0,0.0,29330595.21239995,1199171.137721294
109,157.24257286067342,193.19598455851954,1855.8715900572968,120.7051265812759,126243.44317567068,478919.0104292918,84055.70285929169,679464.0464515063,0.0,0.0,30203471.91599996,1368682.2029157605
109,170.23474081795482,161.35327355672322,638.5380807738628,116.91387228478723,136674.30796886585,399983.2101992051,28920.517706838305,658122.608366983,0.0,0.0,31076348.630400065,1223700.6442418923
109,202.83585110529768,172.743651180033,426.0395024658888,112.52282046261212,162848.36718926975,428219.1406313881,19296.081699535913,633404.8360256036,0.0,0.0,31949225.344799932,1243768.4255457975
109,180.44685410944078,137.00145463098542,506.7220061213033,111.97839675503998,144873.18388753667,339616.79498245905,22950.33482218534,630340.2078212496,0.0,0.0,31977897.94079996,1137780.5215134306
109,176.13945757184578,224.39269833869423,539.7811383074995,105.22564043864398,141414.9565122394,556253.4298086012,24447.64132049925,592328.1095666661,0.0,0.0,31105021.22640004,1314444.1372080059
109,173.5621354220557,171.55214879716013,445.0132997069046,105.69633755654617,139345.73304150213,425265.49155098107,20155.43849531187,594977.7217036248,0.0,0.0,30232144.52280002,1179744.3847914198
109,170.09831551680907,209.73531127084388,322.6667719650087,96.40912221479726,136564.7778369201,519918.8169228571,14614.148118954858,542698.8409708979,0.0,0.0,29359267.808399923,1213796.5838496299
109,169.7199795642803,187.57150509830828,614.4421419842713,94.42792679076665,136261.02782535867,464976.3286317396,27829.170071654637,531546.4475494253,0.0,0.0,28486391.094,1160612.9740781782
109,190.5040383220345,203.74618224942017,298.03346405503765,91.69496985312438,152947.67376996067,505072.1949766086,13498.462087003669,516162.29583837284,0.0,0.0,27613514.379600063,1187680.6266719457
109,439.90592184059176,272.965473781112,344.1849276554476,85.27067565569496,353181.94835015456,676661.8617014528,15588.743403717888,479999.1513671135,0.0,18099.47307339206,26740637.665199973,1525431.7048224388
109,427.91070623941584,199.7962938651876,338.8802568071357,82.85428877295791,343551.49464046647,495280.7045343742,15348.485489872519,466397.01154390286,0.0,0.0,25867760.961599957,1320577.696208616
109,412.82598259315563,256.30704799896057,335.1081236422078,81.8140200687114,331440.6049633768,635366.8171427953,15177.638915058002,460541.21069100156,0.0,0.0,24994884.247200012,1442526.2717122317
109,274.2089765884345,196.70973001588982,412.34974991933245,77.77715014113872,220150.84543849144,487629.333789219,18676.048622659593,437817.17192252376,0.0,2724.52347049932,24122007.532799933,1164273.3997728939
109,392.5934624406546,224.81657314224705,1469.5487326238908,71.5629637468737,315196.76614985097,557304.185091778,66558.45817590693,402836.7501919841,0.0,0.0,23249130.81840005,1341896.1596095199
109,372.43681967900477,279.78328279594524,535.2276256301885,66.98583796649736,299013.8460996471,693562.7220073295,24241.4046871995,377071.54458774714,0.0,0.0,22376254.103999987,1393889.5173819233
109,251.3056197904041,297.24164956443593,435.9378354773642,65.73109168732637,201762.70430176368,736840.7629851666,19744.39468782257,370008.4230098792,0.0,30007.10454933194,21503377.389600024,1328356.284984632
109,340.9459449400456,226.42328551307182,406.68301627462904,59.62284839632651,273731.1482695721,561287.1099979985,18419.392245152765,335624.36807565537,0.0,0.0,20630500.686000016,1189062.0185883786
109,326.27820460541767,282.71538949121015,508.3442137092089,57.36054227295445,261955.03694194317,700831.2045287353,23023.807469601034,322889.56785270566,0.0,0.0,19757623.97159997,1308699.6167929852
109,318.7980080465534,290.03541374348515,662.2552378625985,61.340016150669285,255949.50197744876,718977.0204432274,29994.70964964204,345290.5171767556,0.0,0.0,18884747.25719999,1350211.7492470737
109,261.8484532689113,278.2892188718429,1467.2132296613404,65.57848950362241,210227.1015380885,689859.0445334715,66452.67912088023,369149.4064943958,0.0,0.0,18011870.542799994,1335688.231686836
109,290.68266024755485,279.52763237472027,497.3698765966724,70.22545561514863,233376.87264651016,692928.9829209365,22526.760354730017,395307.75193745026,0.0,0.0,17138993.82839997,1344140.3678596271
109,262.73505638748304,282.7097488071156,1345.194248756821,73.914184744195,210938.9178635435,700817.2216768096,60926.22391942568,416072.0632080055,0.0,0.0,16266117.12479997,1388754.4266677843
109,256.7977152704623,273.9136484903064,478.528865273565,74.10310595660745,206172.07659222107,679012.3189041693,21673.417667753074,417135.52401602553,0.0,0.0,15393240.41039996,1323993.3371801688
109,254.74451806627525,339.0384917660967,470.89536579138354,86.97317087460738,204523.65097910864,840452.1416172382,21327.68299101771,489582.70695642533,0.0,24705.320681207,14520363.696000034,1555886.18254379
109,231.6334804060253,315.75467705581934,445.36643353515734,82.73645678235569,185968.77161970173,782733.2323679244,20171.43255023259,465733.72073427757,0.0,0.0,13647486.981600018,1454607.1572721363
109,214.02811226569574,321.1032673968146,1122.033831000744,93.22711349921025,171834.162576006,795992.0047961123,50818.894368526584,524786.9214114507,0.0,0.0,12774610.26720001,1543431.9831520957
109,115.06431708549987,325.320491740937,705.0845865872999,92.72297882003322,92380.29695940988,806446.2019382565,31934.52651485379,521949.0851175671,0.0,0.0,11901733.563600011,1452710.1105300873
109,102.72551063355209,347.9192152507306,1105.076625542923,102.0379684354363,82473.9886178879,862466.8191628202,50050.8725770822,574384.310662638,0.0,0.0,11028856.849200008,1569375.9910204285
109,159.0861678540472,322.7777333080905,472.88707152952736,99.29108052908093,127723.58799619049,800142.8858770953,21417.89086240573,558921.7398103205,0.0,0.0,10155980.134799996,1508206.1045460121
109,97.01963501895018,352.8347966526108,738.9723592878164,278.81459169461857,77892.9812557297,874652.1934398927,33469.363605921004,1569481.7283091042,0.0,0.0,9283103.422560006,2555496.2666106476
109,128.55186601835686,338.1947686998541,783.4171564330452,114.15983807426015,103208.88228657137,838360.6125573323,35482.346983917276,642619.8100869894,0.0,0.0,8410226.709240014,1619671.6519148103
109,115.30386847817527,364.3870788108183,508.65871174585504,110.81383363426929,92572.62268951394,903289.473619662,23038.051641266673,623784.7383660708,0.0,0.0,7537349.997000013,1642684.8863165134
109,108.89196222675908,389.04970657126495,926.395651356065,120.47655567383997,87424.77304693896,964426.3616797831,41958.09560192756,678177.3926194262,0.0,13495.153969892533,6664473.2847600095,1771986.6229480756
109,157.9748412643624,378.84339309962706,856.796021164292,122.47981081800846,126831.35065472446,939125.641485532,38805.80539722885,689453.962926612,0.0,0.0,5791596.5725200055,1794216.7604640974
109,149.962351142764,381.39522224974087,662.0572976548812,127.31832037760793,120398.45959373994,945451.4432052202,29985.744587957317,716690.5300656728,0.0,0.0,4918719.860280001,1812526.1774525903
109,212.89701810527114,382.7465604094837,827.9737491063851,127.19320999701783,170926.0546840395,948801.313730212,37500.39377887744,715986.2683010194,0.0,0.0,4045843.1480399943,1873214.0304941484
109,115.11902282357913,339.8126642124037,465.7387495492973,123.65219834759525,92424.2178938677,842371.2596710334,21094.13073183861,696053.4769441541,0.0,205333.2668374315,3172966.435799995,1651943.085240894
109,101.2000366030042,242.76249709508093,334.0570782303837,99.95966430996316,81249.2497282357,601790.8454143024,15130.035211600705,562685.2803824288,0.0,588013.1560068193,2300089.723559997,1260855.4107365678
109,190.76425676113595,236.97167890719197,946.7071532648421,143.9539112480474,153156.59220173344,587435.8218228071,42878.03940526872,810334.3230683631,0.0,0.0,28858915.75320003,1593804.7764981724
109,221.91289090249916,311.0085647798892,2008.1264815617928,131.82425329992572,178164.51946141527,770967.9599179358,90951.59586597353,742054.9822902897,0.0,0.0,29731792.456800047,1782139.0575356144
109,231.2976614585408,229.06318437683393,471.7809918885495,124.89197601893935,185699.15672188625,567831.2302309084,21367.79456148769,703032.3383821931,0.0,0.0,30604669.171199974,1477930.5198964756
109,268.2341418579303,288.87870086559286,1962.055824136064,126.94541011331914,215353.9021230652,716109.6120542957,88864.9744036612,714591.3721896703,0.0,0.0,31477545.885600023,1734919.8607706926
109,268.9411212803662,327.32845645842195,425.35870569728246,119.1577946627433,215921.50614352175,811423.8026770728,19265.24721120379,670753.924219359,0.0,0.0,32350422.599999946,1717364.4802511572
109,226.21964939822738,262.3504055444562,670.6687216929038,114.82787685105542,181622.23457975383,650347.8677167655,30375.771195408666,646380.2827638661,0.0,0.0,31576700.68559995,1508726.1562557942
109,205.7445957322644,251.209272147619,553.9111319639492,125.75203099767613,165183.6758168663,622729.7958729494,25087.61369496377,707873.6939449146,0.0,0.0,30703823.981999934,1520874.779329694
109,186.53521508664124,364.00133985874515,639.6187171001175,106.43189121173752,149761.2726479465,902333.2543812909,28969.461635084877,599118.2439589243,0.0,0.0,29830947.26760001,1680182.2326232465
109,184.4310935480935,322.5801881770606,1185.322838255064,111.3056573460195,148071.96203025692,799653.1856440178,53685.365312167916,626553.2747057562,0.0,0.0,28958070.553199917,1627963.7876921988
109,186.77288720466532,296.7801546288494,373.60863748926437,115.44619051460884,149952.08958753446,735696.7500887583,16921.395201428182,649860.8466447331,0.0,0.0,28085193.838799987,1552431.081522454
109,185.68395456713483,318.40637494872067,421.7273903070441,105.92641148748865,149077.83140765832,789306.6015491098,19100.778522170825,596272.8362404206,0.0,0.0,27212317.124400053,1553758.0477193594
109,295.14053078965094,319.05164285766335,1037.2460844451218,106.7105122573738,236955.90926634634,790906.1744859841,46978.70754268683,600686.6361925971,0.0,0.0,26339440.420800034,1675527.4274876146
109,176.36420803336702,390.4749567223878,989.6252895396594,95.75319146980515,141595.39919771304,967959.4547383668,44821.877615475525,539006.5258985617,0.0,0.0,25466563.70639995,1693383.2574501173
109,150.84089748758097,378.4827222605201,816.7854250220089,102.70273085518085,121103.80747466892,938231.5643040081,36993.654816026705,578126.340321539,0.0,0.0,24593686.99200007,1674455.3669162428
109,135.36364095838255,362.6314975280216,1300.3202671995493,100.00167122527463,108677.76966816206,898937.513341572,58893.8020212194,562921.742490252,0.0,0.0,23720810.277599994,1629430.8275212056
109,344.1055541409033,357.72936524498493,308.26779894191895,98.93759644570719,276267.86550428206,886785.4784669845,13961.993193801643,556931.9343029,0.0,0.0,22847933.56320004,1733947.2714679681
109,343.38566944441607,371.67919545614006,196.57492364189372,84.09193421297032,275689.9003824919,921366.1085750569,8903.22555706607,473363.87038876594,0.0,0.0,21975056.859600026,1679323.1049033809
109,169.8404879620333,365.2002417588622,206.1465710200671,98.00086727635676,136357.77894553656,905305.2463350468,9336.74237590418,551658.9702634858,0.0,0.0,21102180.145199977,1602658.7379199734
109,349.24627096012773,423.96520069730013,756.4539660202649,81.75008798665829,280395.1306580074,1050979.3712244793,34261.13645749007,460181.3291151297,0.0,0.0,20229303.430800002,1825816.9674551066
109,134.18654729755676,356.33300679277147,245.57488484790966,92.51503336455005,107732.73071351093,883324.0058609837,11122.520362437028,520778.5344986698,0.0,0.0,19356426.71640002,1522957.7914356014
109,155.61425647421927,408.3158002031543,702.0186090158172,98.73040231279754,124936.13648724934,1012185.6280957353,31795.662974346742,555765.6129714443,0.0,0.0,18483550.001999978,1724683.0405287757
109,314.3805001287475,433.0975958515148,823.9880411390144,98.07990858784198,252402.87080973224,1073617.9248160576,37319.87402396332,552103.9035555479,0.0,0.0,17610673.298399977,1915444.573205301
109,269.9665883336582,444.2657398760925,546.6250288080415,95.97485604039133,216744.81047717383,1101302.9540717376,24757.61321154874,540254.3031086209,0.0,0.0,16737796.58399997,1883059.680869081
109,213.58171583181576,402.08346040063844,619.2223494895588,93.52869674486624,171475.76966873475,996736.1040401467,28045.674114187987,526484.570701412,0.0,0.0,15864919.86959996,1722742.1185244815
109,269.4411312962152,433.5200657239221,432.808852292363,97.34019998754547,216322.94313908042,1074665.1973755355,19602.67751177481,547939.9926017409,0.0,0.0,14992043.155200038,1858530.8106281315
109,192.9098759179247,409.75593483704716,466.06109633945505,95.37699761022527,154879.2195104121,1015755.6187211876,21108.73038741624,536888.8842596357,0.0,0.0,14119166.440800022,1728632.4528786517
109,287.8788526504524,390.401773127245,1718.4818561573059,101.03764797488186,231125.8135432357,967778.0378468847,77833.07910100772,568753.383401078,0.0,0.0,13246289.726400014,1845490.3138922062
109,180.80996996964723,373.07239110071384,844.4376475058051,109.79772773805074,145164.71432760888,924819.7408074162,38246.07282218048,618064.9529400308,0.0,96.85513112857006,12373413.022800015,1726295.4808972366
109,263.7751822210489,379.7419336364151,570.3247301451651,109.25925571523207,211773.99111486756,941353.0591292916,25831.014552524983,615033.8275032919,0.0,0.0,11500536.30840001,1793991.892299976
109,169.38794240178527,364.063743203113,495.2483731415945,114.84681851608086,135994.44916353028,902487.9478031052,22430.67371544401,646486.9077327405,0.0,0.0,10627659.595079996,1707399.97841482
109,311.17623206846423,384.3716229053645,500.3809869176877,117.34931329608997,249830.29885654742,952829.7272823439,22663.13886053601,660573.7595310678,0.0,2045.827494329773,9754782.882839978,1885896.924530495
109,179.28351788075273,366.5810543509073,441.8597626820311,124.9759837515266,143939.19019607813,908728.1818669715,20012.609232479976,703505.2282712446,0.0,15239.700800621067,8881906.16952,1776185.209566774
109,194.57656319788586,343.1838080709292,524.0012596503649,126.83170732602932,156217.33257414214,850728.0838795137,23732.942739699894,713951.325174826,0.0,0.0,8009029.45728,1744629.6843681815
109,180.35490174811613,316.3105198707718,576.0387851564304,131.5325813881464,144799.359207041,784111.126900772,26089.814198320382,740413.125121279,0.0,0.0,7136152.74504,1695413.4254274124
109,294.5364068096258,319.53150474892414,662.4740819364895,133.18328431836,236470.88355126255,792095.7177502011,30004.621484354124,749705.1355289484,0.0,1707.8075482174754,6263276.032799999,1808276.358314766
109,181.83124163510084,303.2421890022254,751.8657497004327,141.91935545352365,145984.65036095562,751715.6705364548,34053.32803491378,798881.5575394058,0.0,8091.144821495749,5390399.32056,1730635.20647173
109,270.3862029848372,295.0241670224919,683.112674424614,146.2331539290824,217081.70141839964,731343.7825636589,30939.379797865597,823164.4612635146,0.0,8056.368647362222,4517522.608320001,1802529.3250434387
109,190.93402251122222,279.09198720730075,545.8182276089345,150.4756597832785,153292.88997678435,691849.0497486419,24721.07175996234,847046.0500280589,0.0,5015.275269304751,3644645.8960800017,1716909.0615134477
109,172.5443562418557,229.55411685914316,407.93799818502436,115.42150434088167,138528.6009775616,569048.2166975392,18476.232592900487,649721.8851277939,0.0,357674.89162189653,2771769.1838400024,1375774.9353957954
109,138.6475198719082,160.5836264265164,301.5512700482563,82.40244642590764,111314.25782447575,398075.3100799521,13657.789734922182,463853.53523779754,0.0,739299.6053056878,1898892.4716000021,986900.8928771475
109,95.94571449202881,89.4582766811255,183.86431369806326,47.364134679660474,77030.77566757952,221760.66154137423,8327.539578400927,266618.5564574721,0.0,1144764.4052334276,1026015.759036001,573737.5332448268
109,91.83585308014133,79.74764757244834,179.9400806070902,45.22727034329983,73731.14093016509,197688.70738559385,8149.804129239142,254589.8835268002,0.0,1183255.7769246725,926860.9533119986,534159.5359717982
109,130.35598370755164,137.01441483395809,333.90444074859886,84.20897172945699,104657.33244122441,339648.9223975128,15123.121990404352,474022.68900559685,0.0,793534.209250114,1799737.6651199963,933452.0658347384
109,160.5088000249233,184.22408219374105,481.06373139859744,124.11717828722678,128865.75948547927,456678.3069693997,21788.226232599543,698670.9063794158,0.0,435593.1876252002,2672614.3784400015,1306003.1990668944
109,179.91729629187446,227.2912025238411,626.0479478858783,169.73319575034787,144448.0242056902,563438.6141137916,28354.817523522775,955449.0953954802,0.0,64380.280203946284,3545491.090680001,1691690.5512384847
109,261.7299909929152,232.47856928268322,659.4753465813872,178.55241737871643,210131.99316294488,576297.7248274822,29868.803462615695,1005093.5817887655,0.0,14500.964876639773,4418367.802919998,1821392.1032418082
109,185.32680946750193,208.32287973867827,932.7427613816619,186.85259700563628,148791.09463993242,516417.5003026921,42245.567427664355,1051816.3167322883,0.0,8099.311692789197,5291244.515159989,1759270.4791025773
109,221.54617673489724,213.1128019685423,969.5261392609312,192.07426813556768,177870.10009179337,528291.3744911326,43911.551592595424,1081209.7476135625,0.0,3804.4301173987333,6164121.227400016,1831282.7737890838
109,224.87064959749665,225.28321556497133,809.6798594455134,191.09139760595423,180539.1794211586,558460.9582401752,36671.83119851733,1075677.0481657109,0.0,1114.1081294945907,7036997.939640019,1851349.017025562
109,269.2867537508139,213.66222665389998,886.394457683697,193.93428765407378,216198.9999058586,529653.3589403343,40146.370875198096,1091680.026915842,0.0,17766.390485648182,7909874.651880022,1877678.7566372328
109,171.00569468266826,174.23861537860714,1015.6391960075399,201.6496404939499,137293.2743762475,431925.0498211906,46000.0933950522,1135110.6997369626,0.0,0.0,8782751.36412002,1750329.117329453
109,181.90874458470964,196.52118680200965,1403.7739607570197,198.17426548352014,146046.8742169819,487161.9486641037,63579.40256166115,1115547.385117239,0.0,0.0,9655628.076360025,1812335.6105599857
109,148.75608255852904,165.09787926644216,1149.9006060512154,195.59955598803379,119429.99732109962,409265.8195921724,52081.02983944936,1101054.0277778362,0.0,0.0,10528504.788600007,1681830.8745305575
109,217.71054070608238,171.43675604607614,831.0412240433523,194.92663517493943,174790.629371893,424979.4411846334,37639.3251377125,1097266.073516435,0.0,6510.426391273271,11401381.497600012,1734675.469210674
109,217.82551475793142,146.01588578068768,920.745191862446,187.85451751701274,174882.93719869346,361962.924254575,41702.17630947294,1057456.250877291,0.0,0.0,12274258.212000022,1636004.2886400323
109,277.5771047511783,162.37575315858385,1619.2307034006951,182.67760021751528,222854.97377082595,402517.8639096651,73337.81905756136,1028314.7448278951,0.0,0.0,13147134.926399965,1727025.4015659476
109,134.59214683512636,141.3804734080035,1583.7616584858251,181.18232884360972,108058.36950993673,350472.0689372112,71731.36335446223,1019897.6778230991,0.0,0.0,14020011.640799973,1550159.479624709
109,144.92247473281031,126.71602118201021,1589.473381536695,177.6423491041229,116352.15496009504,314119.942030386,71990.05738165171,999970.6952145479,0.0,0.0,14892888.355199978,1502432.8495866805
109,173.20365324270156,135.69842200267666,792.8617535102669,173.95075792081616,139057.92278874773,336386.67041060136,35910.10947018077,979190.2730875278,0.0,0.0,15765765.058799978,1490544.9757570578
109,124.90656425466372,143.9535060245735,1001.4787782292691,166.8967659942024,100282.22293668444,356850.4325318061,45358.74305836376,939482.4824257455,0.0,0.0,16638641.773199987,1441973.8809526
109,131.50037872393682,142.9085570678573,1822.2364520026408,164.1742486538033,105576.11903058882,354260.0788997509,82532.30803763481,924157.0964952947,0.0,0.0,17511518.487600002,1466525.6024632691
109,266.4404263426819,103.32265460638958,804.6407005562622,158.44559774162403,213913.80343603072,256129.46155219406,36443.59879034593,891909.8138840088,0.0,0.0,18384395.201999992,1398396.6776625796
109,127.34799903240385,137.53922260081814,1009.5125675267977,156.20182792518514,102242.34815610475,340949.88326864364,45722.60756798017,879279.3568192314,0.0,0.0,19257271.91640002,1368194.19581196
109,269.1126536205193,181.16485768558957,807.2222978414248,158.77498829699155,216059.22223937896,449094.70849310135,36560.523891989025,893763.993950356,0.0,0.0,20130148.62000003,1595478.4485748252
109,285.3618569804869,158.54967685386865,953.8136232053663,154.54081047553333,229105.02366391817,393033.2947460336,43199.90398302259,869929.2847093527,0.0,0.0,21003025.334400002,1535267.507102327
109,174.0042276803696,167.42168977509078,1911.8290164199232,149.5800795561931,139700.67030738055,415026.37942870497,86590.1135525242,842004.7184603589,0.0,0.0,21875902.04880006,1483321.8817489687
