day, ZRTC,ZSTC,ZLFC,ZERC,ZART,ZAST,ZALF,ZAER,TZDMI,TZDMX,SUMZ,SUMTZA
109,528.1840266478664,295.39664122877264,543.9922928168583,83.32353952092228,424056.7229429604,732267.1194471353,24638.371947569358,469038.48188607243,0.0,0.0,27863241.332399935,1650000.6962237372
109,179.30069004413892,248.84015978631993,1252.6145872807735,88.88445632707264,143952.97700325897,616856.9359878855,56733.12750179896,500341.5685245917,0.0,0.0,28736118.046800032,1317884.609017535
109,435.4966480168785,345.7997971955405,1844.8547279471436,86.7983559757495,349641.9279899997,857212.9335813103,83556.7297121548,488598.6523274117,0.0,0.0,29608994.76119996,1779010.2436108766
109,433.80105361659093,300.63428532469345,1290.4626895535732,97.12816341628736,348280.6066161033,745250.8640789468,58447.33491543382,546746.412587509,0.0,5456.582559667935,30481871.47560005,1698725.2181979928
109,453.65306346508646,277.8448101378234,1093.1644645170336,101.1011385134182,364218.9497227888,688757.3871071584,49511.349760434474,569110.7794740298,0.0,0.0,31354748.179200083,1671598.4660644117
109,456.3293238107297,326.2524633330691,1307.1966006625817,105.38183472041264,366367.60650652053,808756.492774125,59205.24331135317,593207.3464452395,0.0,0.0,32227624.893600002,1827536.6890372382
109,445.1836940343644,379.8469016672671,672.5753050662909,107.96329298393674,357419.24949523975,941613.2673607267,30462.123724521385,607738.6934323843,0.0,0.0,31699498.39200008,1937233.334012872
109,362.4886064326954,339.6434772797289,1775.335350934438,108.1466910426626,291026.8444193025,841951.8573808701,80408.07431570972,608771.0637270239,0.0,0.0,30826621.677599974,1822157.8398429062
109,420.1868485071909,376.77144157124945,726.5658698847326,115.579597671896,337350.33437594265,933989.4220247829,32907.45178379954,650611.811988818,0.0,0.0,29953744.963200048,1954859.0201733431
109,197.21985531796912,345.0911004110138,3377.6942584811823,118.92736755184015,158339.52055725348,855456.1250041779,152981.73993366884,669456.8215889999,0.0,0.0,29080868.25960003,1836234.2070841002
109,220.06897535997143,341.01562810233577,724.0653546604931,124.82900668310154,176684.11728547217,845353.3210066505,32794.1990319336,702677.8762235217,0.0,0.0,28207991.54519993,1757509.513547578
109,402.7178189995703,430.86791166093235,1696.5767285367363,125.32090933746498,323325.18588175275,1068090.6973813686,76840.9571739122,705446.8569409145,0.0,8786.185368434875,27335114.830800056,2173703.697377948
109,201.30647477326374,379.3727463614509,1103.9051419795196,133.48528777138313,161620.4953060081,940437.8703131627,49997.81401697625,751405.1502180118,0.0,0.0,26462238.11639997,1903461.3298541587
109,188.20064598855518,333.7365750971653,895.9023210542829,138.3302260369649,151098.37701862524,827309.0698796677,40576.99880365301,778677.905336025,0.0,0.0,25589361.40200003,1797662.3510379712
109,500.0801573773152,368.3669315786443,905.8768924932531,139.87844021150573,401493.30923936376,913155.2436229935,41028.76476500219,787392.9938960688,0.0,1371.4762372690893,24716484.698400017,2143070.311523428
109,433.94754251582503,441.4960929179787,2900.510369200629,140.55696614909812,348398.2163873624,1094437.1976045447,131369.23860464693,791212.5000946592,0.0,0.0,23843607.98399994,2365417.1526912134
109,183.82006279453265,368.34579311054097,762.481131004777,147.95641803168004,147581.3911574177,913102.8428743485,34534.117407107624,832864.9274609234,0.0,0.0,22970731.269599993,1928083.2788997972
109,396.0637312865956,423.92789487304987,1415.9079805341632,153.3302998591827,317982.898937471,1050886.8927577347,64128.9737530844,863115.1711339506,0.0,0.0,22097854.555200025,2296113.9365822407
109,291.9674526724768,379.5167667326687,3297.991086806435,153.42662981558985,234408.37840565265,940794.8864997202,149371.8424864921,863657.4243408251,0.0,0.0,21224977.84079997,2188232.53173269
109,225.897381116703,397.38754060980256,1386.7409997652778,160.16410344545366,181363.49894127002,985095.255166286,62807.94966825727,901583.4944678061,0.0,0.0,20352101.12640001,2130850.1982436194
109,276.16223432313353,429.33948746653067,3356.399984409583,160.04902259052548,221719.03385815313,1064301.8432580712,152017.28464292784,900935.6901402413,0.0,0.0,19479224.42279998,2338973.8518993934
109,275.8661727009383,430.59154647918575,733.1838429928408,166.55089259821796,221481.33844336736,1067405.607887083,33207.19147704456,937535.5184164143,0.0,0.0,18606347.70840003,2259629.656223909
109,257.23568982331807,386.3807289013158,764.8747389420869,171.17930618677872,206523.7079257075,957810.1571687482,34642.52813908825,963589.4294192503,0.0,0.0,17733470.994000033,2162565.8226527944
109,257.5904052324528,389.67744247901175,695.6145197972357,172.00088083608162,206808.49399720173,965982.4740412073,31505.61046030138,968214.1744610564,0.0,0.0,16860594.27960002,2172510.752959767
109,245.47888161559925,416.8635629323598,1171.7768153348038,180.1085885712258,197084.66147730377,1033374.9197728379,53071.84200397644,1013853.4613844488,0.0,0.0,15987717.565200033,2297384.884638567
109,272.7559729026026,377.06230495484476,1204.8873820318881,182.01117805968883,218984.28993822692,934710.4515231956,54571.47806215165,1024563.3722986031,0.0,0.0,15114840.86160001,2232829.591822177
109,147.10292447453267,356.2051483215825,2027.2676071839753,185.06743969381046,118102.7462793457,883007.0538672,91818.53125973149,1041767.4460256333,0.0,0.0,14241964.147199998,2134695.7774319104
109,159.93851133987576,372.99895020220526,1112.8295029595772,193.33721402260613,128407.89870455503,924637.6860793163,50402.0140913605,1088319.0257955345,0.0,0.0,13369087.432799984,2191766.6246707663
109,223.66682540743128,334.5284639340796,2474.377292092692,194.5591557130385,179572.67964970882,829272.1055970591,112068.91874426557,1095197.4862969609,0.0,0.0,12496210.71839998,2216111.190287994
109,214.4918792111226,362.74192750746556,702.4069998985533,199.50985693480052,172206.50153584755,899211.2613524216,31813.253883549416,1123065.594141128,0.0,0.0,11623334.004000003,2226296.6109129465
109,216.7897503292922,334.9465469149975,734.1412987438099,199.64007433398075,174051.36553580698,830308.5033666923,33250.55633942811,1123798.6039433738,0.0,0.0,10750457.296080008,2161409.029185301
109,242.1859134563578,305.48790972666495,452.08038301764196,198.90095431196136,194440.87594818475,757282.6513901554,20475.51918302306,1119638.0061692894,0.0,0.0,9877580.583839988,2091837.0526906527
109,183.7877354484211,288.6319179999568,2040.1159412339703,196.5002182622154,147555.4368919309,715497.8550031779,92400.45500646548,1106123.9668155091,0.0,0.0,9004703.871599995,2061577.7137170834
109,104.73091986119869,288.3231434843209,444.4021380880451,187.60484899387666,84084.04727610314,714732.4250911016,20127.757905927843,1056050.835964053,0.0,0.0,8131827.15935999,1874995.0662371856
109,197.6037490167662,278.11492936002054,876.1860441741071,183.98653693532032,158647.7326493599,689426.9933150111,39684.013793369835,1035682.9110692014,0.0,0.0,7258950.4460400045,1923441.6508269424
109,191.264478751138,269.0118398024552,471.5920149683542,185.25311734580922,153558.19938241725,666861.0861988729,21359.235462929202,1042812.6484319929,0.0,0.0,6386073.733800002,1884591.1694762122
109,101.59531922275711,264.57454112929236,475.6056234345607,178.4892599723466,81566.60550560094,655861.3405551603,21541.01888072406,1004738.0609578707,0.0,0.0,5513197.021559999,1763707.025899356
109,101.43038765711407,264.3756803891957,626.6214802189477,180.427033141316,81434.18889376146,655368.3790214205,28380.79381607823,1015646.0251494874,0.0,0.0,4640320.309319994,1780829.3868807475
109,100.71918302372018,249.18735353212915,405.90177610845524,173.48344442825467,80863.19262927213,617717.6044202556,18384.008497903516,976559.7077949806,0.0,0.0,3767443.5970799928,1693524.5133424117
109,97.19840032271865,231.62963673642548,350.5923772179191,152.92675698547805,78036.50439362743,574193.2818396839,15878.948113674342,860843.5785210269,0.0,108931.22847973718,2894566.884839997,1528952.3128680126
109,90.4284328203305,166.27816773258618,303.8218233493596,103.21928309090048,72601.18244397859,412191.6701760678,13760.627105043157,581034.0765729011,0.0,499041.09374135925,2021690.1726000041,1079587.5562979905
109,78.30134584287812,97.86598134294016,210.66085274144632,57.48098294454653,62864.85475694083,242602.7592993551,9541.202169905158,323567.5432494026,0.0,874288.6342965155,1148813.4603599978,638576.3594756038
109,70.73235689709507,71.46896504143798,162.1376233359954,41.87717600211133,56788.03212239323,177166.44625025024,7343.499389966647,235731.7892475525,0.0,980752.3963107883,804063.2520959984,477029.7670101626
109,89.04730809814734,134.9790228668088,280.794871684924,86.24571688662637,71492.335538135,334603.3314709188,12717.695785209055,485487.7787269433,0.0,538441.434090621,1676939.9641199983,904301.1415212061
109,100.20729366451934,193.9455953551138,338.6830881358951,137.76848975828088,80452.21820895556,480777.2419123757,15339.555372437804,775515.8225333842,0.0,66977.77595051029,2549816.6763600004,1352084.8380271532
109,109.88689001261834,204.97324185443074,358.6393678698776,144.83630447320002,88223.55868821254,508113.9878643454,16243.410535954128,815301.4233755724,0.0,3473.7989146960317,3422693.388600004,1427882.3804640844
109,120.26891577708525,191.35714881104263,384.3624037440371,140.75396121376943,96558.85017957064,474360.66829533875,17408.45227249502,792321.4096129506,0.0,0.0,4295570.101920011,1380649.3803603551
109,126.98648446310791,194.88595629565393,389.87427380418137,138.6105945783818,101952.10332510388,483108.3293421635,17658.094604678252,780256.134439,0.0,4075.7213420014596,5168446.814160013,1382974.6617109457
109,134.3199235568038,157.5020360361768,395.3856912270039,134.53932461517348,107839.81289805491,390436.2681833913,17907.716436117567,757338.4536266996,0.0,0.0,6041323.526400014,1273522.2511442634
109,139.12714013894293,150.1215066876886,412.3028152256344,129.33892045028395,111699.32474894632,372140.46446832153,18673.922867468118,728064.7371149169,0.0,0.0,6914200.238640014,1230578.4491996528
109,158.0440974288882,157.9301008461042,423.6087365361552,128.83890037338358,126886.95351412708,391497.410192313,19185.98801643585,725250.0624247831,0.0,0.0,7787076.950880014,1262820.4141476592
109,149.39394196570774,166.15856203488735,406.50436425722233,125.0073289504784,119942.10779067062,411895.1762167626,18411.30077968134,703681.674262561,0.0,0.0,8659953.66312001,1253930.2590496754
109,148.81709753664364,135.79829082212964,520.4348960124456,118.42820117179556,119478.9836788165,336634.2380621468,23571.41583027193,666646.9524637705,0.0,0.0,9532830.375360014,1146331.5900350057
109,152.01562214062085,135.3772189687781,406.7702859953994,112.57219091057958,122046.94445268379,335590.431091792,18423.344844975396,633682.748367036,0.0,0.0,10405707.087599995,1109743.4687564871
109,162.75938882091327,157.7886236248745,544.4015495197467,109.83485337034908,130672.6624991441,391146.6982924541,24656.907906627872,618273.937703669,0.0,11139.182127669803,11278583.801999994,1164750.206401895
109,171.54473811600917,114.82113941395484,483.85650554798843,109.91041285123484,137726.04965973567,284633.3819522962,21914.715907484362,618699.2713418044,0.0,0.0,12151460.516399967,1062973.4188613207
109,142.9108714047376,112.5038393051419,441.2750937498464,102.51803324970945,114737.1233193666,278888.9609307287,19986.1285436769,577086.6547179702,0.0,0.0,13024337.219999988,990698.8675117424
109,177.27498647045087,124.6842531388875,463.78691735318915,101.67712714944986,142326.6248688263,309083.3345519348,21005.72880360919,572353.0905542028,0.0,0.0,13897213.9344,1044768.778778573
109,199.65922674327143,121.04575245409292,1260.5623902416291,100.28880318514044,160297.98919785104,300063.75191728486,57093.09753832571,564538.0437099405,0.0,0.0,14770090.648800012,1081992.882363402
109,210.87820928997854,114.85781085677522,520.8446004909447,94.40051410659747,169305.23806091188,284724.2878329059,23589.97206987888,531392.1381688941,0.0,0.0,15642967.36320002,1009011.6361325907
109,247.46528404248406,193.03755418639523,580.6583048252003,84.37023565801357,198679.46037521193,478526.2728824266,26299.04040486993,474930.4635512781,0.0,1498.0220677754842,16515844.077600034,1178435.2372137867
109,223.69743085040218,201.76617849659576,579.6480762125645,82.47916164917056,179597.25147164147,500163.9074668249,26253.28536635402,464285.3746923343,0.0,8180.24990537524,17388720.781200033,1170299.8189971547
109,239.7706294052027,181.50087258502,541.8048292966598,83.25344037491021,192501.74604641652,449927.6653658462,24539.297860410305,468643.885146471,0.0,0.0,18261597.495600037,1135612.594419144
109,251.1650595156961,178.9684210813908,576.863588420715,75.97829526184,201649.854373592,443649.89944410726,26127.170995240762,427691.19591897476,0.0,0.0,19134474.20999998,1099118.1207319149
109,227.0069051176287,169.91818045346986,564.0439389945403,74.53190763085996,182254.289060095,421215.0010399016,25546.546425793284,419549.30153289525,0.0,0.0,20007350.92439996,1048565.1380586852
109,278.0453468090141,185.60721494481004,848.0538246327683,74.97925637192093,223230.9056100565,460106.99400939175,38409.85587252676,422067.48277660244,0.0,0.0,20880227.638800014,1143815.2382685775
109,286.9035806620344,230.5574162874791,1201.4209997009687,74.47532405690174,230342.80871438593,571535.324131376,54414.479482742674,419230.78561552486,0.0,0.0,21753104.35319997,1275523.3979440294
109,277.54807552354663,220.92902712066208,1057.8149837615254,74.50253603057888,222831.66742584392,547667.2369020404,47910.3093293325,419383.96517193876,0.0,0.0,22625981.056799997,1237793.1788291556
109,287.90851268308853,243.87044014021643,1222.6005168215538,72.0028549867205,231149.6263350043,604537.3568803706,55373.73722844491,405312.9522414771,0.0,0.0,23498857.77119995,1296373.6726852967
109,294.7054680934516,264.13106843633824,1242.8235779873683,77.47638487861842,236606.61574000496,654762.0035076159,56289.67539429964,436124.12716053106,0.0,0.0,24371734.48560002,1383782.4218024516
109,165.58034669470072,223.6835414683347,624.5804197749528,68.13643514664052,132937.49083768827,554495.4807116372,28288.35058287318,383548.39804044086,0.0,0.0,25244611.199999966,1099269.7201726395
109,404.54260247940414,293.88761120525623,710.277646843806,72.17156958252637,324790.227729856,728526.342084593,32169.729387827236,406262.6675121413,0.0,0.0,26117487.91440003,1491748.9667144176
109,513.845897818196,261.6224757057232,1765.5700137943707,73.68513664372054,412545.24281882256,648543.3817755873,79965.78494538697,414782.72319745,0.0,0.0,26990364.61800006,1555837.1327372468
109,156.5393917710047,149.22030082023048,519.7384834528611,158.66256052955987,125678.88867671537,369906.4396607025,23539.87407517986,893131.1241795664,0.0,30771.205521066324,5584516.449119994,1412256.326592164
109,164.75714269898165,154.90896430381875,281.0294852638816,161.14396037163473,132276.57499940807,384008.2290558134,12728.321848663698,907099.2299702101,0.0,39582.62031942501,6457393.161359989,1436112.3558740953
109,175.71494629843548,133.02187289342757,322.3470041622808,162.95960148887772,141074.13427913026,329751.6968437533,14599.665270273912,917319.6977777227,0.0,52025.96225562948,7330269.873599985,1402745.1941708801
109,181.48105275246652,134.52189274563662,322.5748955113905,166.93803197239023,145703.49844706032,333470.1386368675,14609.986872063384,939714.7737071055,0.0,53378.99274026905,8203146.585839981,1433498.397663097
109,176.66433454240305,144.11623450929548,782.2759403049273,176.72627043682687,141836.35813904615,357253.8247920014,35430.65928942525,994813.9753984284,0.0,23197.305734891328,9076023.299160002,1529334.8176189011
109,216.28225995833785,135.38472308425463,643.3556465368432,177.57666704590704,173643.92287799355,335609.03325666813,29138.713770858918,999600.9628069971,0.0,41613.906116107595,9948900.011400009,1537992.6327125179
109,202.00095787785267,153.4170886140551,417.29664180063577,183.88201854441164,162178.06655885399,380309.9760581757,18900.10209504398,1035094.5641544778,0.0,30529.96263308311,10821776.720399998,1596482.7088665515
109,196.43697980765754,136.0280469553094,550.1434523638685,189.82923616830342,157710.98276242093,337203.7870628362,24916.968829968762,1068572.1857461035,0.0,19485.765200585127,11694653.434799973,1588403.9244013294
109,210.97569266046293,179.977059532818,817.7141845976689,195.03385600216063,169383.5033558535,446150.24193384533,37035.71997793642,1097869.632778506,0.0,17853.64649630827,12567530.149199983,1750439.0980461412
109,222.80371744083706,153.80492372719664,1221.0387569486388,199.96067015229727,178879.72659283056,381271.39152972354,55303.00236482686,1125603.2773500339,0.0,12206.092097231187,13440406.86359999,1741057.3978374149
109,197.97486613966356,169.45642350181535,596.4204816576218,199.70981902067217,158945.6869664616,420070.33862442453,27012.93723875634,1124191.205387737,0.0,1140.2739695908967,14313283.578000002,1730220.1682173794
109,258.8335833996954,166.42332314609564,551.9907124540425,193.272029990149,207806.58942045958,412551.5000511828,25000.634502785437,1087952.096836411,0.0,15100.53514122963,15186160.281600023,1733310.8208108386
109,270.7579281326584,216.14123571118867,1382.5186443849784,191.42754462073185,217380.14389311994,535798.6448647544,62616.711733955024,1077569.261175484,0.0,9296.806113020051,16059036.996000012,1893364.7616673135
109,173.82323376301778,218.89292104741963,556.0711564280151,187.06659905829594,139555.35790944242,542619.8757575805,25185.445018797287,1053020.9606837707,0.0,9972.336692701676,16931913.710400026,1760381.639369591
109,304.5026749830432,215.84313058392166,1355.4483096878826,183.4976854151893,244472.3807726234,535059.6636023805,61390.64845361222,1032931.1055627589,0.0,9763.445619893842,17804790.42480004,1873853.7983913752
109,413.24303809921037,192.07237659791465,688.915623077683,178.35687666025598,331775.44127470057,476133.6667595823,31202.205593736002,1003992.858964688,0.0,0.0,18677667.139200035,1843104.172592707
109,278.56754593059117,268.729879263232,1590.6672115830802,177.84177928528635,223650.1573046317,666162.1262141018,72044.12805344876,1001093.312303944,0.0,3762.965274411952,19550543.84279997,1962949.723876126
109,370.5018747580482,277.10848216389024,582.578906027759,169.94584056111714,297460.3602673256,686932.0827902323,26386.027826229452,956646.0992649463,0.0,0.0,20423420.557199996,1967424.5701487334
109,395.26150856703487,291.8307631903204,807.0160262917734,169.93601668115951,317338.8280826851,723427.5631520622,36551.181489110124,956590.7994328935,0.0,6355.192986030015,21296297.271599974,2033908.372156751
109,435.8720328571514,317.49372382334747,1720.906985617085,165.08903146849752,349943.3086777476,787044.2047667454,77942.91749842626,929306.5217972756,0.0,2047.2888213355327,22169173.98600003,2144236.952740195
109,236.28772534503548,271.4372995829217,838.0413346927747,157.5328811555574,189705.46897712926,672873.6273008605,37956.37251528017,886772.0196378409,0.0,0.0,23042050.7004,1787307.4884311107
109,442.45032673766497,314.0834299524845,1813.3027579501013,158.03949465219003,355224.74394422164,778590.3304813197,82127.68525191022,889623.8095009433,0.0,0.0,23914927.40400002,2105566.569178395
109,444.11660730512466,305.4441586106764,1204.1447104728832,154.35373662425758,356562.5304756034,757174.1955067567,54537.841155255606,868876.2229250423,0.0,0.0,24787804.11839997,2037150.790062658
109,467.1035314874124,353.04880778886496,1927.3003998871322,150.7400287411707,375017.76434767566,875182.7117207458,87290.83984119039,848534.2155018314,0.0,28292.70329394692,25660680.832800034,2186025.5314114434
109,189.43089741022817,268.36696836753634,653.1954715194879,149.50680687085259,152086.09410197122,665262.496092711,29584.37682716072,841592.2574764229,0.0,0.0,26533557.547199972,1688525.224498266
109,194.9849344469797,381.815496028042,661.2987276618431,145.2541746740408,156545.1966610853,946493.2718046773,29951.38761289806,817653.6662802149,0.0,9837.909490761347,27406434.261600062,1950643.5223588757
109,199.99305513420117,385.96220315063374,646.6518713270505,135.90433714215874,160566.0059615942,956772.6618045776,29288.005614652127,765022.2775148083,0.0,27963.330730893533,28279310.96520003,1911648.9508956322
109,204.29930519794587,291.90232142126973,2102.3621488101076,144.13226345929658,164023.31288129385,723604.9508821056,95219.69571049287,811338.2896651535,0.0,0.0,29152187.679599963,1794186.2491390458
109,207.15404450126812,404.9607155334166,829.3640125446561,143.85571210637187,166315.2629077008,1003868.6134662176,37563.361266008294,809781.5479870497,0.0,38315.19295156235,30025064.394000053,2017528.7856269765
109,208.8806969581203,353.5763148226683,2146.2242020588774,130.988562169083,167701.519487933,876490.3638813271,97206.28558795483,737350.7738326341,0.0,0.0,30897941.10839998,1878748.9427898491
109,248.38677622606608,336.817942490512,2207.3380957308473,139.8695945813605,199419.28766243102,834947.5589826525,99974.24179493941,787343.2007528766,0.0,0.0,31770817.822800085,1921684.2891928996
109,190.99057715640825,393.60542980355626,731.1360158358,126.85154556491655,153338.29532093494,975719.6733248697,33114.441767451724,714062.9970685604,0.0,0.0,32156305.473600075,1876235.4074818168
109,178.14791098766867,324.0809393180057,2187.770932071275,131.7897258633947,143027.45922100698,803373.440249539,99088.0103858378,741860.6230911121,0.0,0.0,31283428.75919997,1787349.5329474958
109,167.30602866428214,409.9995810191764,1317.0240825354736,144.46479745784262,134322.96825454003,1016359.6001585184,59650.34732640918,813210.164560895,0.0,0.0,30410552.044800043,2023543.0803003625
109,161.38057035503147,351.70878654583294,5459.7278057207495,133.1027926080684,129565.6671894111,871860.8950218448,247280.7173669314,749252.0377630992,0.0,0.0,29537675.330399953,1997959.3173412865
109,154.58241075165472,420.59603992618617,1465.8376266388925,128.35298116538303,124107.71098852606,1042627.4629476779,66390.37562988081,722514.7632650225,0.0,0.0,28664798.616000026,1955640.3128311075
109,144.92771559122716,452.8037866476943,1985.2620467021518,134.77086390435818,116356.36262472237,1122468.160585727,89916.02521932751,758641.8168457921,0.0,67688.37119999586,27791921.90159993,2087382.365275569
109,134.45935384514328,459.2299276689944,1964.065021053572,140.06863667493798,107951.75560773411,1138398.103984048,88955.97448146218,788463.6332493809,0.0,64211.48209154699,26919045.197999965,2123769.467322625
109,450.82258651775396,423.2074040070212,726.6917708306521,129.08923380780993,361946.4789207673,1049100.8474971652,32913.15406005432,726659.2202056907,0.0,0.0,26046168.48360004,2170619.7006836776
109,153.97919241177104,454.8004083255596,3496.3122256320453,124.33991029519323,123623.41237379209,1127417.6427416322,158354.1572140575,699924.6923261564,0.0,0.0,25173291.76919996,2109319.904655638
109,502.5964953902805,485.32440111480736,930.9719850891349,118.20863359142153,403513.5711135576,1203084.4349598181,42165.36584115786,665410.9794702784,0.0,5614.137716963189,24300415.054800015,2314174.351384812
109,305.66617263927134,394.3113004433872,1188.0487015322908,122.224104063243,245406.50406745917,977469.4760916892,53808.82447544902,688014.558062719,0.0,0.0,23427538.340399943,1964699.3626973163
109,125.63252503287886,373.3611381203867,1116.180276446399,112.33446139547819,100865.06628874263,925535.5239912238,50553.77654198801,632344.5396026967,0.0,0.0,22554661.63680003,1709298.906424651
109,261.0786162560852,452.41657651571415,4166.768309216191,110.24496124585504,209609.03180407718,1121508.2943977215,188720.29765387825,620582.4855215222,0.0,16752.745276900358,21681784.922399964,2140420.1093771993
109,203.15288711228553,352.08658957117,1459.3445259726018,105.39268008212471,163102.9020547624,872797.4416661505,66096.29163012285,593268.3963240874,0.0,0.0,20808908.208000008,1695265.0316751231
109,122.98701930943413,366.609749026523,549.3968216264957,100.39797972939708,98741.10109666623,908799.3139129189,24883.152604890234,565152.611944441,0.0,0.0,19936031.493599962,1597576.1795589165
109,245.3412785685913,349.00975099921635,614.6159657430368,115.06346516043025,196974.18578277834,865170.1791870777,27837.0428567627,647706.4384170538,0.0,0.0,19063154.779199973,1737687.8462436725
109,124.10926121705866,316.9233358053649,790.1038683357026,100.10803067500466,99642.10188746407,785630.253717208,35785.19997860001,563520.4529521747,0.0,0.0,18190278.075600035,1484578.0085354468
109,141.98143947986725,318.4194614269667,525.9263852785199,102.61009571943903,113990.92154806264,789339.0419915234,23820.135080287433,577604.8857159441,0.0,0.0,17317401.361200012,1504754.9843358174
109,180.74132949927878,346.4892190410043,599.4129119611273,96.22768708825627,145109.60578312972,858921.9609648366,27148.46969356957,541677.5202636538,0.0,0.0,16444524.646800028,1572857.5567051899
109,125.73946957150767,317.49434547790423,719.5001354013673,103.81870911618985,100950.92755735273,787045.7458038733,32587.43218686284,584408.3196081977,0.0,0.0,15571647.932400022,1504992.4251562865
109,145.26060514116872,343.2761084093875,475.910942104881,108.44506428197063,116623.62563255335,850956.8898086728,21554.847302672715,610450.6434952997,0.0,0.0,14698771.218000008,1599586.0062391986
109,113.01959488580334,326.74596937772907,500.4538403597938,95.21914283995827,90738.67557067731,809979.8589175234,22666.43852163043,536000.3002864846,0.0,0.0,13825894.51439998,1459385.2732963157
109,155.25099410274936,317.8619075371826,496.40085134052987,106.54258381169151,124644.48841945057,787956.9058267031,22482.871489018704,599741.34625795,0.0,0.0,12953017.799999975,1534825.6119931224
109,110.55908688367647,306.5000344069098,750.5221120993251,106.75008511294203,88763.23726221731,759791.635991474,33992.47231431633,600909.3966778854,0.0,0.0,12080141.085599996,1483456.742245893
109,123.82040184060511,281.79400495742044,641.192075167144,97.71434596417325,99410.18885263104,698547.1582523294,29040.721801403375,550046.1064549241,0.0,0.0,11207264.37119999,1377044.1753612878
109,133.38341918436865,279.8317364253826,493.9786806926349,106.64662833129765,107087.93295629106,693682.8350848081,22373.167101417366,600327.0256926597,0.0,0.0,10334387.660040008,1423470.960835176
109,101.07803500177704,267.6115256947337,586.5260557852181,104.80738178757134,81151.29977783958,663389.8078061431,26564.801211700513,589973.6800277533,0.0,0.0,9461510.94779999,1361079.5888234365
109,87.33207276434696,266.77093405446755,370.56489163994615,112.2343401985217,70115.24528543736,661306.0413269828,16783.538574892078,631780.945035122,0.0,0.0,8588634.235559992,1379985.7702224343
109,100.04626463382543,252.69599060963267,358.92608740013645,109.8294904898708,80322.93477816324,626415.2644723181,16256.396569992534,618243.7493879477,0.0,0.0,7715757.523319991,1341238.3452084216
109,81.60855777212302,228.4382492901062,697.9624546747509,112.37567814874012,65520.076009454126,566282.060904216,31611.952578718792,632576.5537908769,0.0,0.0,6842880.811079992,1295990.6432832656
109,76.86105116293635,220.7028565122305,335.45070786947997,115.11610173188116,61708.50278256453,547106.5761604325,15193.155159913596,648002.7361704494,0.0,0.0,5970004.098839994,1272010.9702733601
109,72.32360877726165,218.73813238257122,667.4621441449881,121.30382971189746,58065.581278816564,542236.1657422597,30230.539633587865,682834.220223549,0.0,0.0,5097127.386599994,1313366.506878213
109,144.07857358979743,219.665744622052,527.2637205561048,123.42170066828666,115674.62225342641,544535.6500550905,23880.70535751898,694755.9770755364,0.0,0.0,4224250.674359995,1378846.9547415725
109,135.62581971110868,209.03594332214234,399.56835309601564,128.9270020524615,108888.26195323154,518185.1338616719,18097.15658117183,725745.997643617,0.0,1468.0304448318202,3351373.962119996,1370916.5500396923
109,97.429756675757,185.91830816526544,315.456118174905,121.19379560594346,78222.25067134833,460878.17182466685,14287.56487060443,682214.8246684743,0.0,64353.846896553645,2478497.2488000016,1235602.812035094
109,76.16339943473845,159.67799994490264,191.61585384030548,74.27566402704934,61148.3875751951,395830.3268864135,8678.620525158709,418106.8746795069,0.0,408281.5613440321,1605620.536560003,883764.2096662743
109,53.25788302137014,84.46103109345087,95.7893993017782,34.0422226600684,42758.51257421395,209372.8475959123,4338.471114012652,191627.87044706428,0.0,838722.4619241573,732743.8246440007,448097.7017312032
109,73.70114128150838,127.60346610776935,148.8186001606305,56.17709176282713,59171.54414408081,316319.8544489918,6740.257301234673,316227.77895308705,0.0,600045.4091011091,1220132.887920002,698459.4348473945
109,99.55946636021696,161.46639913543453,221.50823521535744,100.43107620887942,79932.1049343476,400263.6404075993,10032.499284917309,565338.9161098836,0.0,268367.1613535823,2093009.6001600057,1055567.1607367478
109,106.78918884488586,160.97909270813506,366.59707085550383,149.83278315030552,85736.54480749747,399055.642671666,16603.828962091924,843427.2181624974,0.0,13061.953925069189,2965886.3124000067,1344823.2346037528
109,144.45098685129886,158.3735424880469,221.1773563500201,153.31493907478063,115973.6171856569,392596.6702666237,10017.5131965822,863028.703383805,0.0,15855.242466339492,3838763.0246400074,1381616.5040326677
109,146.63638533467605,147.4830863687999,359.14401197532976,156.74355769121865,117728.1816412823,365600.00944227015,16266.26675898423,882328.820494368,0.0,18621.964445312857,4711639.736880002,1381923.2783369047
109,110.64414196524979,110.13957157715534,192.53535947565067,72.0900047153001,88831.52440711742,273028.11054470914,8720.266559763739,405803.52881353325,0.0,886769.5457476247,1516738.0561199978,776383.4303251235
109,72.63104194687949,51.84049950351065,98.87474471106978,32.32110508298136,58312.40643038259,128508.8858296702,4478.211858108899,181939.4873065277,0.0,1278372.3031482392,643861.343772001,373238.9914246894
109,108.34192005597545,101.24133890154926,161.81762568521327,59.728022821247144,86983.16734011125,250970.02896858804,7329.00613106128,336216.40788675373,0.0,979284.9478542744,1309015.368360001,681498.6103265143
109,131.28479069803257,171.01789930743163,209.71769301394184,99.06507601501785,105403.0324790115,423941.1253250069,9498.484799679387,557649.5325230998,0.0,575210.1795853837,2181892.0806000032,1096492.1751267975
109,141.042355719666,240.28057571209163,244.6371768923464,139.8885936477033,113236.97072443165,595638.3400430301,11080.049912593466,787450.1488408467,0.0,176741.58411551896,3054768.7928400044,1507405.5095209018
109,145.63719970514802,267.38852297094303,336.7080993035815,160.01639669481688,116925.97755654604,662837.0000236991,15250.104639246589,900752.0349489073,0.0,0.0,3927645.505080004,1695765.117168399
109,194.62086255640733,274.2729318477498,721.3468594697556,151.91511293167144,156252.89866447303,679902.9566180105,32671.07358230591,855148.9093562901,0.0,0.0,4800522.2184,1723975.8382210797
109,199.68954300588356,296.7459700426114,630.9377017091055,147.23208712580598,160322.32884904568,735612.0089475258,28576.283112317946,828787.5794458523,0.0,0.0,5673398.930639993,1753298.2003547417
109,282.9470028074727,278.417855886169,861.7507735750279,144.98307306051825,227166.23889321505,690177.9264799384,39030.21488687749,816127.601857429,0.0,0.0,6546275.642879989,1772501.98211746
109,164.2622413159113,305.565906552684,350.61407981958655,139.42457785311387,131879.23951007743,757475.9999362912,15879.931062843243,784838.146696954,0.0,0.0,7419152.355119989,1690073.317206166
109,307.8666034432768,334.21098690934843,951.3665755947312,135.7112004274154,247173.13734058422,828485.1027881461,43089.0728738316,763935.0871241874,0.0,13194.370866709389,8292029.067359985,1882682.4001267492
109,219.81802196807547,332.47823564792793,375.6286269902546,132.16239915157487,176482.63737012105,824189.7364981276,17012.88409440104,743958.4469993684,0.0,0.0,9164905.77959999,1761643.704962018
109,311.831880758099,360.16411455040827,1067.4477377818598,126.90286125552021,250356.691592225,892821.0476360918,48346.59377594385,714351.8594207368,0.0,5555.0093199225375,10037782.49183998,1905876.1924249975
109,241.56616482498964,330.63473196078724,449.2693620658093,127.3916931811158,193943.3058582025,819619.8228760319,20348.20307822122,717103.5546271224,0.0,0.0,10910659.208400017,1751014.886439578
109,317.8115831637996,328.1134171385754,418.4032145442666,122.58457539360302,255157.5429591787,813369.6639899985,18950.220729452278,690043.6956452992,0.0,0.0,11783535.911999984,1777521.1233239286
109,335.3493152486517,363.99652940267526,433.6366397706163,113.80262309784902,269237.84986083396,902321.3296051836,19640.16946901769,640609.0029224573,0.0,0.0,12656412.626399992,1831808.3518574927
109,241.91665632685937,371.1235783896212,1318.7066363175118,114.77506822449848,194224.7007323442,919988.7736564098,59726.55315956351,646083.0164910557,0.0,0.0,13529289.340799972,1820023.0440393733
109,211.6314927680359,402.58919287361476,536.190921904954,110.7212496736149,169910.01765862026,997989.7786237736,24285.034077223543,623263.5718313555,0.0,2212.8839546857635,14402166.055199977,1815448.402190973
109,400.1299325162141,428.56794314014263,470.80162974943397,100.99305787364911,321247.4807522638,1062389.2401253483,21323.4375200856,568502.3802210691,0.0,4393.667833218817,15275042.76959999,1973462.5386187667
109,264.72862537053265,396.1742707934314,691.9052016139408,98.70357270108748,212539.4704877454,982087.6461770618,31337.60888697271,555614.5857777073,0.0,0.0,16147919.47320002,1781579.3113294872
109,281.9315949630152,441.17239858455963,539.9624200030846,97.0039628411669,226351.0106749291,1093634.7825326328,24455.85188874091,546047.2722300683,0.0,0.0,17020796.187600024,1890488.9173263712
109,253.066053096087,449.93152993939736,737.7077653820538,90.55134685285782,203176.0821036358,1115348.041895994,33412.08791392274,509724.7009044667,0.0,0.0,17893672.902000017,1861660.9128180193
109,320.49515886695974,449.21909418694946,815.7479978973108,86.93385481256988,257312.07293554646,1113581.9646851427,36946.66790885114,489361.39199359686,0.0,0.0,18766549.61640001,1897202.0975231372
109,371.8754756570495,396.4501159290423,1254.1053945069777,84.33046046083908,298563.1666122254,982771.4465142189,56800.64879470396,474706.56406012946,0.0,0.0,19639426.33080004,1812841.8259812777
109,391.28162174257767,383.1100033434556,642.794122734323,77.85406098401585,314143.54447069444,949702.2627363888,29113.281365866067,438250.1125439985,0.0,0.0,20512303.04519994,1731209.201116948
109,352.5145596775536,368.3558190455327,1117.8733873808956,75.91613464914046,283019.10210208717,913127.6964492085,50630.46052722725,427341.28616260417,0.0,0.0,21385179.748799965,1674118.545241127
109,234.91076894703775,409.26900993140976,804.8343553424535,72.22541136467383,188599.96864332317,1014548.5667501327,36452.3697577192,406565.74954521004,0.0,0.0,22258056.46320001,1646166.6546963851
109,419.23975903153246,383.3829653063045,722.3841107422423,72.372536298827,336589.95610034355,950378.9158947407,32718.052524824172,407393.9339473556,0.0,0.0,23130933.177599974,1727080.858467264
109,162.47366327214095,421.8146794642874,706.7285302151257,72.7620108445229,130443.26548264886,1045648.3830925305,32008.983625915924,409586.3342065958,0.0,0.0,24003809.892000046,1617686.966407691
109,167.67069830519856,385.5668888017967,752.7364482295553,78.01487902182727,134615.7461597433,955792.7058433491,34092.76350945633,439155.3771156749,0.0,0.0,24876686.606399998,1563656.5926282238
109,172.43879430462525,328.3337236991836,1891.7343623179588,71.61337097444996,138443.8497414185,813915.7881769927,85679.99116943259,403120.4986937207,0.0,0.0,25749563.310000025,1441160.1277815644
109,177.93335014559906,331.9111645134848,1383.5803500000154,78.84236527350305,142855.1973520948,822784.0077653532,62664.798256847935,443813.39929643145,0.0,0.0,26622440.024399966,1472117.4026707273
109,240.3801380060323,324.2691508834455,1238.867298200938,66.76586171612524,192991.0948468975,803840.0032419208,56110.488493687546,375833.2711404265,0.0,0.0,27495316.738800038,1428774.8577229325
109,207.23690674811888,337.3628113044115,1439.9964045944137,76.68195071066285,166381.78951790184,836298.2497527678,65219.98103290083,431652.15923599584,0.0,0.0,28368193.453199968,1499552.1795395664
109,213.65500519262235,368.27897035665114,717.8552330170929,81.964669455499,171534.61061166797,912937.1940528153,32512.931652027433,461389.23467176605,0.0,0.0,29241070.167600065,1578373.9709882769
109,227.3451889866549,368.08311971376884,718.1574651803571,86.1955153550695,182525.8829396641,912451.6943345086,32526.620280618958,485205.1881134724,0.0,0.0,30113946.871200044,1612709.3856682642
109,181.6020014893624,291.64423672992575,859.5166263587084,86.52120582340113,145800.6030970015,722965.1774144125,38929.02641265064,487038.5399334905,0.0,0.0,30986823.585599966,1394733.346857555
109,226.64233729884518,303.48618577647227,1785.0197040338492,97.4565296075615,181961.59290359638,752320.5210665383,80846.69577576635,548594.8263820198,0.0,0.0,31859700.300000064,1563723.6361279208
109,222.43850685857475,339.378613682841,1157.4337952005064,97.45301498246418,178586.51438858968,841295.2794917894,52422.221284001884,548575.0421238195,0.0,0.0,32067422.98560002,1620879.0572882004
109,206.03714570065296,309.8519687807568,1494.621305668136,98.39054185489675,165418.55187262144,768100.84126308,67694.03930178638,553852.4965322793,0.0,0.0,31194546.271199916,1555065.928969767
109,199.99563585289,280.2616900697013,1253.3813847373806,104.94302120868748,160568.07791200315,694748.6593789213,56767.85711321773,590737.2110602804,0.0,0.0,30321669.567600068,1502821.8054644226
109,240.02787684073047,328.3657248522737,1233.9866846702091,107.17637632850723,192708.27918447394,813995.1167438132,55889.43688488668,603309.0425131402,0.0,0.0,29448792.853199966,1665901.875326314
109,170.90205189934977,252.30857788136512,1031.34120521328,108.74620258863294,137210.06394800023,625454.8960626248,46711.26513083529,612145.7881687826,0.0,0.0,28575916.138800047,1421522.013310243
109,164.9905686921533,212.7313626814929,4565.662283219025,107.2210640942499,132463.98290407774,527345.8138144446,206786.9104145753,603560.5954587224,0.0,0.0,27703039.424399957,1470157.30259182
109,296.6893026804105,236.15057691627513,726.9951133288853,117.50335340236381,238199.3530273208,585400.3687886768,32926.892977678086,661440.8702900641,0.0,0.0,26830162.710000016,1517967.4850837397
109,139.5224876366485,230.450047405793,1682.9679583136078,120.08049943764286,112016.7326140889,571269.1643626546,76224.59192952569,675947.9432125061,0.0,0.0,25957286.00640005,1435458.4321187753
109,130.67406978965587,242.2458074572977,1017.3168319450838,126.08404768770393,104912.7103678288,600510.0088037917,46076.07649034163,709742.6568471972,0.0,0.0,25084409.29199997,1461241.4525091592
109,121.80439516268176,216.57912922157217,863.7109141266221,129.74137658577314,97791.62194765106,536884.1515182467,39118.99311520425,730330.2123443771,0.0,0.0,24211532.577600036,1404124.978925479
109,113.55589229372657,210.55324855583356,1498.5448376065888,135.54076509194212,91169.24618594196,521946.4248776271,67871.74299451188,762975.6855976827,0.0,0.0,23338655.863199968,1443963.0996557637
109,106.02436628305973,215.36290437297544,1510.3000705223435,131.26461859323243,85122.5009651284,533869.2172157534,68404.15825982553,738904.7294956126,0.0,0.0,22465779.14880001,1426300.60593632
109,308.15808590816357,158.46594545721564,1447.4562586922766,143.96945701828574,247407.1563427106,392825.7306099644,65557.85100342195,810421.8321265989,0.0,0.0,21592902.434400044,1516212.5700826957
109,157.20822843960428,219.54108720396462,563.6682198736934,144.78101589228396,126215.86948560212,544226.6332427096,25529.529443072246,814990.1971337732,0.0,0.0,20720025.730800014,1510962.2293051572
109,194.41588494621286,209.1324231834076,623.7339941009866,154.67345370509713,156088.3307690609,518424.3005285625,28250.0144688206,870675.9498100526,0.0,0.0,19847149.01639996,1573438.5955764968
109,192.6598819769976,162.4691306810379,552.094891406918,157.13766114063202,154678.50989785919,402749.3401008097,25005.35295160162,884547.277423607,0.0,0.0,18974272.301999994,1466980.4803738776
109,190.79209207193995,122.93276485549873,1214.9697199175114,158.5623987537123,153178.94000114826,304741.52052626613,55028.12495624778,892567.3011884084,0.0,0.0,18101395.587599963,1405515.8866720707
109,209.9641886040516,149.6656427496915,1516.14835556539,160.42667224043075,168571.4093246736,371010.4104116864,68669.03742088839,903061.5266024801,0.0,0.0,17228518.873199955,1511312.3837597286
109,141.88839687967976,125.17459657766706,1187.0222863016127,163.16043493175036,113916.22156067376,310298.86082183855,53762.336316407,918450.2140003716,0.0,0.0,16355642.169600029,1396427.632699291
109,130.84361026514188,131.75576610622394,2740.006162136102,168.42520849792066,105048.82727938528,326613.108787635,124099.71952317556,948086.2738119017,0.0,0.0,15482765.455200013,1503847.9294020976
109,134.3353529103094,98.36718506918122,876.8485093978701,168.44429990556785,107852.2004765401,243845.2074441411,39714.01801365186,948193.7417004646,0.0,0.0,14609888.740800023,1339605.1676347977
109,157.10589576280344,109.92459256833841,2479.276098705339,178.96252560729866,126133.71088673355,272495.192977085,112290.79434988603,1007402.1315941287,0.0,0.0,13737012.026400018,1518321.8298078333
109,197.7884298440589,156.58841850513917,419.2748144182145,186.21754639673412,158796.00511210205,388171.4757505917,18989.697027494265,1048241.5385215582,0.0,0.0,12864135.312000005,1614198.716411746
109,136.72278998904633,145.13967946996146,955.1223152456291,185.30153586109822,109768.97321627433,359790.8715578079,43259.17695743525,1043085.2022269577,0.0,0.0,11991258.608399985,1555904.223958475
109,199.37709557801054,152.9465535106187,475.85466648718716,193.13054359564626,160071.47796058416,379143.5532330587,21552.298480531983,1087155.652469469,0.0,0.0,11118381.893999975,1647922.9821436438
109,163.91736115273153,140.02248969982642,687.369661571257,187.02553830062965,131602.3497435803,347105.72457355657,31132.186266045323,1052789.8246140403,0.0,0.0,10245505.179600004,1562630.0851972224
109,172.0422892193723,155.0121766507187,905.8195414681237,190.38056113856925,138125.5124979587,384264.08507246076,41026.167235758905,1071675.662009428,0.0,0.0,9372628.46736002,1635091.4268156062
109,170.53519276623524,187.33295244834997,419.9342669510943,198.63347334823993,136915.52819167005,464384.9736958987,19019.564797684034,1118132.3228308395,0.0,12957.434206449485,8499751.755120018,1738452.3895160924
109,124.38522198998247,166.36679327611478,816.4114128093179,201.97593696295164,99863.65917644452,412411.3665517584,36976.71514219144,1136947.4628095026,0.0,0.0,7626875.042880016,1686199.203679897
109,132.82956858942507,182.77837546507476,364.21686928027344,202.86033347845634,106643.26962600756,453094.50352003705,16496.025427933288,1141925.8398852088,0.0,0.0,6753998.329559992,1718159.6384591865
109,123.30376732628889,192.66162738915412,733.109322537649,196.52238742126312,98995.40474700298,477594.377273209,33203.81631398258,1106248.759746345,0.0,0.0,5881121.617319994,1716042.3580805394
109,138.4741040373868,191.68170118770354,707.2251067591293,196.2012252095315,111175.02955026936,475165.2103950004,32031.474454836025,1104440.8980412867,0.0,0.0,5008244.905079995,1722812.6124413926
109,111.75086150418588,202.15240165639835,344.95401828990697,192.05990438909666,89720.06294145495,501121.3270214819,15623.57687721267,1081128.8923129153,0.0,0.0,4135368.192839991,1687593.859153065
109,115.71527785319336,205.68382457248512,295.96778466781194,173.740880458649,92902.92595988241,509875.47153563617,13404.903818368366,978008.8469646941,0.0,90911.32091170922,3262491.4805999924,1594192.148278581
109,118.20963081011118,164.52890192991308,254.1458025432674,118.07402641833839,94905.5369579595,407855.3655209354,11510.712366071391,664653.2590892564,0.0,495240.3163598017,2389614.7683599945,1178924.8739342229
109,153.16874578338658,226.6769157732983,354.8852488719183,159.77171928760995,122972.73888876826,561915.8412499453,16073.379854585088,899374.7156428866,0.0,0.0,31431373.07760004,1600336.6756361853
109,153.48250271911837,205.14054891380673,818.1665990402533,165.55439223208865,123224.64112597043,508528.7300832238,37056.21062726736,931926.0949375804,0.0,0.0,32304249.791999947,1600735.676774042
109,145.78702430694614,175.49824229698396,318.7220819214872,154.40733534800415,117046.26542298905,435047.57474652823,14435.486138273309,869177.9367523913,0.0,0.0,31622873.493599948,1435707.2630601819
109,166.49513844000262,179.730824766528,362.2747620614623,160.5378493821323,133671.93862504367,445539.8435817555,16408.0639611056,903687.3564467707,0.0,0.0,30749996.779200025,1499307.2026146755
109,119.31389968894074,228.59696248505446,1821.3543326249767,150.98993443912147,95792.10796044942,566675.4995486081,82492.35529268597,849940.9655013568,0.0,0.0,29877120.075600047,1594900.9283031002
109,111.67858897281221,175.87098032023638,1291.0300849684622,153.94190161267488,89662.03836807354,435971.56561338477,58473.033256123534,866557.9528451714,0.0,0.0,29004243.36119995,1450664.5900827534
109,103.98534294918846,172.26922798228705,1286.3560421747873,155.93184886420656,83485.45495589318,427043.0794989148,58261.33760092757,877759.6113831819,0.0,0.0,28131366.646800034,1446549.4834389174
109,97.13171651222167,217.03922042900209,1323.5758233677636,154.89264471978996,77982.96676900034,538024.6846730795,59947.08724287779,871909.803068876,0.0,0.0,27258489.932399947,1547864.5417538336
109,90.87338576000002,277.8786603892763,455.7000558327024,146.95232250602422,72958.41643050709,688841.2994564014,20639.460559258678,827212.7498922552,0.0,25817.744068775035,26385613.218000006,1609651.9263384223
109,86.73259635849354,240.0285619969672,813.5932609449102,148.17591766020684,69633.95091203271,595013.616090626,36849.07606576175,834100.5179450857,0.0,0.0,25512736.51439998,1535597.1610135061
109,84.17934272600091,207.74250721587882,608.3840523168836,144.64031123599634,67584.05104075381,514978.79838073126,27554.788488518723,814198.1532676714,0.0,0.0,24639859.800000034,1424315.7911776751
109,82.22079004836574,258.34812530585305,591.605056259322,135.885575119699,66011.61153428075,640426.5016194701,26794.838115633236,764916.6637760951,0.0,0.0,23766983.085599974,1498149.615045479
109,382.5700194134228,303.25235425608594,1381.969293797024,132.54519479345814,307149.36564493726,751740.8694728134,62591.83067535482,746113.2508852071,0.0,17372.289168259944,22894106.37120001,1867595.3166783126
109,131.28467198717942,215.9945711493711,625.732150626734,134.39623381861202,105402.93717106423,535435.0739190578,28340.514507775013,756532.9778826669,0.0,0.0,22021229.65679995,1425711.5034805639
109,300.4136451211279,316.236267372458,820.7368965950105,122.76882833598341,241189.47080985067,783927.0602748758,37172.62394415852,691080.8781854797,0.0,7289.529597922345,21148352.942400057,1753370.0332143647
109,274.8499490816324,252.29604584391876,1896.1423835126323,125.59512728185538,220665.45527379282,625423.8300392486,85879.63823646134,706990.4635745537,0.0,0.0,20275476.23880003,1638959.3871240565
109,268.0518287091893,252.85909783206503,1865.8927865008548,126.33914535227777,215207.53056977308,626819.595596175,84509.58054946545,711178.6330672706,0.0,0.0,19402599.52440001,1637715.339782684
109,255.70200546201227,306.2191003667634,1363.7443083536264,121.86962446849006,205292.37730707487,759095.2206244039,61766.38888872892,686019.1486989489,0.0,0.0,18529722.81000002,1712173.1355191567
109,239.50649825164982,280.1940914209016,815.065248355235,104.40023961541984,192289.68626090267,694581.0871694704,36915.74497595885,587681.8265199005,0.0,0.0,17656846.0956,1511468.3449262325
109,135.24125532053264,284.11747630567965,1570.2216227882395,105.03559994756029,108579.5113909262,704306.877334545,71118.11121816258,591258.3482009431,0.0,0.0,16783969.3812,1475262.848144577
109,298.4527544126355,338.99798652449533,692.2663501033852,103.8403245116892,239615.15419681353,840351.7320239992,31353.96594005734,584529.9953357133,0.0,23786.639960629982,15911092.677599978,1695850.8474965834
109,213.68679468557494,323.67916734456884,633.6764806317846,101.89698227682646,171560.13305749247,802377.4762993756,28700.3272479981,573590.6821852411,0.0,0.0,15038215.963199966,1576228.6187901073
109,143.83020045338077,291.66402195707246,1602.3753126535332,93.08178508501985,115475.21391659284,723014.2235756351,72574.40863422654,523968.84984177543,0.0,0.0,14165339.248799982,1435032.69596823
109,137.48574016041826,359.5846000764347,1541.2883955865236,100.51292708845288,110381.51379515944,891384.472755723,69807.67424533694,565799.6648072734,0.0,9511.77844296163,13292462.534399979,1637373.325603493
109,148.96553660557453,342.46933639835714,1458.5206819953778,93.4685966446154,119598.15915923954,848956.9597684722,66058.97828100811,526146.2598237785,0.0,0.0,12419585.81999997,1560760.3570324983
109,221.00472851083967,346.3400544351056,1461.6859699265344,91.5613274033869,177435.39410305998,858552.1925888981,66202.33976314448,515410.00600406184,0.0,0.0,11546709.11640001,1617599.9324591644
109,243.72555575913404,372.8901306879562,775.6823308479107,88.16348625958736,195676.9899472454,924367.930296355,35132.02306897851,496283.139083369,0.0,12876.842341887532,10673832.399839997,1651460.0823959478
109,258.4521625088472,355.3764665667163,950.4022009567371,83.4911411942193,207500.36264177115,880952.8111410469,43045.394642831925,469981.93237865577,0.0,0.0,9800955.687600018,1601480.5008043058
109,278.7637305245479,366.9288124217386,1009.6752593204673,91.0648059791575,223807.66565741767,909590.2492206586,45729.97616672353,512615.02566137013,0.0,0.0,8928078.975360012,1691742.91670617
109,193.72849219270927,375.8869793119251,1017.9301145959082,84.48444589131701,155536.452060658,931796.9034226718,46103.85314501032,475573.3670423264,0.0,0.0,8055202.263120016,1609010.5756706665
109,268.73895418181183,373.797297244333,1237.7314384989904,89.62993281307352,215759.19468960684,926616.7312249423,56059.04340119933,504537.9476184949,0.0,0.0,7182325.549799989,1702972.9169342434
109,169.7440929765125,374.4840208288613,758.1510875261541,89.12965614361852,136280.38746907044,928319.0698128394,34338.00208859267,501721.8285372205,0.0,0.0,6309448.83755999,1600659.2879077229
109,245.62365983837142,378.58869531178954,773.5614451455964,82.79856810542952,197200.89781843644,938494.2639090859,35035.96440880647,466083.35303326516,0.0,0.0,5436572.125319991,1636814.479169594
109,275.86549615880307,404.60253935505233,838.5716965393377,81.77689915859234,221480.7952761636,1002980.7203700255,37980.39354023763,460332.252509093,0.0,20456.964706732426,4563695.413079994,1722774.1616955195
109,180.08582903523487,389.5273547927217,763.7219059038392,83.70444972914224,144583.33205154,965610.4174150828,34590.31429421425,471182.67243325314,0.0,0.0,3690818.7008399963,1615966.7361940902
109,167.98337044448908,309.5279703891198,553.8879486030379,71.32296070515767,134866.7774595435,767297.6724526201,25086.563679592833,401485.74346589245,0.0,328049.14822363283,2817941.9886,1328736.7570576489
109,143.5085992601999,219.16019735596214,385.7496923512434,49.580906968675016,115217.01385526129,543282.4345860721,17471.28502427167,279097.0411102444,0.0,691593.7585277841,1945065.276360005,955067.7745758495
109,106.03706895246377,126.30446875353127,220.03173523736248,28.77297606228085,85132.69940371862,313099.73303257837,9965.625992558615,161966.63138881422,0.0,1072252.213642921,1072188.5640119994,570164.6898176698
109,95.74859529416588,103.52084833701105,174.9646341947427,24.02895584749311,76872.5169606561,256620.7696172112,7924.457371699899,135261.95642691874,0.0,1169649.8359784486,880688.148336001,476679.70037648594
109,148.8227174544957,196.55653931778693,322.6553486854663,45.70593396596861,119483.49567430919,487249.5850190255,14613.630738444244,257284.34010175502,0.0,781473.7797443303,1753564.860360004,878631.051533534
109,185.20400053020526,279.93683439965986,461.8142319715372,72.54277260536169,148692.49651338806,693943.3654366889,20916.38239776767,408352.2151154147,0.0,406283.8485698929,2626441.5726000057,1271904.4594632592
109,196.8347172704241,329.49515523699876,614.9371196221542,110.76245178818151,158030.30942991382,816794.8937859569,27851.58848329194,623495.503616514,0.0,41136.41110944841,3499318.2848400064,1626172.2953156768
109,198.18527977035077,338.91314114384113,813.8768722458267,117.39820379449252,159114.61921391715,840141.4064013666,36861.921322602306,660848.9701771977,0.0,0.0,4372194.998160006,1696966.917115084
109,220.60081022439286,324.6765983119235,668.2040236401931,122.87478551721178,177111.10511239432,804850.0362386964,30264.140666515163,691677.324228387,0.0,0.0,5245071.710399999,1703902.606245993
109,185.55819713649967,307.6860953242391,786.6437322153113,125.93250429575667,148976.86605991898,762731.7960684769,35628.48430110029,708889.6004011137,0.0,0.0,6117948.422639994,1656226.7468306099
109,223.87357361057798,325.73722850048466,562.5688492657787,133.25256218994434,179738.6690796754,807479.2625215196,25479.737006113686,750095.1092134924,0.0,898.6889360814821,6990825.13487999,1762792.777820801
109,308.02942224495786,312.17035062551946,586.734538635823,134.26729016643728,247303.857703168,773847.9438306008,26574.24376830604,755807.1381594312,0.0,0.0,7863701.847119986,1803533.183461506
109,227.53549489457401,316.2433484454485,914.3548997346561,139.31889519939747,182678.67154287317,783944.6137477243,41412.7486900432,784243.2460032745,0.0,0.0,8736578.559359988,1792279.2799839152
109,198.24892693912176,280.84434931028596,794.0377515128713,141.77272952390783,159165.71884671922,696193.0299105135,35963.37249721325,798056.182095353,0.0,0.0,9609455.271599984,1689378.303349799
109,174.29501440093335,276.93948641716054,1499.4973211394167,147.65420468207049,139934.13072567488,686513.1544363355,67914.882656352,831163.7312380844,0.0,0.0,10482331.983840002,1725525.8990564467
109,175.46560877866125,267.69203134154475,515.9267390691359,150.91356036879762,140873.9516794912,663589.3755393588,23367.23343828963,849511.046438795,0.0,7621.901936006965,11355208.700399997,1677341.6070959347
109,186.18785655661995,277.677127407535,649.2310070206643,155.05200404797313,149482.39310503044,688341.7136269911,29404.819226465377,872806.8563841238,0.0,9211.402462300262,12228085.404000016,1740035.7823426109
109,184.64496639665808,262.61452412059606,463.95365986629906,158.8995086529954,148243.6715381426,651002.5987527649,21013.280866591922,894464.9343938341,0.0,10224.115570940194,13100962.118400028,1714724.4855513335
109,200.6132820157972,286.3250099335967,879.328413489451,164.20354166403035,161063.96001855415,709779.1951106485,39826.33725090848,924321.990463143,0.0,8259.569125524373,13973838.832800014,1834991.4828432542
109,215.18832601820594,267.84484271628867,954.2801381097613,166.14261211500164,172765.64936277102,663968.1839941097,43221.03326717853,935237.2572151674,0.0,0.0,14846715.547200022,1815192.1238392268
109,277.74071091186704,234.19799839171742,1028.4126573468266,172.12557280963205,222986.3262708159,580560.0664557709,46578.62602444958,968916.0809608732,0.0,9759.722760788747,15719592.26160004,1819041.0997119094
109,251.34111239244066,220.1657905315267,1025.4079259510434,176.23707681995188,201791.19981800232,545775.2280550272,46442.53643143622,992060.2441872167,0.0,9565.60308011307,16592468.965199972,1786069.2084916825
109,210.20023411727146,210.29460093622586,410.4539399233014,181.3903522133663,168760.92033173048,521305.255951081,18590.18403883936,1021068.6670310522,0.0,866.3842588422121,17465345.679599978,1729725.0273527028
109,279.35424647362095,252.47029759350227,415.5681715308241,183.9989949047083,224281.76605723234,625855.7876478231,18821.816623043236,1035753.0385155715,0.0,0.0,18338222.393999986,1904712.4088436703
109,235.77674098520174,224.14277669825583,619.3185821054196,189.2393051907317,189295.22114271176,555633.8919595245,28050.032659362936,1065251.3915056195,0.0,7153.33985500643,19211099.108399976,1838230.5372672188
109,156.4576702763396,196.48099460289353,1209.8699848298133,193.58489923900203,125613.27792842823,487062.3150807678,54797.148945036024,1089713.276430492,0.0,6188.77353167301,20083975.82280002,1757186.018384724
109,183.91366842602747,218.51203095866327,569.2980279434054,197.56130227179426,147656.5431789444,541675.6765041314,25784.513396055732,1112096.9395896853,0.0,7481.812967498554,20956852.5372,1827213.672668817
109,221.23956837624917,210.66707630666008,504.28990896152743,198.87364764435077,177623.93714623747,522228.5957204104,22840.18084532494,1119484.2935690437,0.0,0.0,21829729.240800027,1842177.0072810166
109,257.59227780201945,207.47764668306692,296.1005629818612,197.53202143969074,206809.99740448757,514322.2280872755,13410.917582775168,1111932.1141739965,0.0,0.0,22702605.95519997,1846475.2572485348
109,137.09114277801552,211.816231629179,674.1837382039828,195.1748490300234,110064.70816602,525077.2694707885,30534.972502753233,1098663.299923775,0.0,0.0,23575482.66960004,1764340.250063337
109,138.60684854673764,193.29888331583797,612.0388924218953,192.06055764670026,111281.60452941297,479174.0890798236,27720.32265344206,1081132.569580545,0.0,0.0,24448359.38399999,1699308.5858432236
109,141.23478957283083,137.11309258266795,250.075868801324,186.95500432209397,113391.46776531011,339893.5374699819,11326.377877035306,1052392.7801485271,0.0,0.0,25321236.098400068,1517004.1632608543
109,142.92509637580872,204.8433555919889,236.4542703487962,181.2399638220107,114748.54394988935,507792.0091212616,10709.431619477198,1020222.1122257682,0.0,0.0,26194112.80200003,1653472.0969163962
109,145.5469497584777,154.33037521686475,321.7467173305615,179.4132882412036,116853.51967311915,382573.94814359676,14572.477219210647,1009939.5300617567,0.0,0.0,27066989.516399957,1523939.4750976833
109,147.13846608853524,160.1919340013701,350.45637400982326,176.68054654672034,118131.28114522887,397104.3326081771,15872.788288119136,994556.5899809966,0.0,0.0,27939866.23080005,1525664.9920225218
109,149.1342033767845,99.40463407451179,514.2065777432806,172.38501101308663,119733.57461040834,246416.9692338033,23289.32429303908,970376.4906097099,0.0,0.0,28812742.945199985,1359816.3587469605
109,149.72931269745715,171.98288233501256,326.7933343482057,165.4510287606564,120211.36283493845,426333.24914531404,14801.04741919234,931344.2492070484,0.0,0.0,29685619.65960008,1492689.9086064934
109,152.36187566978765,123.92775773518176,341.4294614010473,168.6902335858877,122324.9368369249,307208.036620847,15463.943469304577,949578.132722799,0.0,0.0,30558496.363199934,1394575.0496498756
109,200.66516007759793,223.6399637502012,1768.4404682546765,137.67713468999406,161105.61073074903,554387.4546691034,80095.7928987816,775001.5735853892,0.0,0.0,17859233.50559999,1570590.4318840231
109,241.63645626499945,276.27086939115395,1388.760321213347,133.29468440334276,193999.73989671495,684855.7007103538,62899.40830393316,750332.220348469,0.0,0.0,18732110.219999988,1692087.0692594708
109,268.3473272424876,235.758357313099,1943.9988213690874,132.54839797772522,215444.7739041848,584428.0844803185,88047.14084920523,746131.282004558,0.0,0.0,19604986.93440003,1634051.2812382665
109,262.35207654692107,262.0758814511022,1485.1729438808554,130.77982859292976,210631.4394697484,649667.34214876,67266.10630515366,736175.7867852706,0.0,0.0,20477863.64880001,1663740.6747089326
109,288.3785069255633,194.59199303320344,833.7104665282609,128.0236781753427,231526.96492952935,482379.6154660596,37760.219845284344,720661.0761147031,0.0,0.0,21350740.36319998,1472327.8763555763
109,148.32676663214212,249.53197790596815,2046.676039690623,110.04865162722731,119085.31763435053,618571.9035635113,92697.57345450588,619477.4344635596,0.0,0.0,22223617.066799987,1449832.2291159274
109,139.69045266555253,253.36769159946203,1230.3961159824019,110.02973347199111,112151.58466589765,628080.3631237656,55726.81368598913,619370.9418341888,0.0,0.0,23096493.781200044,1415329.703309841
109,134.01732700334276,167.12872075757826,2236.3526237959913,108.22131754175794,107596.8708620208,414300.1302146017,101288.3610274942,609191.1454955782,0.0,0.0,23969370.495600004,1232376.507599695
109,149.60524271696713,256.3613021500898,781.737660639088,107.9786696456841,120111.75226989333,635501.309298157,35406.27965244531,607825.2505580649,0.0,20105.30515786924,24842247.210000012,1398844.5917785605
109,141.23044929080743,232.52783938384482,953.5502196502019,98.7891001455204,113387.98313556245,576419.8618798956,43187.97397068574,556096.0303121937,0.0,0.0,25715123.92439996,1289091.8492983375
109,127.2844131708765,232.20128959807212,916.0093335293384,106.97041339228831,102191.29774430809,575610.3683460857,41487.680919293976,602149.6517397242,0.0,0.0,26588000.63880004,1321438.9987494121
109,122.57486148784261,212.99606128331047,1011.0276290980645,106.20356183799876,98410.19693004718,528001.9826925617,45791.22738302028,597832.9497498187,0.0,0.0,27460877.34240006,1270036.356755448
109,155.24797999471716,144.2942827209202,998.202043313643,101.98681039564923,124642.06851897982,357695.19355810113,45210.33394542075,574096.3357463544,0.0,0.0,28333754.056799997,1101643.931768856
109,132.76970768377853,195.6357074812418,2205.5011805021445,102.63193484821262,106595.20982449867,484966.90883950895,99891.0446591738,577727.8208656578,0.0,0.0,29206630.771199923,1269180.9841888393
109,137.05139977205508,116.0429108721555,766.556102066496,96.43521744774742,110032.8001793767,287662.0659027899,34718.680045255176,542845.7342560102,0.0,0.0,30079507.48560002,975259.2803834318
109,148.9204612212063,145.62689122194274,858.5070226294373,95.57960565374034,119561.97003042036,360998.6346004074,38883.29967620621,538029.3899281971,0.0,0.0,30952384.19999994,1057473.2942352311
109,144.20633303343564,139.40627521864465,2239.1154182266478,94.89433785106735,115777.1949331382,345578.1730035063,101413.49286795597,534171.9329394618,0.0,0.0,31825260.90359996,1096940.7937440623
109,149.5460897747835,136.34311638170342,582.9030326906346,93.18857155902101,120064.26086244958,337984.82160788623,26400.708095386763,524569.9640759937,0.0,0.0,32101862.381999936,1009019.7546417164
109,144.06829946441505,138.32754895950907,699.8289070719542,100.1160241591075,115666.37359061015,342904.08785763825,31696.48750502557,563565.4492601824,0.0,0.0,31228985.66760007,1053832.3982134564
109,136.18105632431582,200.68485473579486,832.3708999207269,92.4562443453211,109334.03805923928,497483.3833003426,37699.54850717758,520447.6038578297,0.0,0.0,30356108.953199964,1164964.5737245893
109,444.35178205417,125.41952659481899,660.1683527742763,98.50829624456327,356751.3423827563,310906.0247942518,29900.19093734251,554515.3505166655,0.0,0.0,29483232.23880004,1252072.908631016
109,396.16945626492105,201.88677647754668,569.5992866452007,100.71984763184876,318067.7810724466,500462.8612252519,25798.15793485763,566964.446069609,0.0,0.0,28610355.535200022,1411293.246302165
109,271.274246655066,184.47582548044485,493.8685343284381,103.3412642786596,217794.67430214517,457302.36054911517,22368.17837800053,581720.7237251243,0.0,0.0,27737478.820799932,1279185.9369543851
109,331.88030649978015,244.98870486916874,740.4191181493848,107.92931350557748,266452.7287521116,607309.4550614568,33534.88987057668,607547.418757346,0.0,0.0,26864602.106399998,1514844.4924414912
109,326.002160243695,252.94416514212486,1689.4678545646543,106.19663629045598,261733.41254303453,627030.4713659112,76518.98371332217,597793.964988437,0.0,0.0,25991725.392000057,1563076.832610705
109,304.8913983440891,160.4050636801659,1660.6068157040074,111.21630313303145,244784.47039726176,397632.6658191145,75211.81627799002,626050.2888190427,0.0,0.0,25118848.677599974,1343679.241313409
109,256.34605901932315,191.31070669975753,487.0500346415239,116.91071122788449,205809.460799066,474245.5416273092,22059.356481755145,658104.8143877625,0.0,0.0,24245971.973999962,1360219.1732958928
109,281.6536156580901,187.39027245368877,925.5659000421123,116.80094704557149,226127.83279156784,464527.0658842917,41920.51469909659,657486.9382661579,0.0,0.0,23373095.259600006,1390062.3516411139
109,313.9670409376523,203.4220945208193,448.1610445272767,122.25926778616554,252070.9218283153,504268.80470621306,20298.005418969507,688212.49899648,0.0,0.0,22500218.545199938,1464850.2309499779
109,215.84809565045674,194.1091051503499,515.7937247088356,125.4759716975588,173295.3506298184,481182.5709853837,23361.208982931123,706319.7220927582,0.0,0.0,21627341.83080005,1384158.8526908914
109,176.73926605447267,218.94998267936487,861.6261257828045,134.2860010344205,141896.51749610787,542761.3274568337,39024.569368167395,755912.4639432862,0.0,60.3988658945309,20754465.1164,1479594.878264395
109,238.70234623095655,286.00184702273083,282.93655609043935,139.2929416922959,191644.0664514447,708978.0973971894,12814.696455391639,784097.1505104458,0.0,652.9344804494176,19881588.412799995,1697534.0108144716
109,230.37463804453097,239.59537309769604,357.9862512425928,142.05603955189918,184958.10007420843,593939.7718311711,16213.82973012164,799650.9691890865,0.0,1831.7627467928687,19008711.698400017,1594762.6708245878
109,274.58708576374335,253.52432368861335,381.31425362859034,142.5427292810725,220454.41338016838,628468.6428559206,17270.39616896546,802390.6057075721,0.0,0.0,18135834.983999986,1668584.0581126264
109,196.52934183231253,235.69214421549032,257.2212639995973,149.0744952131797,157785.1363443612,584263.9469530471,11650.005448477212,839158.7218299248,0.0,5174.898269556463,17262958.269599993,1592857.8105758103
109,194.9425610693656,298.69421737475557,999.0090079930366,151.51785136253676,156511.17685975754,740441.5745646071,45246.882801318134,852912.6749815872,0.0,0.0,16390081.555199984,1795112.30920727
109,248.8576622740303,295.571768944471,287.62639323892625,153.8779586645838,199797.34225004617,732701.2485129782,13027.107464819028,866198.0101030316,0.0,0.0,15517204.84079997,1811723.708330875
109,384.4231467533865,290.3971705431128,914.7627734170895,158.75013519067653,308637.16358530347,719873.7896431134,41431.22200966209,893624.0927492888,0.0,0.0,14644328.137199977,1963566.2679873677
109,319.2057287001397,291.62997421329027,316.0510397400152,161.6457772110373,256276.84372864346,722929.8216570508,14314.509919264798,909924.0188580988,0.0,0.0,13771451.422799967,1903445.194163058
109,270.7785676630139,327.98623494294543,339.7079164152021,169.78995707465768,217396.71450329383,813054.3884348957,15385.97165564874,955768.611891505,0.0,7302.856432631379,12898574.708400028,2001605.6864853431
109,264.02047333919955,305.9230454795267,244.39589614504888,173.2703106936723,211970.92502896208,758361.3217602419,11069.121881306624,975359.9517130619,0.0,7154.990868259571,12025697.994000012,1956761.3203835725
109,200.56075467166377,336.414722865171,435.3552404981507,176.14178265983992,161021.7880249036,833948.0064070891,19718.007932013363,991523.8216054528,0.0,15297.333820068045,11152821.279600004,2006211.623969459
109,178.32280735440781,305.09263225498563,286.5855864457845,181.3104677236373,143167.8761522132,756302.7868447601,12979.967486489193,1020618.9873846502,0.0,4837.145812479546,10279944.571679996,1933069.6178681126
109,246.3483687622149,335.92431233521194,328.0937091197153,186.3801970931942,197782.73610931204,832732.3138229559,14859.943689810048,1049157.1193548255,0.0,732.8702516022604,9407067.859440006,2094532.1129769036
109,186.60542385646553,334.5426341858014,455.1091410930179,187.51754048023503,149817.64031404667,829307.2326363071,20612.69698680022,1055559.3655712965,0.0,16096.824520441936,8534191.147199998,2055296.9355084505
109,206.17461730064653,331.0360991032295,373.7365861843482,193.55893998778112,165528.92203387182,820614.7832791507,16927.190223860132,1089567.148603307,0.0,3281.3983594297897,7661314.434959997,2092638.0441401897
109,194.92508087745236,368.0776770669674,434.8303289847637,194.6101689956174,156497.1427494377,912438.2024028506,19694.233762273892,1095484.6463570641,0.0,564.4728886495577,6788437.722719998,2184114.2252716264
109,210.77867884552063,361.9112145687716,354.002080479637,200.66090569177047,169225.32925644133,897151.983467018,16033.379597911066,1129544.9895754815,0.0,10327.465388574172,5915561.010479999,2211955.681896852
109,189.23233110379743,352.2333225162599,408.2658569221174,201.03716845319852,151926.67357248964,873161.1821290819,18491.081894292114,1131663.01907141,0.0,2662.1733814638574,5042684.298239999,2175241.956667274
109,146.81334398442496,377.89463720305366,380.7191597297767,193.442881211436,117870.25429271247,936773.7435609234,17243.443315007225,1088913.8394354603,0.0,12238.67262095958,4169807.5859999997,2160801.2806041036
109,136.45765468227756,333.45380523921324,302.19516568483346,159.8097047132435,109556.10723840976,826608.1036517251,13686.952905795903,899588.5402892637,0.0,302343.7280261195,3296930.87376,1849439.7040851945
109,122.27869948533542,246.75789295767962,225.7255578087485,115.87216416942113,98172.42092413409,611695.1456364918,10223.509275409653,652258.7048913387,0.0,761460.7885692356,2424054.1604399965,1372349.7807273744
109,107.97603989918481,158.0881469685871,163.35150041359032,73.606540747134,86689.41756266497,391889.1952118343,7398.478027221863,414340.2972007943,0.0,1218773.364132911,1551177.4481999995,900317.3880025153
109,77.90139364398776,69.13711757011288,81.45795916545283,33.866540399919515,62543.7499710357,171385.96335879143,3689.3748726032445,190638.93333435492,0.0,1677064.7537556281,678300.7362839999,428258.0215367853
109,101.63385165880395,126.5545077852416,153.84858496463855,61.295305540754,81597.5415766153,313719.5618862114,6968.074198878652,345038.8356385079,0.0,1321212.3409995155,1274575.976280003,747324.0133002133
109,112.73220432893835,208.95894062648816,248.17233069248815,102.8551569637317,90507.94178926713,517994.24969351816,11240.163273333816,578984.3656882667,0.0,831924.2553263054,2147452.6885200036,1198726.720444386
109,116.11918210749872,288.8999110187747,352.68365647462133,138.23835221249362,93227.20368473236,716162.1905051166,15973.665845622454,778160.7362454796,0.0,393569.61269762774,3020329.4007600034,1603523.7962809508
109,114.94046278810735,362.1917034513004,495.6173388832471,166.94473020383197,92280.85955724533,897847.2953202331,22447.384825690948,939752.478878115,0.0,181.5594280459918,3893206.1130000027,1952328.0185812844
109,115.33044187872645,363.7541163392328,595.3421748545076,159.89315988706872,92593.95735430246,901720.4049807701,26964.098818728082,900058.3197568858,0.0,0.0,4766082.825239996,1921336.7809106866
109,127.7532433373114,368.90137662757115,691.9793195673928,157.8196050933477,102567.70175117847,914480.0946262158,31340.965820019846,888386.024050937,0.0,11552.62992132944,5638959.537479989,1936774.786248351
109,131.44313552418552,331.59754641472057,598.6463951213576,149.995230129505,105530.16087496007,822006.570957564,27113.752791783096,844341.6522461764,0.0,0.0,6511836.249719983,1798992.1368704834
109,148.79620565910304,323.6378358329387,1007.9622852422109,154.81245239424058,119462.21046970939,802275.0184419069,45652.39254461358,871458.3905766697,0.0,0.0,7384712.961959979,1838848.0120328995
109,131.50174746404932,317.7331741660043,781.5667626957785,144.4612323960403,105577.21793441284,787637.7850184997,35398.53938268794,813190.0963882608,0.0,0.0,8257589.674200024,1741803.6387238614
109,186.62854819888187,327.8088888267739,833.8063932154462,150.61018047252858,149836.20587523474,812614.7601131455,37764.56453440913,847803.2835809168,0.0,0.0,9130466.38644002,1848018.814103706
109,118.06371493073948,340.96351670028787,923.3143119347166,140.5892038223587,94788.38724022872,845224.1405728133,41818.53629610216,791393.9699339462,0.0,19923.087658723467,10003343.099759988,1773225.0340430904
109,168.69409458464682,292.3255329737755,649.7919175093953,140.10803794918908,135437.38795623818,724654.0620134342,29430.223853393243,788685.4278822707,0.0,0.0,10876219.812000005,1678207.1017053362
109,193.04158656941456,308.9018275892855,690.9805614141555,137.12597178276002,154984.96444859577,765745.5092916243,31295.73029887357,771899.009594861,0.0,0.0,11749096.526400017,1723925.2136339545
109,141.3484008628686,303.70510154592876,1377.6822669925753,143.27454842284376,113482.68148801297,752863.1975818658,62397.66365800561,806510.1059261793,0.0,0.0,12621973.240800021,1735253.6486540637
109,150.21702037952195,284.3326218419705,829.7212885488174,143.62737628102886,120602.92280452531,704840.2077118515,37579.54292739339,808496.217461068,0.0,0.0,13494849.944400022,1671518.8909048382
109,177.54734916110186,260.97681735729026,707.8968166026092,143.56764824641664,142545.29340899855,646942.840967177,32061.89738027639,808160.0009868083,0.0,0.0,14367726.65880003,1629710.0327432603
109,206.32045612451236,254.90267823417776,1190.185991196957,138.64961393140203,165646.00988698032,631885.4850666472,53905.626100054884,780475.7791901713,0.0,0.0,15240603.373199956,1631912.9002438537
109,165.4380566783525,305.44989496117614,1692.876891478808,138.01962129647669,132823.25217276104,757188.4155088497,76673.38501750055,776929.4729388558,0.0,23585.355470473412,16113480.087599967,1743614.525637967
109,226.97143794777668,242.45916319454764,1194.9379503031128,145.1063427880932,182225.81396228683,601038.9023974482,54120.850722688505,816821.5023592163,0.0,0.0,16986356.801999975,1654207.0694416398
109,369.5507434313511,381.12749060304486,4312.074546521392,107.30706066356959,296696.7369596551,944787.755626054,195301.47383652066,604044.6807550628,0.0,0.0,23165022.697199967,2040830.6471772925
109,438.32947324133846,387.91837307925,1529.352459097439,105.22170631425814,351916.28412488435,961621.8669709545,69267.07459595984,592305.9638952257,0.0,0.0,22292145.99359996,1975111.1895870243
109,363.80918688807526,430.9831942300158,1000.4925856040454,92.04644790632642,292087.08288172807,1068376.4746144272,45314.07665217923,518140.809154514,0.0,0.0,21419269.279199988,1923918.4433028484
109,332.6849253685526,376.23188177623115,804.0263270488117,94.74530923289831,267098.7233742421,932651.8919322806,36415.77272885356,533333.0324651722,0.0,0.0,20546392.564800013,1769499.4205005486
109,292.03287144574347,383.3615870008952,1094.6987166906476,85.5855905864968,234460.90038513482,950325.9206065899,49580.83875175663,481771.8463572185,0.0,0.0,19673515.850400034,1716139.5061006998
109,324.52803143982567,428.9835990319601,762.4950007851193,79.14026904749826,260549.89657468544,1063419.621314912,34534.7455939614,445490.33638655307,0.0,6011.193823439884,18800639.136000004,1803994.5998701118
109,238.5007400563053,337.9896128649026,884.6212603499257,72.32902003588877,191482.20533972146,837852.0459342564,40066.05963545668,407148.97553556407,0.0,0.0,17927762.43240001,1476549.2864449986
109,315.6409334113228,406.01423048045643,683.7593836439434,70.3025463317026,253414.8196387972,1006480.2015748513,30968.67040087258,395741.7050900393,0.0,5207.766089656157,17054885.718000006,1686605.3967045601
109,257.43556865406896,378.4851969139499,554.1354566401324,70.66539845792299,206684.18222571965,938237.6987926438,25097.773755835588,397784.2444661877,0.0,44195.906394391204,16182009.003599996,1567803.8992403867
109,241.93309441173366,336.34083099539765,582.3294358456899,70.9034136110788,194237.8981787863,833764.8337535193,26374.72888097451,399124.06112236873,0.0,0.0,15309132.289199982,1453501.521935649
109,239.74505424094397,332.6893890717056,784.2355011545072,66.73637691159783,192481.21282352996,824713.1707143999,35519.41126202369,375667.2975388038,0.0,0.0,14436255.574799977,1428381.0923387571
109,213.38026212184712,313.96612912786037,702.667057450982,73.31699232105701,171314.03096448773,778299.5501373084,31825.032349511377,412710.39339473296,0.0,0.0,13563378.871199979,1394149.0068460405
109,192.32758633342263,292.45052440046,677.4999165899122,80.33043335216118,154411.72371245155,724963.9068092081,30685.168080146326,452189.91806375625,0.0,0.0,12690502.156799978,1362250.7166655622
109,173.18697519602532,297.9115295083603,677.8356220520866,75.27668010858737,139044.5326870752,738501.3473942255,30700.37277357875,423741.717677388,0.0,0.0,11817625.442400027,1331987.9705322674
109,187.7688943025162,291.78607689282444,753.910370984776,84.74994578206211,150751.74176297625,723316.7890206774,34145.932544868716,477067.8986766281,0.0,0.0,10944748.72800001,1385282.3620051504
109,286.62977185610976,272.83135705266426,718.8736863585822,84.64604732770448,230122.9791491296,676329.3959360955,32559.059203042765,476483.0414612192,0.0,0.0,10071872.01684002,1415494.475749487
109,197.58298696312028,249.59757067726454,837.1335614332957,93.3932776576879,158631.06367039337,618734.5033462779,37915.257860704296,525722.279955799,0.0,0.0,9198995.304600012,1341003.1048331745
109,206.22557922933234,257.7783234503908,475.2879656086256,92.02209838632974,165569.83722135014,639014.0036248439,21526.631596619503,518003.7427029499,0.0,0.0,8326118.592360018,1344114.2151457635
109,150.8521432371781,234.46773948556103,903.2396135119529,98.90818655845626,121112.8362136701,581228.7353105139,40909.31774097485,556766.3824198676,0.0,0.0,7453241.880120016,1300017.2716850264
109,259.30666501794474,267.9467985055985,434.33230000015425,103.89810454136925,208186.40673904185,664220.9250944767,19671.677149752897,584855.2462499241,0.0,5380.871428022394,6580365.167880014,1476934.2552331956
109,178.54840653991428,223.62858851157662,542.2196024347495,105.03315754001197,143349.0002424505,554359.256267165,24558.08366856431,591244.5995875837,0.0,0.0,5707488.455640008,1313510.9397657635
109,186.93920263579975,243.23837655173455,574.5191678984637,106.63379607608188,150085.617246728,602970.5165083212,26020.988048181644,600254.7913451969,0.0,9874.101638207561,4834611.743400002,1379331.9131484278
109,144.39332783905388,226.45810655257344,455.3101700334549,111.67571371803383,115927.32519167913,561373.4288612934,20621.80194264631,628636.3676701194,0.0,22414.25997785793,3961735.031159996,1326558.9236657382
109,191.8710999906372,214.06974193229965,511.77136906815053,115.370259205813,154045.2300420194,530663.5601322068,23179.029390151547,649433.419941427,0.0,25163.66306175117,3088858.3189199967,1357321.2395058046
109,121.72577167811319,167.97401723817092,318.49295869476623,97.79065634356658,97728.49846127056,416395.5596560049,14425.10874257061,550475.6669933817,0.0,225359.40651209408,2215981.606679998,1079024.8338532278
109,105.3896639353206,102.57065353411008,236.6456340937931,59.58246910303197,84612.9251656961,254265.30474686058,10718.098821547468,335397.0680529319,0.0,606807.5292946958,1343104.8933599985,684993.3967870361
109,72.80474154972512,50.36484458970863,128.521122752832,29.818044624539493,58451.86253023226,124850.84297402731,5820.948692318243,167849.45123452626,0.0,923243.7525695488,609771.8185559997,356973.1054311041
109,103.85053831945594,110.56157429714993,253.29411843860265,69.07945291606931,83377.22599280864,274074.2250668102,11472.138088403037,388856.7613853922,0.0,534977.1828118563,1482648.5311200013,757780.3505334142
109,108.0461363774125,164.16413786161482,316.4432184508095,118.27584482022414,86745.69507456876,406951.1415173736,14332.272385891732,665789.3197676844,0.0,131021.16700406774,2355525.2433600044,1173818.4287455184
109,106.61962839224071,169.58706237272295,501.0642529050854,140.21607219988533,85600.41185712077,420394.18302999873,22694.08518414927,789293.5660054182,0.0,0.0,3228401.955600005,1317982.2460766868
109,107.09335641749014,157.15837279871846,381.9634455345035,145.23004294541389,85980.74814867515,389584.35162839363,17299.799217233693,817517.8258031358,0.0,0.0,4101278.667840005,1310382.7247974381
109,109.75663606170542,156.35299147972944,370.1847862738175,149.3044690310412,88118.98327360742,387587.8690141723,16766.322931373583,840453.272817839,0.0,0.0,4974155.380080004,1332926.4480369925
109,113.5414361633203,140.7018034568402,398.79760397729495,153.1592170046171,91157.63996731883,348789.69472968316,18062.247991995006,862152.1246426041,0.0,0.0,5847032.0923200045,1320161.707331601
109,118.3191675830518,132.63530779597426,449.1448239446434,156.80495743933665,94993.47942238755,328793.4296501472,20342.562526707068,882674.4472501568,0.0,0.0,6719908.804560005,1326803.9188493986
109,121.76400785921844,149.4441366358993,386.17391838924516,159.29286847680083,97759.19668166213,370461.31261825236,17490.498970961995,896679.2053628003,0.0,0.0,7592785.516800004,1382390.2136336768
109,122.24478984933799,110.88380407152445,393.57917658918063,165.98249579808726,98145.19630469885,274873.0096017318,17825.896196817957,934335.9427169774,0.0,112.53335522534326,8465662.229040002,1325180.044820226
109,118.13492716477266,116.7512941947872,400.1278478465115,168.6734349824644,94845.56054550494,289418.09743033245,18122.49708681401,949483.5713120288,0.0,0.0,9338538.941279992,1351869.7263746802
109,118.63778086749114,120.74599330856533,436.88479156366833,172.90401596623883,95249.28061755607,299320.6704620918,19787.284001844946,973298.0335100417,0.0,0.0,10211415.654599998,1387655.2685915343
109,127.3278194253362,113.98700933878247,442.61276272222756,177.55931125209446,102226.14679897987,282565.63323027315,20046.71393453527,999503.2649027964,0.0,3368.517456446658,11084292.36359999,1404341.7588665846
109,121.05449621764228,125.48295409635412,509.8746755080885,180.95323997310012,97189.55964904271,311063.257028341,23093.124788155466,1018608.1083129869,0.0,0.0,11957169.078000002,1449954.0497785262
109,116.95651208005789,159.9907342956472,529.0477523957222,184.8097201119416,93899.46067523406,396605.5729461496,23961.507311170182,1040316.7107096937,0.0,0.0,12830045.792400014,1554783.2516422477
109,157.73032520922416,166.08433606168128,672.8396203598475,189.88360222075553,126635.03900609902,411711.1753447091,30474.095031100667,1068878.2189613855,0.0,7355.746040978236,13702922.50680002,1637698.5283432943
109,119.4509133370567,188.9568348595784,675.7624233494864,194.16256517810797,95902.11045141314,468410.4619026864,30606.473941866665,1092965.0292565648,0.0,0.0,14575799.21040002,1687884.075552531
109,120.66261397642731,158.4942706307348,1379.7779909779135,197.91518864330348,96874.9338924786,392895.94668667554,62492.58269956562,1114089.0096266426,0.0,7077.867333169561,15448675.924800033,1666352.4729053623
109,116.38500805867393,211.54907640670206,1410.5752163755706,202.2242486308472,93440.62415192061,524415.0108059822,63887.44344358733,1138345.2398172242,0.0,5526.132504783571,16321552.639200049,1820088.3182187143
109,111.70781852011271,208.93341556932103,736.9994054330132,196.34610570943266,89685.50554128592,517930.9749047198,33380.005040456184,1105256.448246178,0.0,0.0,17194429.353599966,1746252.93373264
109,107.48132406310259,230.31688582981505,600.0782872014775,192.47292620481622,86292.23104120116,570939.0663518688,27178.605713643607,1083453.8430596641,0.0,0.0,18067306.067999966,1767863.7461663778
109,105.4164107973398,190.84679455718424,1494.5749711243348,189.30857812367358,84634.39909539603,473095.5366478836,67691.94072844394,1065641.337389936,0.0,0.0,18940182.7824,1691063.2138616596
109,104.85945927490903,203.56564447125396,1522.6640529392557,185.55998355832935,84187.24616095574,504624.6547533372,68964.14486545131,1044540.0361940842,0.0,0.0,19813059.486000013,1702316.0819738284
109,129.85355903923278,220.5742688569175,1554.65726788514,182.932384169586,104253.95682283402,546787.8165714242,70413.17408892344,1029748.9551215922,0.0,0.0,20685936.2004,1751203.9026047739
109,102.21150667657092,230.51396168457956,734.7310438080102,180.99112551317413,82061.31647602006,571427.6032826906,33277.266935217565,1018821.3706912285,0.0,0.0,21558812.914799966,1705587.5573851569
109,100.01031730771213,266.0865453939157,1693.4707243879338,176.0887396491166,80294.07418310338,659609.4908484131,76700.2807590082,991225.2359552586,0.0,0.0,22431689.629200023,1807829.0817457833
109,102.91781677714576,239.34932741509957,1697.3564043420233,176.27089349563238,82628.38312612716,593329.8422040167,76876.27006849332,992250.6024258947,0.0,0.0,23304566.343599975,1745085.097824532
109,113.15826848821216,248.85515655725942,537.5824479071682,169.91843954285724,90850.01076907282,616894.1119090848,24348.058748105803,956491.8555532575,0.0,0.0,24177443.047199983,1688584.036979521
109,206.70176660729254,314.89464558445405,1721.442046365329,173.74500766234465,165952.1480236782,780601.2759396088,77967.15134494184,978032.0795033857,0.0,0.0,25050319.76160006,2002552.6548116147
109,323.2692935937084,320.2134575575189,1304.6575590245768,174.71168957044645,259539.30894018922,793786.2299262073,59090.24563014781,983473.6512038888,0.0,0.0,25923196.47599994,2095889.4357004333
109,121.74375719825522,326.6879473897234,830.7314768335671,170.87336250083925,97742.93827835526,809836.0265643701,37625.296139388105,961867.2346730749,0.0,0.0,26796073.190400027,1907071.4956551883
109,420.55520505890536,280.9465315716576,808.9336781701662,157.87860885739437,337646.0723466381,696446.3324189035,36638.03533036795,888718.1635168447,0.0,0.0,27668949.90479996,1959448.603612754
109,479.9601447581536,363.86012717741056,585.7131118609773,164.31225875314527,385339.79798874643,901983.1982568877,26527.981545241186,924933.9723679771,0.0,0.0,28541826.60839998,2238784.9501588526
109,125.6745955987405,274.3708161963223,724.5796601318744,158.22131830416978,100898.84297526014,680145.6049083567,32817.49283529421,890647.3172658066,0.0,0.0,29414703.322800077,1704509.2579847176
109,136.41386461958953,367.38958808799697,1979.7858200897344,151.03744255078476,109520.95004026654,910732.4790999112,89667.99724185883,850208.3945220147,0.0,0.0,30287580.037200004,1960129.820904051
109,147.62720184896372,389.7327448775555,807.0033747920501,146.11459137408718,118523.66651566059,966119.5647268418,36550.60848033777,822497.0580168064,0.0,0.0,31160456.751599927,1943690.8977396465
109,159.72984511391167,297.2572513738565,1463.319156270932,146.16176230183,128240.3693748008,736879.438753432,66276.30965783654,822762.5889875845,0.0,0.0,32033333.466000028,1754158.7067736539
109,167.5704624256463,392.364149247629,683.6246703781937,144.94940817115494,134535.27099112832,972642.6277182114,30962.56899908502,815938.0980426533,0.0,0.0,31893789.830399953,1954078.565751078
109,165.15992743227753,361.0688304554734,5129.860661304619,143.3417683796559,132599.9539079618,895063.7735755753,232340.4516596314,806888.4953546275,0.0,0.0,31020913.116000034,2066892.674497796
109,199.89148561075635,409.0625469484975,1904.8383783074626,140.95399739706218,160484.46006643292,1014036.7598008706,86273.49520288952,793447.4379630828,0.0,0.0,30148036.40159993,2054242.1530332756
109,159.60008548452083,451.99793588831307,1303.4021730531806,133.73510888302002,128136.19083013902,1120470.5142623913,59033.38698176354,752811.4240707427,0.0,4100.857751841424,29275159.68720006,2060451.5161450366
109,158.62256679749174,386.40338805558866,4927.863590840624,127.30554260834802,127351.38222154128,957866.3275895067,223191.64749433636,716618.6024263764,0.0,0.0,28402282.97279996,2025027.959731761
109,157.29121139263708,368.161921223245,699.4000898961174,113.29003080869028,126282.49300571604,912647.037633309,31677.06561759208,637723.5576987441,0.0,0.0,27529406.25840003,1708330.1539553613
109,522.462977126216,356.352168932357,778.3309690302277,111.44113839082493,419463.53308952524,883371.5074327632,35251.984571286834,627315.9142184947,0.0,0.0,26656529.554800015,1965402.9393120701
109,509.83400697792916,408.3454597413869,1461.4018094255673,109.07161406774088,409324.26452963497,1012259.1519670136,66189.46963206342,613977.5695240473,0.0,0.0,25783652.840399932,2101750.4556527594
109,487.1651706247354,364.5150056186493,849.2062784739392,102.82665587487618,391124.4099867516,903606.5950150875,38462.052542895275,578823.9295435019,0.0,0.0,24910776.12599999,1912016.9870882365
109,241.80471302943906,389.124379976844,1098.7751363714383,108.68290161159625,194134.8261707056,964611.4717046474,49765.46700042104,611789.4591608947,0.0,0.0,24037899.41160004,1820301.224036669
109,99.0443218956949,220.38202826134855,517.2047848639853,86.35804374267742,79518.51712698086,546311.2659018821,23425.118390108473,486120.0804551242,0.0,23832.77980560495,7819139.518919991,1135374.9818740955
109,101.01675093197186,192.73175079259858,291.26512547285756,87.54515510611775,81102.09737773081,477768.20816861966,13191.912075805294,492802.47674960643,0.0,0.0,6946262.806679992,1064864.6943717622
109,121.05198283922049,176.18704642730117,344.14457852516284,93.74975582212437,97187.5417632997,436755.0708584425,15586.915920327325,527728.9395148403,0.0,0.0,6073386.094439994,1077258.4680569097
109,106.80162195016561,180.68621621339972,651.3099833845919,95.1815070076781,85746.52682439866,447908.1905603637,29498.979738665686,535788.4435442159,0.0,0.0,5200509.382199991,1098942.1406676439
109,103.80084149676699,163.70518743707984,412.34503037608,104.44865943122335,83337.32650568499,405813.43628164276,18675.83486620824,587954.3876356219,0.0,1044.4550765717868,4327632.669959992,1095780.9852891578
109,96.82774452367724,156.90605887476377,346.3533769090775,104.34918552934269,77738.92045403189,388958.88347979804,15686.956301153823,587394.4367718727,0.0,0.0,3454755.9566399953,1069779.1970068566
109,84.6058663139331,148.39938812140318,625.459960650911,111.85612086629745,67926.48887649129,367871.45586810657,28328.186542924625,629651.9017608395,0.0,1474.0260118920123,2581879.244399998,1093778.033048362
109,68.14314768471661,128.19685576683247,302.8415949266697,92.78168790697528,54709.26502944792,317790.8249195577,13716.230828127624,522279.5658097046,0.0,156265.56479789357,1709002.5321600016,908495.8865868379
109,50.937521830411455,66.18513783771016,197.11767203226105,46.81761805790751,40895.5922414528,164068.21700148346,8927.807590474249,263542.1469810342,0.0,571510.3195337695,836125.8201359981,477433.7638144447
109,58.908382887159725,83.65643734187694,250.6532453936483,61.89036796209187,47295.0610784985,207378.3173049131,11352.528282883603,348388.5154089128,0.0,445721.80243529193,1116750.8923200008,614414.422075208
109,77.02272487641568,115.29020260685857,363.04682709445336,114.98932006798441,61838.303802029615,285796.1560166102,16443.032150364394,647289.0665459108,0.0,67928.14758984337,1989627.6045599966,1011366.558514915
109,92.77659830763538,105.9888526246222,652.2242151367393,128.40754005999213,74486.42567595183,262738.7755056822,29540.386909783952,722821.8820125933,0.0,0.0,2862504.316800001,1089587.4701040112
109,101.08122794204598,109.75168373281089,559.962629738257,132.42280470851912,81153.8632551859,272066.5643562855,25361.696719616986,745424.302000321,0.0,0.0,3735381.0290400037,1124006.4263314093
109,106.89240127115106,121.32307833457212,718.8028732071218,137.0820799182361,85819.40972018101,300751.22291493026,32555.851950316028,771651.9368754133,0.0,0.0,4608257.741280001,1190778.4214608406
109,109.73253473530704,111.77217015512721,776.0583216793148,141.69078278180066,88099.63333310289,277075.2055046653,35149.05235795067,797594.8937759363,0.0,0.0,5481134.453519993,1197918.784971655
109,110.78926617905819,118.42475616367487,757.7183376642636,145.66875876097947,88948.03852988982,293566.48981003003,34318.402082860404,819987.4112443618,0.0,0.0,6354011.165759994,1236820.341667142
109,117.68652916138493,127.76214994302715,690.7619238957183,148.98986408833122,94485.56066232495,316713.22031281376,31285.827819422884,838682.3227889399,0.0,0.0,7226887.877999988,1281166.9315835014
109,129.03248089703052,162.56183636972136,920.2072087973647,153.52372316279553,103594.74774286215,402979.15086414886,41677.8101060653,864203.9747686685,0.0,0.0,8099764.591320013,1412455.683481745
109,138.4073664907755,170.45649296037197,504.8148445378209,156.61000161676046,111121.44878317791,422549.4391944854,22863.95610491595,881577.0168771584,0.0,0.0,8972641.303560013,1438111.8609597376
109,194.49209220608836,163.58984935348062,751.8876448873255,162.57474437607945,156149.51437033783,405527.521432075,34054.31970660775,915153.2896178217,0.0,0.0,9845518.0158,1510884.6451268422
109,159.4735852855836,179.19227577071356,1008.2936678836858,168.16026334967532,128034.62914499416,444204.81918809365,45667.40144985992,946594.8648915584,0.0,4074.3905803414527,10718394.728040013,1564501.7146745063
109,179.80780004476338,185.98327306933373,533.1320612159054,171.20308256184526,144360.1142777449,461039.2151695382,24146.492872894476,963723.2695673056,0.0,8712.405877480865,11591271.439200003,1593269.0918874834
109,212.52615974519628,214.7041496939845,1117.040323536376,173.71130614265832,170628.3081167163,532236.2115417537,50592.72959403505,977842.3694920033,0.0,0.0,12464148.153600011,1731299.6187445084
109,170.13228766237953,201.66572770771708,541.743969488803,177.4906903901691,136592.0526426604,499914.8971547496,24536.541412198752,999116.9896066647,0.0,0.0,13337024.868000029,1660160.4808162735
109,217.95977370713717,204.228080859865,953.9081747182644,183.67516093738496,174990.72805785155,506266.7871218278,43204.18638807455,1033930.1371687277,0.0,0.0,14209901.582399962,1758391.8387364815
109,328.6108591551468,215.87345361901953,961.6075025058226,186.91354955817133,263827.8270950153,535134.832234873,43552.902545051395,1052159.4261689791,0.0,0.0,15082778.285999982,1894674.9880439187
109,258.7017411730991,257.08419218444834,1259.638434561042,192.42633888086033,207700.73884616117,637293.3019252053,57051.24995331032,1083191.59726659,0.0,9428.033526941668,15955655.000399968,1985236.8879912668
109,358.15387045230347,235.15236232322022,580.6473101231063,197.25989825299598,287546.66735614144,582925.8662973627,26298.542435389078,1110400.2991898134,0.0,69.14143627439626,16828531.71479998,2007171.3752787067
109,369.78579757925775,234.78313774763453,649.3387312473606,199.8093830381204,296885.4520412301,582010.5850156645,29409.69824699592,1124751.6635231317,0.0,8281.31863317918,17701408.429199997,2033057.3988270222
109,209.03282465725528,260.9799500522706,2585.657442712886,203.26642632813642,167823.65641428696,646950.6066936925,117108.99335114044,1144211.7866274365,0.0,1486.3239606707357,18574285.1436,2076095.0430865563
109,156.96564816701002,317.0996040863841,1062.8899491820189,194.99246608900754,126021.11199530127,786067.2101628024,48140.163478558956,1097636.6438519394,0.0,0.0,19447161.847200025,2057865.1294886018
109,163.96397411494053,267.5724977489858,937.7164953269331,191.4962252894049,131639.7733289289,663293.0603235317,42470.8366245445,1077955.8731311755,0.0,0.0,20320038.561600007,1915359.5434081806
109,171.12437334721216,315.1310567965932,680.7521536657739,188.2803194198915,137388.55648064797,781187.3224044502,30832.467642649008,1059853.1423110773,0.0,0.0,21192915.276000034,2009261.4888388244
109,177.755226329891,349.8804542454574,676.3166983802719,182.93806377786655,142712.1892379596,867328.5901810754,30631.57803718211,1029780.9263371807,0.0,0.0,22065791.990399998,2070453.2837933977
109,185.11999289089766,278.9688487563407,680.0777019993376,180.88925274413498,148625.05031579468,691543.7983469923,30801.920535203295,1018247.9163083448,0.0,657.7611060404452,22938668.704800062,1889218.685506335
109,191.244596593299,342.39128008160264,770.2473831788601,179.85282135461594,153542.236834758,848763.4637490636,34885.86468777746,1012413.7161733756,0.0,0.0,23811545.408400018,2049605.2814449747
109,239.92746859546747,357.43357019497665,1103.8618235073584,172.1477679249753,192627.6656306849,886052.223720704,49995.85204684652,969041.0200028983,0.0,0.0,24684422.122799974,2097716.7614011336
109,205.37718465281498,384.25893706976,951.2700706056454,168.31113324232643,164888.6969260561,952550.3871656202,43084.701992392125,947444.130127028,0.0,0.0,25557298.83720004,2107967.9162110966
109,204.04490584427163,329.84075987309603,763.4421655537467,169.3702219887307,163819.06634827662,817651.6229291516,34577.64435957486,953405.8713186794,0.0,0.0,26430175.551599983,1969454.2049556826
109,201.91580539309325,320.98364666048246,1133.86502147426,169.9327575914274,162109.7012130356,795695.473557112,51354.74988581636,956572.453614784,0.0,0.0,27303052.266000073,1965732.378270748
109,200.6427548993945,329.76466978813636,1129.2304759916015,168.8163933275179,161087.62255623683,817463.0010575551,51144.84313361149,950288.3014701852,0.0,0.0,28175928.969599944,1979983.7682175885
109,198.44451186340643,331.5448916565343,1709.3589234515332,165.37917886426325,159322.7457499665,821876.0435827711,77419.885362373,930939.7972775975,0.0,0.0,29048805.684000038,1989558.4719727081
109,583.4656277344516,336.3945294059948,1737.3606831630866,159.81490146331217,468439.99357042706,833897.9482678999,78688.13452705737,899617.7934364171,0.0,0.0,29921682.39839995,2280643.8698018016
109,596.0531079063527,345.3392022150939,1793.4468609096464,163.7861431572867,478545.95157465216,856071.1516092457,81228.37659791783,921972.4027827565,0.0,0.0,30794559.11280005,2337817.882564572
109,347.1914208820213,418.7477458461699,1861.8057009977044,152.96594447071243,278745.378021997,1038045.6742846967,84324.46922686434,861064.1697091707,0.0,0.0,31667435.827199973,2262179.691242729
109,188.95891317549425,395.4010010969117,1119.794432284838,156.51965074700595,151707.15782642298,980170.7659753412,50717.46804460626,881068.4206865693,0.0,0.0,32259687.46920005,2063663.8125329397
109,555.682142942195,486.14883880296554,3605.5750099144643,142.45582254557402,446133.8030789931,1205128.1569485313,163302.86173565552,801901.3969735426,0.0,0.0,31386810.754799943,2616466.218736722
109,208.5546494842603,416.14218552254044,4985.2109060018865,143.72672511428559,167439.74969499474,1031586.6768336992,225789.00870660882,809055.4642981059,0.0,0.0,30513934.040400036,2233870.8995334087
109,504.6427251091508,405.31312224503574,4927.977198659385,148.59803105656616,405156.40282598103,1004742.204467516,223196.79299314533,836476.6463206983,0.0,0.0,29641057.325999934,2469572.0466073407
109,473.9361216576774,477.6689100993952,626.1786799922894,139.21249122920256,380503.3634014815,1184107.0209631987,28360.738611570858,783644.2849301633,0.0,0.0,28768180.611600008,2376615.407906414
109,361.94309671126473,383.6826826892777,1247.0754262731405,127.88963823905235,290588.8776252827,951121.8938235523,56482.249114392325,719906.5487795562,0.0,0.0,27895303.897200078,2018099.5693427837
109,351.3801221187368,386.9510240442584,1719.4879563721563,133.61469579552758,282108.30993628013,959223.8779877126,77878.64715709479,752133.6039483452,0.0,0.0,27022427.193600044,2071344.4390294326
109,228.7422860645689,368.9727039902259,548.2004948689789,129.22637922985476,183647.55337762373,914656.9100502899,24828.9688526354,727431.2287032099,0.0,0.0,26149550.479199972,1850564.660983759
109,336.43679666483024,404.8615527858494,1687.3843464081945,116.65129793742587,270110.9429161707,1003622.7961163134,76424.6179482323,656644.544977253,0.0,0.0,25276673.764800023,2006802.9019579692
109,265.9865835459274,423.2993436888508,689.6934763177358,114.37114816959837,213549.432157436,1049328.7593843695,31237.435941117954,643809.3006786577,0.0,0.0,24403797.050399948,1937924.928161581
109,262.1455114394913,408.4106172127136,603.778140276936,120.61941790208064,210465.59703962618,1012420.6726723282,27346.178595517496,678981.5817241875,0.0,0.0,23530920.336000063,1929214.0300316592
109,238.0167932463978,340.86491326712536,483.30559911419203,105.26816620235131,191093.664816089,844979.7097232641,21889.764381877445,592567.4923361094,0.0,0.0,22658043.632400036,1650530.6312573398
109,292.86299180653776,401.8041429946223,465.6009155348992,110.5355043258612,235127.36908181378,996043.6961933138,21087.887985831705,622217.988357241,0.0,32871.20584872551,21785166.917999975,1874476.9416182002
109,219.70478689724465,346.9800024752533,453.2740402053981,96.15728331548965,176391.7256979838,860138.5779519998,20529.582025747426,541281.2087424754,0.0,0.0,20912290.203600023,1598341.0944182065
109,202.2551452987659,320.0098246956564,633.0335479287978,95.85686521723272,162382.14293997796,793281.4386443547,28671.207690087787,539590.1182109438,0.0,0.0,20039413.48919998,1523924.907485364
109,178.147420145282,354.3013485476088,1427.4661355067185,91.01187620142666,143027.06514431504,878287.6705638126,64652.4630101966,512317.0774136579,0.0,0.0,19166536.7748,1598284.2761319822
109,137.9970584823324,298.39794281349845,686.12018619303,91.20644634245429,110792.02975367432,739707.13114428,31075.595318867236,513412.33673764573,0.0,0.0,18293660.07119998,1394987.0929544673
109,126.2490201398155,332.5195889778042,382.28183998362545,89.20100646468623,101360.0242609045,824292.248441466,17314.219864303686,502123.46829554206,0.0,0.0,17420783.35679997,1445089.9608622163
109,117.43577924877681,278.3958598618588,543.964488902326,80.86423305930981,94284.24411192929,690123.3999108688,24637.11265916235,455194.74245926045,0.0,0.0,16547906.642399976,1264239.499141221
109,109.23323292018654,304.28944956239616,1090.4233800583327,82.06059728609847,87698.76492209993,754311.7544679336,49387.20120295498,461929.2242628672,0.0,0.0,15675029.927999971,1353326.9448558555
109,150.76966187311024,259.40541784445475,556.2616557727033,77.64789414187617,121046.61539822353,643047.4541070618,25194.073070650546,437089.5739590028,0.0,0.0,14802153.213599961,1226377.7165349387
109,105.91141142539179,283.1788109031727,1180.7378353692109,76.06779742179415,85031.81426434506,701979.9930221193,53477.70243169333,428195.0146174097,0.0,0.0,13929276.510000022,1268684.5243355674
109,132.74145100402583,290.84551987744715,953.2042413618927,68.91548214177809,106572.52372569096,720985.2155354097,43172.304002809906,387933.7496711823,0.0,21898.693918896257,13056399.795600008,1258663.792935093
109,117.64205781658275,227.5187064897356,428.2416563352764,79.65742348412851,94449.85649144843,564002.5801530647,19395.821138561416,448401.46250112227,0.0,0.0,12183523.081200024,1126249.720284197
109,120.97183437158924,233.99945266234423,418.11564989545093,74.2723977981459,97123.19393220698,580067.8858110558,18937.196418501466,418088.48867412144,0.0,0.0,11310646.36680002,1114216.7648358857
109,88.80541193159499,216.64841407197025,335.65818039691123,79.95103690704372,71298.12728778015,537055.9037007065,15202.551957197773,450054.24867580156,0.0,0.0,10437769.655639987,1073610.831621486
109,119.76602125759851,249.69945104132464,328.5510557704418,79.51116392558251,96155.09733745431,618987.0574728522,14880.65772756089,447578.14940501313,0.0,8208.6618995826,9564892.943400001,1177600.9619428804
109,133.1342776437713,200.275499309012,340.7855130267118,86.70091828769357,106887.90770008406,496468.6205124063,15434.777909844614,488050.1635624479,0.0,0.0,8692016.23115999,1106841.469684783
109,178.06024617387595,178.69227351729705,4761.509794601569,127.45088542867633,142957.07683195543,442965.3494083989,215657.1901853835,717436.7550899789,0.0,0.0,30193896.463200048,1519016.3715157167
109,180.59716456421322,180.2234177712881,1353.9043562972129,126.72297355963404,144993.86182488248,446760.94636462745,61320.72007703164,713339.2493915235,0.0,0.0,31066773.177599974,1366414.777658065
109,457.73912869379575,263.9897192545297,726.9257113935179,116.99083808684001,367499.4795063463,654411.6090083128,32923.74964142123,658555.8583604367,0.0,0.0,31939649.8812,1713390.696516517
109,129.8412847360809,257.5187606718397,851.5072100322744,123.98197085336913,104244.10230147709,638370.566084814,38566.265797951906,697909.8070564523,0.0,0.0,31987473.40440008,1479090.7412406954
109,128.36623299760188,168.29104422573792,1340.174099699348,118.72568541298581,103059.84534777762,417181.4468550164,60698.852500117915,668321.5279519837,0.0,0.0,31114596.689999975,1249261.6726548956
109,128.2267025920246,168.97181028017724,617.3512875537925,114.36851007002329,102947.82225818226,418869.01715245796,27960.930413736576,643794.4504907412,0.0,0.0,30241719.97560005,1193572.2203151179
109,127.04744255161198,151.51379905128456,1115.607704551788,123.08520955669897,102001.04400854703,375591.85753182316,50527.84374938704,692861.8271023752,0.0,0.0,29368843.26119996,1220982.5723921326
109,125.88667364462736,135.98114925675554,1798.4034747031264,124.48943629651542,101069.11151162178,337087.5310265933,81452.87039287924,700766.3926315671,0.0,0.0,28495966.546800032,1220375.9055626614
109,126.22051849243476,183.74676857088173,4319.909650771185,127.95222747413584,101337.14148789931,455495.0806800615,195656.33954933204,720258.8713041964,0.0,0.0,27623089.843200058,1472747.4330214893
109,124.74582043775379,122.44548121830208,4132.895802278824,119.52841564525532,100153.1684920342,303533.57928536565,187186.15197619228,672840.1954458581,0.0,0.0,26750213.12879997,1263713.0951994502
109,124.19700503797506,123.09367134736937,960.3166108323444,126.85211601007569,99712.5477080097,305140.39619666076,43494.43578069618,714066.2081747254,0.0,0.0,25877336.41440003,1162413.587860092
109,125.16603662819809,121.80625298195562,744.2335736669365,114.29383594876049,100490.5423838164,301948.9782643399,33707.65329950735,643374.1006511321,0.0,0.0,25004459.699999966,1079521.2745987957
109,126.74771943718454,150.8451024348704,756.329942996409,116.0227231044009,101760.40893576568,373934.2065069206,34255.51923564305,653106.2197077197,0.0,0.0,24131582.98560002,1163056.354386049
109,128.05898080588736,167.86880694262953,849.5924175048514,113.53345531018917,102813.16549575255,416134.75086775393,38479.54146175077,639093.8242439891,0.0,0.0,23258706.281999994,1196521.2820692463
109,128.38758973572575,152.22781057940117,846.9800703674516,121.5586599341006,103076.99177388035,377361.84097771166,38361.22364497778,684268.6909775289,0.0,0.0,22385829.567600034,1203068.7473740987
109,126.24137898637763,186.70465314188303,754.3954855603793,121.31626210120885,101353.88950043677,462827.4647093938,34167.904240991484,682904.2036765127,0.0,0.0,21512952.85319997,1281253.4621273347
109,124.32257634984346,158.58741533449498,749.9554758239543,122.90374825839639,99813.36362882523,393126.84573695075,33966.80835639648,691840.3590710568,0.0,0.0,20640076.138800014,1218747.3767932293
109,121.53479115758977,183.61536327643088,500.0688295644751,119.71585980652722,97575.16823999694,455169.3363654093,22649.00070255808,673895.3417508143,0.0,0.0,19767199.42439996,1249288.8470587786
109,116.54250523409516,168.05031027873932,686.9681600127202,121.77817131367165,93567.07200477555,416584.6846400213,31114.001551174577,685504.3476097687,0.0,0.0,18894322.720800027,1226770.1058057402
109,111.8974244988976,195.36833545498473,579.1856365063553,119.80106670032093,89837.73220085418,484304.1127336576,26232.340655123073,674374.9818662129,0.0,0.0,18021446.006400034,1274749.1674558478
109,107.97260476119648,193.10841193942545,705.537707273564,119.63607971411874,86686.6596349642,478701.9241778716,31955.049151208623,673446.2497698069,0.0,0.0,17148569.29200002,1270789.8827338512
109,98.90967424345668,218.85487975955047,497.2290199894142,123.02139824178444,79410.41419451908,542525.5741291932,22520.380710152833,692502.6253396231,0.0,0.0,16275692.577600034,1336958.9943734882
109,96.69439287834386,193.44535073193663,439.6277585526781,122.07753439051929,77631.85803096315,479537.1713154011,19911.517822447768,687189.499295651,0.0,0.0,15402815.86320002,1264270.046464463
109,92.1500711962516,208.9585260736526,536.1749665526349,127.17805342844107,73983.41342968137,517993.2220467261,24284.311431130605,715900.9501069447,0.0,0.0,14529939.159599999,1332161.8970144829
109,87.94750241022331,237.94818337946577,480.064957233734,129.96132587983408,70609.34784376077,589856.5064794257,21742.98998625843,731568.3340512969,0.0,0.0,13657062.445199985,1413777.1783607418
109,78.98955687059615,233.7182640590391,415.34682349098614,131.52815300272377,63417.39042326813,579370.839400145,18811.79137928996,740388.1971934955,0.0,0.0,12784185.730799979,1401988.2183961985
109,75.03391252729833,223.38976288836358,416.7711033073542,136.69905603151372,60241.57007899815,553767.2246501739,18876.29952827748,769495.8481712211,0.0,0.0,11911309.016399968,1402380.9424286706
109,141.76558227081185,272.73686242108664,457.13275256771624,142.62881989238448,113817.61888066359,676095.1505114328,20704.349925360824,802875.2203778871,0.0,0.0,11038432.301999995,1613492.3396953444
109,216.66486603576243,251.50246172699445,409.75296617020416,145.44996301413912,173951.10119309791,623456.5918441159,18558.43569923539,818755.782997036,0.0,0.0,10165555.593000008,1634721.9117334853
109,129.1529263288058,265.00612206030934,394.8000889070807,150.4473499803345,103691.44831030685,656931.198776464,17881.19347253491,846886.6906552851,0.0,0.0,9292678.88076,1625390.5312145909
109,141.78441146735676,277.819559074729,381.42167793430474,156.329095151622,113832.73605002055,688694.7915300449,17275.261605544896,879995.7597352022,0.0,0.0,8419802.16852001,1699798.5489208126
109,92.39025058357866,269.406050643363,364.9044984173969,158.53127293993606,74176.24335025801,667838.3066429701,16527.169366305476,892392.0901433061,0.0,0.0,7546925.45628001,1650933.8095028396
109,94.22626108297962,301.21860240947376,401.6817791138267,162.2522710667987,75650.29889980968,746699.3442875774,18192.877379054582,913338.0475829362,0.0,1293.821821612888,6674048.7440400105,1753880.568149378
109,205.29287779266522,284.9431680828996,475.45138920762497,168.85861552414846,164821.0104966432,706353.7081202335,21534.033340119044,950525.9754231086,0.0,10933.639552979614,5801172.030719991,1843234.7273801044
109,188.82306936351057,301.45547715504813,439.1296944696169,170.0810539366875,151598.09454764973,747286.5398186098,19888.959620255886,957407.2320345438,0.0,0.0,4928295.318479997,1876180.8260210592
109,120.26574198938795,294.1475296371184,376.1158734438838,178.24851792749308,96556.30207901793,729170.6612637118,17034.95234704574,1003382.8942919626,0.0,7322.80700556119,4055418.606240005,1846144.8099817382
109,105.64767588994118,274.20896424541667,364.2646577966844,134.6282287552498,84820.07210395338,679744.385512721,16498.189854263775,757838.9059974768,0.0,355693.78475402563,3182541.8940000036,1538901.553468415
109,97.72281566591852,209.04258200415205,327.06458624526283,88.94295391680316,78457.53539925949,518201.59067895985,14813.33289679823,500670.8586728374,0.0,819432.0937463491,2309665.181760003,1112143.317647855
109,82.19932800562704,132.67298001266465,247.9456563101979,52.10078816897456,65994.38056353519,328886.8163775125,11229.896790121466,293281.763212994,0.0,1267141.266825715,1436788.469520001,699392.8569441631
109,56.804581586306334,54.86224215006367,113.9101329869563,22.79360528846377,45606.00756617447,135999.56945524426,5159.191154339722,128308.01575018189,0.0,1685820.3775552225,563911.7571720002,315072.78392594034
109,85.96078438196867,125.39475871616054,243.18042065126141,51.519616920414045,69014.29556279689,310844.6269967528,11014.070848958316,290010.278567623,0.0,1378645.374627858,1388964.9549599993,680883.271976131
109,109.7434530412336,196.35394253953592,328.5468421989563,88.82527591876394,88108.39918136355,486747.36211424903,14880.466887464701,500008.43470634404,0.0,1028827.4020699961,2261841.6671999954,1089744.6628894215
109,125.72216401425726,260.8431164996298,365.46111568549236,130.9917727476894,100937.03365385307,646611.4061157197,16552.379545686443,737368.846575633,0.0,659293.6813588577,3134718.3794399933,1501469.6658908923
109,136.88547220514863,332.2138161291413,395.9341081228092,178.0334174192606,109899.58392004602,823534.2594468583,17932.555206150897,1002172.0669985665,0.0,217366.91463244776,4007595.0916799917,1953538.4655716217
109,174.38773963344477,384.8981649262849,517.0148178175717,195.88820547130106,140008.5759119151,954134.9872450955,23416.51444698442,1102678.8713239376,0.0,22239.998533315258,4880471.803919998,2220238.9489279324
109,151.64449092994485,375.5330271819516,725.7032891826369,196.50355978640573,121748.97882509763,930919.4814399448,32868.383979983824,1106142.776667352,0.0,11438.239792527049,5753348.517239996,2191679.6209123787
109,308.7741661714189,368.5679680426406,457.333323747514,191.59603092509508,247901.78125434218,913653.5986204707,20713.434148418895,1078517.6913654578,0.0,15536.34416214889,6626225.229479996,2260786.5053886897
109,187.5791783065164,408.8963120864274,673.5512744671455,186.61284000026865,150599.42677521694,1013624.6754823304,30506.327102814095,1050466.6949751503,0.0,48669.56357540842,7499101.941719995,2245197.1243355116
109,313.34227519803113,405.9994916814758,483.0982636710028,183.98062108803413,251569.32371329423,1006443.6651476639,21880.373793380764,1035649.6100351103,0.0,45507.07198727259,8371978.653959994,2315542.9726894493
109,170.36820853681294,362.32973699618475,499.36704228437486,171.40964756126434,136781.4635824819,898189.470593043,22617.215516878983,964886.0494287395,0.0,0.0,9244855.366199994,2022474.1991211432
109,171.42295599999468,393.90105481211543,459.90012040637885,169.52326444334753,137628.27592477834,976452.5065505749,20829.688903550476,954267.3661734386,0.0,51002.37185742811,10117732.07844001,2089177.837552342
109,181.5312460849645,343.88057957179063,501.9758383712726,171.6176643649098,145743.7965610108,852455.330532442,22735.37250030152,966057.0016752433,0.0,0.0,10990608.789599994,1986991.5012689976
109,214.82830450064432,357.48902882122445,533.5247064607025,157.81971054887222,172476.60324016286,886189.7016836288,24164.276469670564,888386.6176730926,0.0,0.0,11863485.504000003,1971217.1990665547
109,214.29554543523722,390.14921914721185,613.7002531626108,160.26244578281361,172048.8734111703,967151.9746164617,27795.568616315693,902137.0756152903,0.0,24595.420456308057,12736362.218399977,2069133.492259238
109,189.9295009209634,341.1452095981608,584.6005880578001,151.68606111824087,152486.4018737759,845674.5442551164,26477.59337683301,853859.5484450466,0.0,0.0,13609238.932799984,1878498.087950772
109,198.01264477589766,367.6682300837528,1112.410197780403,146.9017025256164,158976.01784333485,911423.2126530767,50383.02301905956,826927.8037785867,0.0,58300.13974068116,14482115.63640001,1947710.057294058
109,406.14236370217037,357.9053179761544,2393.6308963316646,145.94472733867505,326074.60867928166,887221.6526870986,108411.77183528242,821540.8724088157,0.0,0.0,15354992.350800019,2143248.9056104785
109,371.8824398244419,375.1807833157664,578.6177074396101,141.2320629637694,298568.7578490926,930046.2941208156,26206.61814439806,795012.703337346,0.0,13729.853314181557,16227869.065200033,2049834.3734516522
109,204.6144445253711,359.78878057700007,886.7200309329196,133.19214467176766,164276.32498259976,891890.6215947022,40161.11666280657,749755.011551201,0.0,39191.40073563054,17100745.77960002,1846083.0747913094
109,413.4415069351695,311.3006204428092,576.469200730752,140.12214427775464,331934.7835492432,771691.944991412,26109.308480044943,788764.8341457758,0.0,0.0,17973622.494000033,1918500.8711664758
109,439.209521552243,341.71444221486695,1363.872378164972,134.47330001661953,352622.837871165,847085.6311476311,61772.18939673032,756966.7930173336,0.0,0.0,18846499.197599977,2018447.45143286
109,200.50650333523905,278.99253416498175,2739.6874963709274,121.44616490017222,160978.23191040775,691602.5127788367,124085.28658772225,683635.442555332,0.0,0.0,19719375.91199996,1660301.4738322985
109,188.90482227716967,293.46891332952794,679.9477809258972,130.0871416764696,151663.73052092467,727488.4200347593,30796.036180271214,732276.5666898828,0.0,0.0,20592252.626400013,1642224.753425838
109,272.8459417362801,347.4548435301472,1020.9453196564315,126.51615464337127,219056.52212786436,861315.6749224191,46240.417108802314,712175.0402008559,0.0,10852.336460199673,21465129.34079997,1838787.6543599418
109,196.78935722368337,343.2547443516998,896.8180886678825,121.56863948817013,157993.89175765764,850903.9298396034,40618.475536649676,684324.86711836,0.0,7846.427525395877,22338006.055200025,1733841.1642522707
109,231.31736911075683,260.234908241584,3059.4341402442146,119.1868309364941,185714.97916632605,645103.7013994759,138567.1769467632,670917.3729859141,0.0,0.0,23210882.75879995,1640303.2304984792
109,224.44029441062548,271.086161668066,1658.170740076483,111.61870869230313,180193.66535591072,672003.1815558769,75101.48210929701,628315.4793487359,0.0,0.0,24083759.47320002,1555613.8083698205
109,237.03811504550777,290.9599797586285,743.7293195629426,111.18302697080611,190307.92528261797,721268.9533840741,33684.81474033226,625862.973197276,0.0,0.0,24956636.187599964,1571124.6666043005
109,250.10381075007825,267.86821206042106,1766.4307793018568,114.9765151224544,200797.8224092191,664026.1149246715,80004.77053583213,647216.9859280379,0.0,0.0,25829512.90200003,1592045.6937977606
109,263.2436664476126,233.77152417931345,1036.7741847841653,109.03586796244569,211347.25947266637,579502.8674242027,46957.33437339362,613776.350288074,0.0,0.0,26702389.61639997,1451583.8115583367
109,269.2983268378926,233.70385781542151,1200.9873253870865,116.77467686754399,216208.29145034563,579335.1273538874,54394.83760694659,657339.0601936259,0.0,0.0,27575266.319999933,1507277.3166048056
109,314.69069610293417,229.26428072542745,792.9707791033545,109.0167764780439,252651.914100796,568329.7336780138,35915.047431894134,613668.8819674499,0.0,0.0,28448143.03440003,1470565.5771781537
109,493.20169098100854,274.82485444604896,1090.2934959529616,127.78752348751962,395970.87809466786,681271.1332145118,49381.318522372065,719331.7322473677,0.0,0.0,29321019.748799957,1845955.0620789195
109,124.29625803394886,157.77186006551761,743.569451965602,166.7876521813295,99792.23376077058,391105.1426292926,33677.5740544298,938868.267313942,0.0,4904.6431936313165,6264674.483759994,1463443.2177584348
109,130.25597289232886,167.7257973214621,1733.4855876744734,171.64855878047837,104577.03796728625,415780.2402581888,78512.62460671196,966230.9101512915,0.0,6549.300505343708,7137551.195999993,1565100.8129834784
109,152.85241097412472,188.06168368634087,887.2526045466914,173.4217873968984,122718.76698541535,466191.44624844706,40185.23786260818,976212.6327601079,0.0,0.0,8010427.908239992,1605308.0838565785
109,229.12528111932752,192.0038507441244,749.9585355331461,179.75669515927441,183955.04398625696,475963.79607535957,33966.946936031,1011872.6099626732,0.0,6612.663249548757,8883304.620479997,1705758.3969603206
109,115.26627947657758,183.53406949814092,766.8980058388069,182.4535711175142,92542.44406230823,454967.81491069763,34734.16547110349,1027053.6573900958,0.0,13936.936556175118,9756181.332719991,1609298.0818342052
109,135.74526792093417,194.4127372597998,724.9802586382309,187.98203392677732,108984.1618931473,481935.25324078667,32835.63664933639,1058174.0564769502,0.0,7615.937801418477,10629058.046040006,1681929.1082602206
109,108.98459640667022,229.63495618736982,1130.5808654804878,192.3736721906262,87499.14513087897,569248.6116030883,51206.00465913419,1082895.1299708486,0.0,0.0,11501934.75719999,1790848.89136395
109,110.7039819178793,247.98675572355262,1206.226443934217,197.6790392525355,88879.5673863309,614741.4084308774,54632.12654126807,1112759.6955770836,0.0,8274.688490744913,12374811.471600002,1871012.7979355599
109,115.6155773711685,242.79732007978728,1241.3423543649365,199.93451395609972,92822.88063940649,601877.1690996205,56222.5881597397,1125456.0408952823,0.0,0.0,13247688.186000016,1876378.6787940492
109,120.74688750291574,243.95485584673656,700.9278386242164,199.4779570668791,96942.59355969788,604746.6173715951,31746.260056378003,1122886.0258497633,0.0,0.0,14120564.889600009,1856321.4968374344
109,183.89724151087444,253.40587542787557,1017.7157235138314,197.43928037091652,147643.35470020137,628175.0180999546,46094.14299416407,1111410.0632582954,0.0,0.0,14993441.604000024,1933322.5790526154
109,206.15141564194175,250.04309989611951,977.1727053564864,194.2325674938594,165510.29439869014,619838.9383742571,44257.8780793337,1093359.0809266851,0.0,0.0,15866318.318400035,1922966.191778966
109,133.657691323938,275.3405421525825,1427.9812333530463,190.98052089728517,107308.13451262828,682549.4861092055,64675.79270161833,1075052.9094960184,0.0,0.0,16739195.032799952,1929586.3228194704
109,203.37587460653168,281.9897866652624,1179.0219163530885,187.88756682255712,163281.9293280168,699032.4870856077,53399.985428144966,1057642.2894948178,0.0,0.0,17612071.74719997,1973356.6913365873
109,225.83289784804404,290.0491751329469,658.4569832429595,179.77306981056557,181311.7280390606,719011.1339422124,29822.67998799802,1011964.7848945974,0.0,0.0,18484948.46159997,1942110.3268638684
109,283.7384904692619,332.01332381438243,1621.3022239314503,174.1594873780118,227801.69102197068,823037.2533563725,73431.64188190595,980365.2369487708,0.0,0.0,19357825.165199976,2104635.82320902
109,338.6467748666127,276.5135810796004,1217.003547782633,176.48680204391678,271885.2413931067,685457.3656047665,55120.24061317873,993465.9782764142,0.0,0.0,20230701.87960002,2005928.825887466
109,263.57259182920313,291.1787438216653,886.062906446727,173.5597929747731,211611.339816586,721811.2538300513,40131.354333963944,976989.4831808934,0.0,0.0,21103578.594,1950543.4311614945
109,267.9508184218673,298.03035862723107,1761.2269939443963,172.81193437439006,215126.4336617558,738795.916270229,79769.0819040897,972779.6948713001,0.0,0.0,21976455.308399964,2006471.1267073746
109,292.1107182542836,321.1082347789703,1338.9551249725391,169.56580378544996,234523.40031102355,796004.3185807485,60643.64298132439,954506.8253773428,0.0,0.0,22849332.02280002,2045678.1872504393
109,279.9866716957845,330.979060495711,861.7466044633435,161.36797327539531,224789.5136483876,820473.3886558025,39030.02606044423,908360.2262373739,0.0,0.0,23722208.726400033,1992653.1546020082
109,148.5719509065524,375.04121421426044,1943.3166896279727,157.3664328654333,119282.16576810312,929700.3123131063,88016.24589760987,885835.0616814073,0.0,0.0,24595085.44079998,2022833.7856602266
109,235.53827159765544,389.3367056407257,534.3634703844144,162.43250423631542,189103.76410898264,965137.8118201904,24202.265569519033,914352.6023258298,0.0,0.0,25467962.15520006,2092796.4438245217
109,163.70133617201896,433.36525354704116,825.2106167527973,153.70058328067654,131428.91237937947,1074281.4290755698,37375.24663328915,865199.5421878402,0.0,23121.107125758543,26340838.869599942,2108285.1302760784
109,264.807527845886,390.80298917325007,647.7916005736217,151.15455840139367,212602.81796408384,968772.623692756,29339.625965652212,850867.654091282,0.0,0.0,27213715.584000032,2061582.7217137741
109,246.7832840416948,434.01692092671726,862.3139462376223,156.60056756738035,198131.91128097437,1075896.8658421088,39055.72197165594,881523.9114495119,0.0,0.0,28086592.287600048,2194608.410544251
109,366.0894347401998,348.0256733264397,2217.9434409909304,155.21638791092238,293917.79790316947,862730.7211087499,100454.5766169592,873732.193425344,0.0,0.0,28959469.001999978,2130835.2890542224
109,281.86575285628294,471.3669352196936,621.830772040437,147.11605465304126,226298.14881882616,1168484.8765380243,28163.814179504316,828134.4183441041,0.0,42970.71234401234,29832345.71640008,2251081.2578804586
109,204.75960786027466,429.1418442479193,729.2854333830703,140.47023746350095,164392.87051405277,1063811.8998729035,33030.625618965685,790724.2936254865,0.0,0.0,30705222.430800002,2051959.6896314083
109,169.20716861972065,510.05587545758385,936.3425697994263,149.28167292127455,135849.3135029484,1264391.9887672435,42408.60911025439,840324.9507040721,0.0,3897.833192849066,31578099.145199925,2282974.862084518
109,181.21962139684476,433.8469615658942,592.317158092999,140.90697912898807,145493.60621566686,1075475.5487578819,26827.090465665307,793182.7663324104,0.0,0.0,32349024.15120006,2040979.0117716244
109,164.43109065707444,361.8536232231997,768.4855064635001,136.2799281034057,132014.801538977,897009.2186456185,34806.06617884267,767136.5253646512,0.0,0.0,31476147.43679995,1830966.6117280894
109,555.142417960918,389.23722875216805,528.3900665128106,134.12779938857258,445700.48060935445,964891.2157372672,23931.7195556784,755021.9273647032,0.0,0.0,30603270.72240003,2189545.343267003
109,434.830457348601,465.4144548874754,649.9061750421142,135.75726088796227,349107.07154339744,1153729.1040678038,29435.398778895156,764194.3671381436,0.0,54040.41673450929,29730394.007999927,2296465.94152824
109,444.3242599932707,442.9578040390149,1661.7114367994543,128.95503196451793,356729.24607850483,1098060.6747964742,75261.84651880432,725903.7814760603,0.0,0.0,28857517.293600053,2255955.5488698436
109,192.8270503834137,395.50982954058344,697.3662967329639,125.83573493591605,154812.7223750034,980440.5438937019,31584.951532374573,708344.8737381119,0.0,0.0,27984640.579199962,1875183.0915391918
109,489.53990213431155,372.66492221093347,1284.9254786828624,126.30676060843592,393030.98195980303,923809.6546096089,58196.54485317346,710996.3353495407,0.0,0.0,27111763.87559995,2086033.516772126
109,256.21393396702877,375.9884467556075,626.0621042285684,117.56066494148915,205703.38315591912,932048.4339492004,28355.45868929152,661763.4840131544,0.0,0.0,26238887.161200013,1827870.7598075655
109,364.6423233718939,417.1899396972066,350.5755407723123,113.47393103240982,292755.9730966302,1034183.9844001632,15878.185561309883,638758.754742075,0.0,31380.054678034387,25366010.446800068,1981576.8978001783
109,216.6300873443301,391.34907542151603,403.2857495071606,111.2835542635795,173923.17884563384,970126.3323954821,18265.52403171066,626428.8537282958,0.0,0.0,24493133.73239999,1788743.8890011222
109,308.8830866553255,323.5553978075948,308.09545888913595,113.98448392325331,247989.2289262453,802070.660480691,13954.187608358616,641632.7199411127,0.0,0.0,23620257.018000036,1705646.7969564076
109,302.33437859597296,373.01574517603933,445.52183871202266,106.83762456152924,242731.54687027013,924679.3196167172,20178.471125228494,601402.1670319362,0.0,0.0,22747380.314400017,1788991.5046441522
109,326.2130907128955,282.78054602692725,300.3375383174851,101.37854209944562,261902.75973837788,700992.7229147407,13602.817680681379,570672.3184773913,0.0,0.0,21874503.599999957,1547170.618811191
109,285.5053837518544,294.98794721626086,314.7705252239781,97.14575519342343,229220.2552673935,731253.9962578113,14256.513154702168,546845.4388709461,0.0,0.0,21001626.885599982,1521576.203550853
109,277.43564200846515,288.3724430089228,396.3382522772097,91.87758581514413,222741.39928907919,714854.6350821162,17950.859608856666,517190.2636141825,0.0,0.0,20128750.171200015,1472737.1575942344
109,302.4781278103179,263.78292854704114,614.3022847341572,91.0755991426353,242846.9570638491,653898.9896532951,27822.83568972795,512675.7817099188,0.0,0.0,19255873.456800032,1437244.564116791
109,252.24657574947747,322.0293911617395,532.1782083561674,90.37687387885447,202518.15823506546,798287.7992871129,24103.29119181957,508742.57101263537,0.0,0.0,18382996.753200028,1533651.8197266334
109,315.4109097688672,283.76008435307716,361.5620346087175,83.79493181517603,253230.14333830742,703420.9282778557,16375.783275680737,471692.00725646375,0.0,0.0,17510120.038800012,1444718.8621483077
109,238.62264902634888,246.60956223243858,896.6446549363943,85.7943217597401,191580.08092043927,611327.444390987,40610.62041656602,482946.81987830554,0.0,0.0,16637243.324400006,1326464.9656062978
109,225.15050013596067,285.74259196137143,859.3774145343167,83.75193953968267,180763.85963916525,708335.4226660413,38922.72126319511,471449.9984346329,0.0,0.0,15764366.609999994,1399472.0020030346
109,200.82075661203282,241.40655175338142,359.31297438517237,94.03341166732727,161230.53263895685,598429.5540151728,16273.919365011614,529325.673256314,0.0,0.0,14891489.89559998,1305259.6792754554
109,155.14514019111385,258.3207554080628,395.8109807399766,94.75415527313388,124559.5027693473,640358.653602881,17926.97854946804,533382.8279168135,0.0,0.0,14018613.191999987,1316227.9628385098
109,181.5641098836867,250.86606410170404,368.91732633294464,94.7390280409813,145770.18152171862,621879.0077051902,16708.917431582093,533297.6748610891,0.0,0.0,13145736.477599978,1317655.7815195802
109,152.04346811939195,205.32100752969387,401.9130202283124,94.04098737021356,122069.30081696039,508976.07406887447,18203.350697635564,529368.3178223206,0.0,0.0,12272859.763199978,1178617.043405791
109,193.55900000610933,234.193900064578,431.39332300293074,93.40285995643801,155400.37391821557,580549.9069962846,19538.56568961072,525776.2198974357,0.0,0.0,11399983.048800023,1281265.0665015467
109,206.1893816573485,230.87995696211206,410.31781151112216,92.92424945411601,165540.77571441405,572334.8793657739,18584.018542570037,523082.0623434654,0.0,9599.915536210232,10527106.337639993,1279541.7359662233
109,268.0430909916003,178.97918465191768,407.46720784472706,100.00921689639824,215200.51542410444,443676.58156463475,18454.909666699634,562964.2180037621,0.0,1004.3210012857453,9654229.625399977,1240296.2246592008
109,168.64709048218083,182.2799429145379,872.8947147015452,100.5540920353503,135399.65034084095,451858.9249213703,39534.943667160755,566031.3873710375,0.0,0.0,8781352.913159983,1192824.9063004097
109,128.9103800305637,186.38286835247814,605.297924003752,105.61893183662507,103496.71809658331,462029.7832603453,27415.012285324497,594541.9953582266,0.0,0.0,7908476.200919982,1187483.5090004797
109,124.56058144244221,161.01157334146137,539.1501940533971,108.0113809270968,100004.44789968383,399136.1598356552,24419.06474061746,608009.3863960594,0.0,0.0,7035599.4886799855,1131569.058872016
109,127.24921870860584,151.09718903528645,645.6138891237449,112.31512342091425,102163.04159193832,374559.1111367431,29240.99356698584,632235.6837585454,0.0,0.0,6162722.77643999,1138198.8300542128
109,122.49207966116501,145.82866521961392,550.9144036253872,115.97988960733488,98343.73488581815,361498.81789104803,24951.886574550004,652865.1046692417,0.0,0.0,5289846.064199996,1137659.544020658
109,116.64814444280454,142.94481260065353,509.0432228571179,121.91458987821511,93651.88527893662,354349.95376919524,23055.4668287654,686272.2645367552,0.0,279.1478812060086,4416969.351960003,1157329.5704136523
109,108.40257904897399,129.58863281171259,608.6608846053495,125.21858760043055,87031.8678923624,321240.9405448661,27567.326711909718,704870.8752618054,0.0,3642.9095785958925,3544092.639720006,1140711.0104109435
109,110.92712035145178,121.32011685895543,518.6168910972767,126.69223964721276,89058.71584241712,300743.88162895583,23489.07517601284,713166.2444074893,0.0,17056.204643163597,2671215.9274800057,1126457.917054875
109,97.4775400920037,110.40735454686828,451.6992160833689,84.27851547011176,78260.61396497762,273691.9253499588,20458.25545920796,474414.15929993306,0.0,289110.86314077757,1798339.2152400038,846824.9540740775
109,73.57595585005163,66.84960568617616,236.26125733405016,44.05663354637491,59071.0380304055,165715.3852134761,10700.689719066422,248000.2245993639,0.0,634398.6787748656,925462.5024599984,483487.3375623119
109,75.38073525537166,74.15726627600237,258.8486124016796,48.85282907857249,60520.01944908289,183830.5524941533,11723.710932448626,274998.60085876234,0.0,612346.5605804626,1027414.2098880021,531072.8837344472
109,85.9962232243448,111.24617971456344,519.0354770423246,89.49430003914259,69042.74791766702,275771.3128701175,23508.03367292961,503774.4540037933,0.0,317365.9465673854,1900290.9225599968,872096.5484645074
109,101.52801457987707,121.60417997008197,810.0380652374703,135.3364686409327,81512.56944078524,301448.05373890453,36688.054971634236,761825.6756750713,0.0,85139.70355832181,2773167.634799996,1181474.3538263952
109,110.5543027763413,138.4948211228057,636.4687523553998,153.44418502259737,88759.39630380811,343318.74357163475,28826.79416713196,863756.2447664976,0.0,7118.893739615451,3646044.347039995,1324661.1788090724
109,117.40158210878177,152.58004517754063,644.180190601126,157.48672374188004,94256.78866763585,378235.0053220193,29176.05882815332,886512.193862754,0.0,9021.055788135622,4518921.059279996,1388180.0466805624
109,121.7435931736962,160.99641664167436,596.0208146202294,161.60678741761822,97742.80658994085,399098.5874622958,26994.83561258905,909704.5405015685,0.0,9907.344072884065,5391797.771519994,1433540.770166394
109,263.81460704318386,182.0036509198965,328.1401993045338,182.14188453773238,211805.64364511022,451174.0168526774,14862.049312409108,1025299.1351860982,0.0,0.0,10603156.22892,1703140.844996295
109,226.87216705912337,193.46473995868288,467.48524130146023,190.92532449235378,182146.1135442467,479585.2358199897,21173.23242861143,1074742.2021242068,0.0,1599.1737117056036,9730279.516680013,1757646.7839170548
109,327.20133247765665,211.64697043199442,998.9050219981002,189.6351269442742,262696.1774547364,524657.6830842239,45242.17309190789,1067479.5209807535,0.0,175.8716811244667,8857402.804440001,1900075.5546116214
109,224.82766064346723,225.74937742948165,461.0164882908868,196.12916727126031,180504.66539943748,559616.5401191739,20880.251177192997,1104035.2750184427,0.0,5062.04017936968,7984526.0922,1865036.7317142473
109,203.98195656082245,219.9328069784032,509.97410901811065,199.8210673915932,163768.5270182244,545197.6785114215,23097.628307481617,1124817.4361900901,0.0,16304.37282104214,7111649.378880015,1856881.270027218
109,246.2091831568938,207.01676682666482,406.6772462586126,200.07165826366514,197670.98984532923,513179.739928118,18419.13091093419,1126228.0431192594,0.0,0.0,6238772.666640012,1855497.903803641
109,192.18828529116055,209.8723893106718,411.4938636332637,195.99576454048608,154299.88476900774,520258.62356705824,18637.28402077196,1103284.334591745,0.0,0.0,5365895.954400007,1796480.126948583
109,187.77858874392354,221.5975459457261,427.36368845063987,195.16861065246624,150759.5250219287,549324.4471949181,19356.05642206574,1098628.1833270045,0.0,0.0,4493019.242159999,1818068.2119659171
109,153.0772279437337,221.77435291488945,416.51525279605886,190.6004548232058,122899.26306743319,549762.7390098448,18864.71160664052,1072913.4706840387,0.0,24106.888517168118,3620142.529919996,1764440.184367957
109,137.89756592131252,193.68015589667334,364.6835248426697,135.32643895354323,110712.1513642216,480119.2365037453,16517.16108273859,761769.2173275984,0.0,429003.04530043225,2747265.817679997,1369117.7662783037
109,113.6238057011959,139.09373105635626,306.600089818584,91.45345765035043,91223.77100222258,344803.3984073331,13886.459701464257,514802.79385853186,0.0,816519.879408939,1874389.1054399977,964716.4229695519
109,82.47053617933192,78.1236280110243,194.01293178194095,49.44434386492027,66212.12219064674,193662.87919329293,8787.188419765282,278328.31055420876,0.0,1214732.9712901132,1001512.3930919988,546990.5003579138
109,77.91759053138622,74.89153724077742,186.3055087431881,46.23999279331923,62556.75377017681,185650.75763268457,8438.105614560927,260290.62311683854,0.0,1238409.9170838206,951364.3192560013,516936.24013426085
109,102.28986843389497,142.57309905398796,313.14172085272276,86.62645249544089,82124.22983261243,353428.502506432,14182.741727314822,487630.986432534,0.0,825643.13497212,1824241.0312800014,937366.4604988933
109,116.11779984487404,209.7505812197256,396.71216612543594,122.57188818565311,93226.0939242525,519956.6700326122,17967.79482759155,689972.2777867875,0.0,447982.05684836017,2697117.7435200005,1321122.8365712436
109,122.88739237721086,280.20256905302995,439.9232791817929,153.78561427503553,98661.11482623017,694602.1026124102,19924.902473801205,865678.1921436236,0.0,94397.35260878761,3569994.4557600003,1678866.312056065
109,129.1230482943985,320.49734531972103,535.9397596092481,154.43794320226144,103667.46049409221,794489.9673587297,24273.65849315274,869350.2321394712,0.0,1489.640976497787,4442871.169080005,1791781.3184854458
109,239.05372022673586,294.7461173416639,675.319218018182,157.46768607310253,191926.1698428009,730654.5173167821,30586.400389454222,886405.0284769171,0.0,12218.956663085613,5315747.881320005,1839572.1160259545
109,113.33643310436632,339.5525022420455,1012.2033549369132,149.96050951407503,90993.05164016887,841726.3367774234,45844.47808327547,844146.2056191481,0.0,12771.62075064017,6188624.593560005,1822710.072120016
109,158.58110560298513,354.39797690397916,636.5342275911426,149.54311836997965,127318.09477363537,878527.2053394346,28829.759656225986,841796.659384017,0.0,3247.4277275234926,7061501.305800005,1876471.719153313
109,250.68399662333047,328.5353230609124,823.2280262984573,143.23433861024142,201263.6292259655,814415.5385576383,37285.451609207485,806283.7599311776,0.0,0.0,7934378.018040004,1859248.379323989
109,156.30307784193718,334.2245838667508,824.2208606920974,141.10870680251625,125489.16216987242,828518.8086718314,37330.41883281681,794318.3162897223,0.0,0.0,8807254.730280003,1785656.705964243
109,260.3258125378851,365.410969804307,1146.9717258416229,135.78496871911352,209004.63738536445,905827.6260688945,51948.375680655765,764350.337937443,0.0,0.0,9680131.442519989,1931130.9770723577
109,166.53982019820242,371.04629657919384,615.0790305122518,132.13348438512503,133707.8117279805,919797.1975827216,27858.015878201397,743795.682212398,0.0,0.0,10553008.154760001,1825158.7074013017
109,178.05820236116332,354.68359038146883,1009.3778123110897,131.8240207923275,142955.4359407556,879235.2206965714,45716.50426620489,742053.6734763396,0.0,0.0,11425884.872399995,1809960.8343798714
109,93.68155207768497,396.62299791783545,784.7561642852709,117.46848871551718,75212.9749670722,983200.0085838865,35542.993015009044,661244.6126672603,0.0,0.0,12298761.576000014,1755200.589233228
109,98.37527269635157,431.3089342850119,882.4008470933214,124.26279418745686,78981.3656861057,1069183.960883629,39965.493196527466,699490.5962434696,0.0,13086.07027608063,13171638.290400026,1887621.416009732
109,104.291525028625,441.55454943828886,884.5138534842586,111.9484231809868,83731.27565981288,1094582.107132163,40061.1949887678,630171.4828756767,0.0,16304.391756448196,14044515.004800012,1848546.0606564204
109,96.87474102136196,391.9183898961794,3214.8210013627718,114.20884115051098,77776.65196387035,971537.6222080105,145604.9223901407,642895.6544477138,0.0,0.0,14917391.719200023,1837814.8510097354
109,289.5096852995257,423.95740778786,1262.2344430694102,120.98393921262065,232435.14043300072,1050960.0531600488,57168.827764710964,681033.5171447642,0.0,0.0,15790268.433600038,2021597.5385025246
109,103.4730185199964,431.54087888589686,1349.2587113311854,104.5116067631836,83074.1312361934,1069758.9349390375,61110.31060961686,588308.7259317525,0.0,36504.790427648346,16663145.13719997,1802252.1027166003
109,276.90236071545456,417.8645529125505,1314.4251854636427,110.61890532691903,222313.2501855251,1035856.3022501086,59532.63868686642,622687.4628796732,0.0,0.0,17536021.851599984,1940389.6540021733
109,294.6592416877791,416.1121988670765,625.990698429137,109.18457018057224,236569.5025046288,1031512.3420622302,28352.224594491217,614613.4134162631,0.0,0.0,18408898.565999966,1911047.4825776136
109,106.18282386506618,381.5739607784624,971.4008148712346,114.37369306279295,85249.71988800567,945894.5232179672,43996.45896275047,643823.6261963615,0.0,0.0,19281775.280400008,1718964.328265085
109,110.75051512944293,357.08499970715786,1462.706091194836,117.9973991425992,88916.92694324313,885188.1424434844,66248.54285751167,664221.914702179,0.0,0.0,20154651.99479999,1704575.5269464182
109,115.43040467210498,393.3693952596918,894.2128631454297,113.08625187507312,92674.21327352319,975134.5605937071,40500.48027039853,636576.4609453692,0.0,0.0,21027528.698400017,1744885.7150829982
109,120.15492531492711,328.29866060422137,1081.3354000282757,109.61686525683366,96467.33203553225,813828.8692755451,48975.590532750124,617046.8557239505,0.0,0.0,21900405.41279998,1576318.647567778
109,119.03041022335404,329.92553037781715,1104.404962753517,109.40059215269582,95564.50620102383,817861.7629397083,50020.45178280397,615829.4277435641,0.0,0.0,22773282.127200022,1579276.1486671004
109,130.30259651366677,348.18865605784083,1615.1176176359515,109.55228278402646,104614.47011040078,863134.7436282556,73151.53013718115,616683.3130182985,0.0,0.0,23646158.841599982,1657584.0568941361
109,135.51077759902302,395.7665457333163,1112.4966751820723,110.84011673872877,108795.89948373188,981076.9249513401,50386.93973335041,623932.6892030828,0.0,13466.90966676909,24519035.55600005,1764192.4533715053
109,132.5685275643354,361.00528787503106,857.7153771908349,104.63092737535344,106433.69077456873,894906.2560691162,38847.44465578692,588980.3963758028,0.0,0.0,25391912.259600017,1629167.7878752747
109,136.9738610196608,329.4457381879787,1634.3403418217574,112.88720416003507,109970.54757880095,816672.3924603257,74022.161274036,635455.9968049699,0.0,0.0,26264788.97399996,1636121.0981181324
109,141.3598953841075,339.0513969019992,675.5999324569821,106.53927707534936,113491.90995529413,840484.1325249686,30599.114442291986,599722.7322311954,0.0,0.0,27137665.688400034,1584297.8891537501
109,145.7414760020902,358.3376802438218,784.1004267300068,117.68350344722005,117009.69660621622,888293.4477860052,35513.2935027183,662454.9571139906,0.0,0.0,28010542.40279997,1703271.3950089305
109,146.29500844339054,262.6317463503571,1201.1039023766348,121.41736616706096,117454.10450433113,651045.2914270117,54400.11758474581,683473.3309343373,0.0,0.0,28883419.117200065,1506372.844450426
109,146.9484746733241,361.27782009295777,1181.0742580369085,125.85321218162589,117978.74503497759,895581.8439205812,53492.9396086309,708443.2553100234,0.0,0.0,29756295.820799924,1775496.783874213
109,147.3522956062884,353.5489819678151,1848.565022772164,129.94069822604942,118302.9558646299,876422.6076915263,83724.77551931253,731452.218443731,0.0,0.0,30629172.535200022,1809902.5575191998
109,296.2833058942451,266.00583537659276,3459.416211590368,126.55038517521243,237873.3952967182,659409.4164953339,156683.07155835017,712367.7280869113,0.0,0.0,31502049.249599945,1766333.6114373137
109,136.70572868940064,255.77097454784632,4839.46395218477,126.44978099154208,109755.27541692434,634037.9294471648,219187.87169458083,711801.414727548,0.0,0.0,32374925.96400004,1674782.4912862182
109,128.97916291017245,233.01292795746414,615.4320672809396,123.34322505185911,103551.9409754473,577622.3617153823,27874.005537122954,694314.2281507321,0.0,0.0,31552197.321600042,1403362.5363786847
109,332.57686654368945,281.2421982809036,625.7379894306398,122.74639268378287,267011.9674921164,697179.269017625,28340.77895751862,690954.5851318148,0.0,0.0,30679320.607199933,1683486.6005990747
109,315.71381377927656,217.59708240989386,980.2181740252872,122.97004948675773,253473.33221858402,539407.5845736925,44395.81273540767,692213.5768637308,0.0,0.0,29806443.90359996,1529490.306391415
109,254.26624390588526,215.54585425514938,554.1106568468264,130.08017329436527,204139.6647870035,534322.7368721226,25096.65052938594,732237.3408074706,0.0,0.0,28933567.189200036,1495796.3929959827
109,290.2068984356932,207.60545427797848,501.41775074586275,129.8406041269191,232994.90351328993,514639.0539624109,22710.09572584028,730888.7764131621,0.0,0.0,28060690.474799953,1501232.8296147033
109,240.11285186339262,227.85108367386013,1058.4601823351368,131.3733339930513,192776.50205344407,564826.5193900729,47939.53151252624,739516.7018911907,0.0,0.0,27187813.760400023,1545059.2548472339
109,273.4248394017358,200.7171800228095,486.4300982610893,128.97412429259865,219521.29469679354,497563.51537194994,22031.278467918066,726011.2545458571,0.0,0.0,26314937.045999937,1465127.3430825188
109,265.67822975126506,206.75161434271303,505.4553006024852,123.02046381525471,213301.86787477226,512522.44590869395,22892.963491501458,692497.3653374261,0.0,0.0,25442060.342400048,1441214.6426123937
109,224.66744373360314,237.76915625399235,518.9673022832728,132.5587766494434,180376.03398627604,589412.7110559978,23504.94591765599,746189.7048278643,0.0,0.0,24569183.627999973,1539483.3957877941
109,241.332130854977,234.74563888414968,494.287491981695,133.36521265112222,193755.40983451784,581917.6280184814,22387.153710238737,750729.2325548488,0.0,0.0,23696306.91360003,1548789.4241180867
109,306.8934054061917,172.4724354758066,1615.826715727516,132.7470531374207,246391.7975999639,427546.8163231071,73183.6464424266,747249.5364025123,0.0,0.0,22823430.19919996,1494371.79676801
109,273.01310925354585,187.37534565215608,699.9287172135593,131.16300574338572,219190.73389114716,464490.0634122411,31701.00808266146,738332.7382299241,0.0,0.0,21950553.4848,1453714.5436159738
109,407.5303627827678,138.8364910589443,435.25415956317244,135.37624990346754,327188.97471814405,344165.71887540654,19713.42979790064,762049.6093088816,0.0,0.0,21077676.781200044,1453117.7327003328
109,397.87527540304444,115.5232097416572,430.86659314304444,138.9585843469102,319437.31145797693,286373.7640174997,19514.709163746043,782215.0117704348,0.0,0.0,20204800.0668,1407540.7964096577
109,273.3045421623098,131.66930493478316,517.3147468406797,140.6386910467762,219424.71310674842,326398.77773535356,23430.098762289592,791672.5396244201,0.0,0.0,19331923.35240004,1360926.1292288117
109,212.33818769353405,137.20704610749698,559.7664828167058,147.3318487768054,170477.3932684604,340126.44152976497,25352.812879030706,829349.1500848848,0.0,675.3135242060525,18459046.638000008,1365305.7977621409
109,217.25603409950884,108.44088495180145,1338.3359471217916,150.0338560213106,174425.72514833533,268817.1880480382,60615.59932263684,844559.0821556373,0.0,0.0,17586169.923600014,1348417.5946746478
109,350.1871084217583,111.34696194578491,499.92712249272097,154.0103456340142,281150.4894547001,276021.1448040251,22642.58253894146,866943.2326838311,0.0,0.0,16713293.219999988,1446757.4494814978
109,266.8260471678904,155.93412681417476,383.1076908568278,157.0519094494605,214223.40216523554,386549.53350430314,17351.62410928264,884064.5705765684,0.0,0.0,15840416.50559998,1502189.1303553898
109,350.6058072954207,150.02193855468064,468.2319092108525,161.14717871917503,281486.6451567042,371893.6421969404,21207.05033727639,907117.3464454963,0.0,0.0,14967539.791199967,1581704.6841364172
109,281.97261818871203,135.02068798264713,368.7296325811276,168.29579345650785,226383.94649611245,334706.61630932946,16700.416449986275,947357.7805804992,0.0,1040.241633280879,14094663.076799985,1525148.7598359273
109,267.79472583327487,148.37109524138017,511.8377588433667,170.97798484372848,215001.1134925445,367801.3198446598,23182.036300353935,962456.1667463194,0.0,0.0,13221786.36239998,1568440.6363838776
109,254.6365692672202,188.25591769390542,492.8704379256946,174.7221820103655,204436.98343207315,466672.9384435726,22322.972828703154,983532.714442431,0.0,0.0,12348909.647999972,1676965.6091467799
109,245.13107684518093,184.42031511060617,327.74700334995043,181.67729374800558,196805.42366675587,457164.754317534,14844.240773013928,1022683.8963236517,0.0,4236.403144662385,11476032.944400012,1691498.3150809554
109,226.57206775538384,359.6474125555188,763.2589863867388,78.44432059139814,181905.17644490104,891540.1803931998,34569.34785150042,441572.75668222236,0.0,0.0,5061716.402759997,1549587.4613718237
109,165.26798924939436,371.3331840552624,881.5405144764457,81.98826160590814,132686.71219244204,920508.3710911012,39926.52721246279,461522.0377965007,0.0,47860.397260495345,4188839.6905199913,1554643.6482925066
109,166.09594271597797,366.76717398693273,667.4510644810946,73.98559917491788,133351.44118096706,909189.5591161438,30230.037816037013,416474.06384748395,0.0,70041.50912728647,3315962.977200007,1489245.101960632
109,151.04314127482218,254.55916335855503,528.8867098717435,63.91803341500374,121266.18049870257,631033.9362900154,23954.21341076469,359802.49435501616,0.0,455206.8100958345,2443086.2649600017,1136056.8245544988
109,124.95409783271273,160.9899216663254,369.6810937593608,43.7006819157034,100320.38564574087,399082.4868835286,16743.509807580725,245996.52896383326,0.0,860134.5946735233,1570209.5527199986,762142.9113006834
109,76.78257100002527,75.81879409157901,188.65509871008942,21.61643605891195,61645.494363110214,187949.36096243007,8544.522694900485,121681.584953716,26611.956846862216,1250615.6362064704,697332.8406960004,379820.9629741568
109,116.72498104211519,127.02859821298958,303.74036540443046,38.52325749517975,93713.5741503562,314894.79810569034,13756.937730815342,216852.16826762777,0.0,1002073.526475481,1255543.8717600002,639217.4782544896
109,157.06629596456258,211.2832903499725,448.75634463106223,64.87775900571866,126101.91787554049,523756.1462050139,20324.9676123152,365204.9080868897,0.0,626500.8644700227,2128420.584,1035387.9397797594
109,185.49504310976613,305.9959034925586,560.8123804245461,91.50380021452965,148926.1623501017,758541.931556987,25400.183429351568,515086.17836203036,0.0,233370.15307674053,3001297.296240007,1447954.4556984706
109,198.88879096208063,342.22262642537817,757.3997955329244,112.38397622437053,159679.43873792284,848345.3834130312,34303.9747470019,632623.2646821645,0.0,0.0,3874174.00848001,1674952.0615801206
109,284.2122070308021,368.01397012351487,768.8928543941328,111.16716713740689,228182.01810979546,912280.2774522598,34824.515686233724,625773.6962387682,0.0,12441.124607754522,4747050.720720012,1801060.5074870572
109,248.3317248180893,334.0343315067067,621.4751254533321,114.50742678790412,199375.08920416224,828047.1866957723,28147.706317296197,644576.4298310098,0.0,0.0,5619927.432960013,1700146.4120482407
109,256.3636383220838,333.75410966338006,587.4674666644314,119.8492729505449,205823.57448131344,827352.536813616,26607.4393734977,674646.3407949439,0.0,0.0,6492804.145200013,1734429.891463371
109,323.18076507569043,333.6000556425571,757.1664345891734,130.41368953780434,259468.23311936978,826970.6479282244,34293.40541760865,734114.7448808745,0.0,2907.5772263288964,7365680.857440014,1854847.031346077
109,200.1192429251159,350.90913638114745,1253.7569867390919,129.8913325014275,160667.31682748752,869878.6195287183,56784.86879140621,731174.3326905932,0.0,4830.293239826802,8238557.570759985,1818505.1378382053
109,328.1761136755702,326.98007070014586,709.6200707716874,137.74809230009748,263478.7882485482,810560.1793311606,32139.946605860263,775401.0027252522,0.0,3136.132081639138,9111434.282999983,1881579.9169108213
109,276.65024496719974,308.1708319024297,640.6654232145205,134.44676395140394,222110.8370631788,763933.4233325033,29016.868804096255,756817.4182330227,0.0,0.0,9984310.99524,1771878.547432801
109,290.15459243672245,335.896163356677,1302.5520792895334,143.8502356769785,232952.90922835373,832662.534520993,58994.88473344934,809750.7204904793,0.0,5408.640176225337,10857187.706399992,1934361.0489732753
109,221.73870840084743,295.2429662827471,936.287140479708,144.78079123749416,178024.6756624401,731886.17026102,42406.09861844402,814988.9325242504,0.0,0.0,11730064.420799991,1767305.8770661545
109,191.92370038655335,325.4624469606546,588.2063310389411,149.7199926763221,154087.46068587145,806798.0987621361,26640.903846282254,842792.3066717883,0.0,4460.731070846319,12602941.1352,1830318.769966078
109,300.83126960560395,295.58319582622954,570.7928178067586,155.6198571253895,241524.76392999972,732729.5749345475,25852.21506963285,876003.3714013337,0.0,0.0,13475817.838799987,1876109.925335514
109,196.82461393631348,262.2540266344484,1390.3410310779252,152.8440011077852,158022.19788822078,650108.9513008129,62971.00144615031,860377.735477592,0.0,0.0,14348694.553199999,1731479.8861127761
109,295.7836757202917,263.2194377797777,792.1445550184427,162.0994195209534,237472.26326022943,652502.1363943595,35877.62628349755,912477.6273772005,0.0,0.0,15221571.267600011,1838329.653315287
109,331.87763852360325,283.23751152619167,778.0829916508719,163.0006972465882,266450.5867463383,702125.5076628717,35240.75323770393,917551.030867019,0.0,0.0,16094447.98200002,1921367.878513933
109,162.8583337107269,273.8282259894247,481.6388959613318,169.46831929792938,130752.10118643763,678800.5626418218,21814.276451719983,953958.0731724199,0.0,0.0,16967324.69640003,1785325.0134523995
109,311.15587780736826,289.2742559687743,1059.1294854965113,170.61935142797788,249813.95727705464,717090.1648283029,47969.84543508246,960437.3750117816,0.0,0.0,17840201.410800014,1975311.3425522216
109,335.2246159920907,260.082168273165,353.1604756181859,178.24145676281927,269137.7340765186,644725.0699558909,15995.261826973645,1003343.1461250221,0.0,2757.2974428931484,18713078.11440003,1933201.2119844053
109,329.95553749760535,276.1065087140353,442.58582391714253,177.17521793925226,264907.41273666045,684448.2623620928,20045.493828463415,997341.1562670625,0.0,0.0,19585954.82879998,1966742.3251942792
109,244.18910562617222,212.19578140032505,324.9678663530707,185.03362072948894,196049.1546239858,526018.1461728655,14718.368748857463,1041577.0749039127,0.0,2304.0760170893045,20458831.54319996,1778362.7444496215
109,346.46047048120863,214.35922140162748,289.3850098488577,188.98048322461236,278158.5287119759,531381.1590062563,13106.75831781972,1063794.4507327555,0.0,2742.046444568434,21331708.257600017,1886440.8967688074
109,359.3376423404385,256.9341700807256,271.8452151269127,193.1290489365085,288497.0679784026,636921.4078735685,12312.350029412619,1087147.238848817,0.0,5962.336023860145,22204584.97199997,2024878.064730201
109,128.75260809828268,206.10546749835845,260.05376729035794,196.34782987221394,103370.04965301059,510920.69415387645,11778.294526359368,1105266.1537711485,0.0,3876.9719921394717,23077461.675599996,1731335.192104395
109,134.59913636355003,173.15164213205009,345.2772151160451,198.26951797469465,108063.98110810845,429230.5209840939,15638.215032421509,1116083.5731394142,0.0,0.0,23950338.389999945,1669016.290264038
109,139.79827654326868,244.41374945345413,986.8692302757144,202.14577137926494,112238.15191884829,605884.1817600254,44697.050822612335,1137903.4816879325,0.0,5565.852540015476,24823215.10440002,1900722.8661894186
109,144.67726221931036,217.59528739259605,355.8886332572098,196.49696503242976,116155.28415436596,539403.1348543573,16118.824905953707,1106105.6539837613,0.0,0.0,25696091.81879996,1777782.8978984384
109,150.45206352352008,185.64991508635393,352.197933079795,192.26312073665966,120791.62905152529,460212.84460240544,15951.666575001544,1082272.8221999966,0.0,0.0,26568968.53320003,1679228.9624289288
109,151.8193783256647,165.33393077616776,1030.7078157328906,190.57351902140135,121889.38855385006,409850.97438048985,46682.57780233527,1072761.8457331618,0.0,0.0,27441845.23680006,1651184.786469837
109,354.88512785753534,172.69956011731063,485.04669173131526,184.946151418212,284922.3315130479,428109.8420443806,21968.621542286317,1041084.6993614328,0.0,0.0,28314721.951199934,1776085.4944611476
109,310.66936829233987,147.0584400745292,504.86780728276835,180.81251555067792,249423.35926534867,364547.3416888522,22866.354881197545,1017815.9531808752,0.0,0.0,29187598.66560003,1654653.0090162735
109,120.49587179909668,133.39454155063544,320.41809261405757,180.36372907203358,96741.0636167265,330675.5157571528,14512.301458678356,1015289.6787349669,0.0,0.0,30060475.379999958,1457218.5595675246
109,218.13831260680365,131.91393854955993,332.96161506696075,175.39237453036787,175134.0694254255,327005.20694750495,15080.419749705989,987305.3108054838,0.0,0.0,30933352.094400052,1504525.0069281203
109,121.60866138562446,198.68643022393158,527.8148208494781,176.58173343888112,97634.47553677805,492529.4320480623,23905.6656633686,994000.3588084152,0.0,0.0,31806228.798000082,1608069.9320566244
109,266.94760158733084,128.6158919826074,1671.358984360414,171.65572697332294,214320.99309219766,318829.5856901377,75698.80099100457,966271.2607930072,0.0,0.0,32120894.4876,1575120.6405663472
109,225.1078762750547,133.00428141455012,410.31413439108684,164.6165179428248,180729.63873534565,329708.0888273898,18583.85199930771,926646.6848769234,0.0,0.0,31248017.77320008,1455668.2644389668
109,230.16008224094324,230.46122850342968,399.1804179612223,165.6427133958825,184785.84225048128,571296.881502987,18079.586313598596,932423.2656629536,0.0,0.0,30375141.058799975,1706585.5757300204
109,132.25997440076526,173.8956875726051,931.8797064225149,157.4507816836768,106185.96642700063,431074.95634810685,42206.47814390897,886309.8715836906,0.0,0.0,29502264.344400045,1465777.272502707
109,133.23181874329254,163.17661957787635,1545.4609718856473,158.6116010783234,106966.21934323947,404503.15441086306,69996.657597114,892844.2671427298,0.0,0.0,28629387.629999958,1474310.2984939464
109,146.890262095219,194.91165772371733,663.2156380271416,148.24413187686375,117932.00860627112,483172.0413417833,30038.207869717906,834484.5041848418,0.0,0.0,27756510.92639993,1465626.7620026139
109,153.71733175084816,183.25583834060055,489.43627380517995,152.339744627977,123413.17547124247,454278.09979604697,22167.43346895946,857539.2135529314,0.0,0.0,26883634.212000057,1457397.9222891803
109,110.815410879695,270.64466302312354,3829.505695618521,143.08152920237094,88969.02900956171,670908.7380319864,173445.07808265855,805423.5769253,0.0,1250.3322390833637,26010757.497599974,1738746.4220495066
109,107.20734998106474,216.35438097972113,965.0288869420355,138.24412416921194,86072.26878271026,536327.0167215324,43707.86309031672,778193.2273018153,0.0,0.0,25137880.78320003,1444300.3758963747
109,103.90436388729613,206.8118488510093,1402.4651660193706,140.07778724982265,83420.44027562918,512671.762941203,63520.12493590244,788515.1429641262,0.0,0.0,24265004.06879997,1448127.4711168609
109,100.37043458135443,220.58206143202892,534.9616085812512,134.8188825039781,80583.1971842382,546807.1338070779,24229.356305112735,758912.1194661262,0.0,0.0,23392127.365199946,1410531.8067625551
109,88.46871843012805,229.86932568838535,915.3258227757167,133.56304244861536,71027.81024738346,569829.5968122667,41456.72350978604,751842.8408871582,0.0,0.0,22519250.650799993,1434156.9714565943
109,91.91749570335563,234.278096301039,1248.3478218951827,123.28055801001636,73796.6883558842,580758.6234369493,56539.878159903245,693961.4676422466,0.0,0.0,21646373.936400022,1405056.6575949835
109,87.80928990717852,259.39602604665015,867.8230891531842,117.07269626681241,70498.38284263629,643024.1725128765,39305.24078664332,659016.6481526727,0.0,0.0,20773497.22199997,1411844.444294829
109,196.31817213488208,248.97416402911924,572.1100046006778,122.78989631061106,157615.59708274147,617189.1229093757,25911.872786445267,691199.4724133844,0.0,0.0,19900620.507600006,1491916.065191947
109,181.7340618643604,241.5242862246035,856.2416950038038,114.13036219826111,145906.62881346946,598721.4093380457,38780.69898615884,642453.8867451542,0.0,0.0,19027743.803999975,1425862.6238828283
109,130.15385574088629,256.1653944208648,1203.3286067702054,114.83408461159934,104495.05240465605,635015.6680668949,54500.87837684886,646415.2270136924,0.0,0.0,18154867.089600034,1440426.8258620922
109,164.30350046415518,311.9575869442267,770.6053582210076,106.87938291501477,131912.36474354344,773320.5179012634,34902.07800982786,601637.2299545812,0.0,10475.250823316397,17281990.37520003,1541772.190609216
109,186.39148513594733,280.8938492409204,1212.4442930426503,107.54006046626768,149645.8779203421,696315.7366937314,54913.74391171677,605356.2653848759,0.0,0.0,16409113.660800023,1506231.6239106662
109,147.91332070114285,266.12787482254777,2989.8678306305205,93.19174475222778,118753.37929890642,659711.9435422788,135416.39588990915,524587.8263719666,0.0,0.0,15536236.946400033,1438469.545103061
109,140.13269322690323,327.63147215339734,1063.3703951799166,100.61886709771983,112506.64099804203,812174.9568851367,48161.92372655003,566396.0141870917,0.0,9488.986891479813,14663360.24280001,1539239.5357968207
109,130.92078209428132,280.3316880391867,1284.4463621491602,88.57251464147215,105110.78529272409,694922.1793325301,58174.84481896442,498585.6102984736,0.0,0.0,13790483.528399998,1356793.4197426923
109,137.89610250627817,332.39930167317857,1277.575315852219,81.59558118384075,110710.97644988784,823994.0648274011,57863.642993923124,459311.59126372205,0.0,23017.451095048338,12917606.813999984,1451880.2755349341
109,194.53853265747517,341.0716354317399,896.0607151711936,76.2090040929482,156186.79945400852,845492.1591654056,40584.17275302378,428989.88438711804,0.0,12872.868738115998,12044730.09959998,1471253.015759556
109,201.11544187918412,320.6187461695074,824.9925129595978,88.38663053765906,161467.1230362107,794790.9113715041,37365.36832719735,497539.2457493854,0.0,0.0,11171853.385200007,1491162.6484842976
109,145.24683300765784,332.4919238817183,838.747810761818,85.7556349387579,116612.56856624708,824223.6686494421,37988.37006449362,482729.046990994,0.0,0.0,10298976.67620002,1461553.654271177
109,262.7000893703369,332.59405790610623,714.9082542381133,65.47954212894702,210910.84431729076,824476.8515818038,32379.45777705373,368592.4195172319,0.0,0.0,9426099.963960009,1436359.5731933801
109,141.89550814108563,335.595846943439,1277.8669969010668,68.98154394101327,113921.93089313296,831918.0716390533,57876.85374390333,388305.6196877717,0.0,0.0,8553223.251720019,1392022.4759638612
109,268.35146942109543,326.29365133790236,744.5971991256838,67.30325301697691,215448.09948503855,808858.5948885212,33724.12253890747,378858.3130599066,0.0,0.0,7680346.539480006,1436889.129972374
109,289.44526512805623,365.5099841845151,1239.4796608552,76.70228551298993,232383.42018886888,906073.0756267405,56138.22348008668,431766.6263465841,0.0,28603.184336710256,6807469.827240004,1626361.3456422803
109,219.23400510237923,364.4613828526169,767.4270623508414,67.36268374231183,176013.75481079353,903473.6680181657,34758.12737515418,379192.8559435713,0.0,40832.22430944978,5934593.115000001,1493438.406147685
109,212.73382665894542,190.32802385064048,794.5448175320148,67.3706148623209,170795.03514075567,471809.54121694656,35986.33841299293,379237.50119640265,0.0,0.0,9415630.792799989,1057828.4159670977
109,159.00027907510415,149.84527759337396,423.4622748634214,61.040140442422754,127654.63151076378,371455.71232503426,19179.354508541477,343602.4798254961,0.0,0.0,10288507.505040005,861892.1781698356
109,201.55227914250895,177.94797391429944,750.5126677787435,69.3677344668963,161817.84128780296,441120.2839938921,33992.04456435304,390479.5337944027,0.0,0.0,11161384.221600002,1027409.7036404508
109,171.08100455320118,161.96150430166898,579.6870823161069,71.0277454849231,137353.7375013937,401490.9706588634,26255.052021690848,399823.94057652145,0.0,0.0,12034260.92520002,964923.7007584695
109,130.42945044701847,173.93698011664256,412.4099430960942,75.7484496834837,104716.31579401779,431177.317607704,18678.774877971195,426397.3668070538,0.0,0.0,12907137.639600003,980969.7750867468
109,81.89796546272095,159.57859813994594,715.0642533103734,81.563645010597,65752.42926263432,395583.91693036014,32386.523250621227,459131.8186052197,0.0,0.0,13780014.354000019,952854.6880488354
109,66.41006485974896,123.95430769728871,976.715625674784,84.75673273888167,53317.84577731957,307273.85207559494,44237.17613308158,477106.1032937335,0.0,0.0,14652891.068400031,881934.9772797297
109,67.36382803766975,127.25632454844448,2686.7334707638133,89.1760507965701,54083.58208755903,315459.3153831792,121686.90522045456,501982.9897614454,0.0,0.0,15525767.782799955,993212.7924526382
109,115.79561640270943,104.84887672418186,2767.659753270679,91.85714000778384,92967.42639971962,259912.85688527345,125352.19951794104,517075.1716425698,0.0,0.0,16398644.486399975,995307.654445504
109,74.01728701744733,117.1020572958276,1124.4472717262133,97.79159807308798,59425.364248421145,290287.61403870943,50928.20336251916,550480.9681050195,0.0,0.0,17271521.200799968,951122.1497546693
109,281.325617144193,166.41192735338453,3225.465119645281,102.25977806618776,225864.49659070605,412523.25069713575,146087.0133108418,575632.9044342607,0.0,0.0,18144397.915199976,1360107.6650329442
109,220.61420980405174,144.50318899215316,1273.343765177327,107.10761928261093,177121.86307089415,358213.0572441399,57671.98858848455,602922.0006206379,0.0,1088.7872871992877,19017274.629600007,1195928.9095241565
109,289.3590517230539,144.442578778494,1397.6341080910495,108.1051062596215,232314.20307484316,358062.80886494153,63301.31778787856,608536.9778538204,0.0,0.0,19890151.344,1262215.3075814839
109,284.33347280200417,138.77109878450733,577.4007180356141,118.0064113380233,228279.3772932366,344003.6161099964,26151.498544381968,664272.6454618716,0.0,0.0,20763028.047600023,1262707.1374094866
109,333.0149325607083,215.59114733535841,1532.4981444200462,119.34294656221135,267363.67225832946,534435.0151743998,69409.54824132544,671796.1670998719,0.0,0.0,21635904.76199999,1543004.4027739265
109,334.0838424895577,159.73892543773098,660.4315489684967,124.57528721906564,268221.8550481912,395981.3568200943,29912.111557935885,701249.6580642767,0.0,0.0,22508781.476400033,1395364.981490498
109,316.27551894605665,243.1377590294429,698.298004796473,131.07272648626318,253924.3016539844,602721.0928760553,31627.150236507714,737824.5451556736,0.0,0.0,23381658.19079999,1626097.0899222211
109,303.4621885844864,178.40335437107603,1757.8070902661177,130.9918715084393,243637.01803884486,442249.139535205,79614.1884249671,737369.4025120762,0.0,0.0,24254534.90520006,1502869.7485110932
109,295.66419134306165,199.5536994471465,1270.1037753831836,138.7241151025619,237376.3342830269,494679.3303448981,57525.24372700669,780895.1554723177,0.0,717.5478904272895,25127411.619599942,1570476.0638272495
109,226.32951276450768,205.7841295535779,1306.303787758463,136.91632954052955,181710.43925222752,510124.120400652,59164.806237700235,770718.9075540652,0.0,0.0,26000288.32319997,1521718.273444645
109,315.44907549081745,281.2196100094327,1882.8248178749711,140.329067804259,253260.78499000918,697123.2743102564,85276.46216218683,789929.6322003969,0.0,0.0,26873165.03760004,1825590.1536628492
109,322.19657136569793,221.1033676410716,721.4402506357634,147.033808592657,258678.06541579642,548099.4145671355,32675.303433197372,827671.445125185,0.0,0.0,27746041.751999978,1667124.2285413141
109,323.1810400666466,208.45731530760298,4851.224384716347,146.79677413332539,259468.45389803368,516750.7564507588,219720.52245968062,826337.1489155084,0.0,0.0,28618918.466400076,1822276.8817239814
109,322.56686383888314,308.1296741762138,725.1678134349575,153.65880521530326,258975.35765635493,763831.396276631,32844.13133741068,864964.3683045476,0.0,0.0,29491795.180800002,1920615.2535749443
109,426.2778780918002,223.42564217316936,5261.502216184477,158.94134268889275,342240.5656489153,553856.166827794,238302.73023547558,894700.4233421107,0.0,0.0,30364671.884400032,2029099.8860542956
109,329.65982887265045,355.2094065238685,2332.1386242754174,159.33298533384814,264670.0007285008,880538.6812584524,105626.67820283823,896905.0280995166,0.0,15276.16991218389,31237548.598799944,2147740.388289308
109,331.4329088603833,344.7885329728123,738.7301379073821,163.38338610705367,266093.5320190731,854706.0819925556,33458.39297169769,919705.2336670856,0.0,0.0,32110425.31320005,2073963.2406504122
109,547.0766666015841,350.15626265690105,2276.075728738426,176.45999327933362,439224.8283424369,868012.2994816517,103087.49062437899,993315.068433726,0.0,0.0,31816697.972400036,2403639.686882193
109,261.48789977654286,370.80355983772836,707.4175285370553,173.19250327267,209937.62831529952,919195.4705836687,32040.189577086756,974921.9641427279,0.0,28448.3223915071,30943821.257999927,2136095.252618783
109,251.98186738832908,296.1852560579222,806.7192739874964,181.50015878098984,202305.63503386872,734222.0391337386,36537.74105301274,1021686.7817447981,0.0,0.0,30070944.554399952,1994752.1969654183
109,331.4395755365631,366.68850605753516,2212.4875256001915,187.81906082608555,266098.88441276754,908994.5469527923,100207.46857060173,1057256.6607904942,0.0,0.0,29198067.84000004,2332557.5607266556
109,227.64432411399818,301.9495281889213,830.6830489745595,188.7018718383438,182766.04594236484,748511.2569512397,37623.102756101965,1062226.112872855,0.0,0.0,28325191.125599943,2031126.5185225615
109,231.4250933738674,304.04572720623173,1600.1004315945117,190.3061917436999,185801.4664429028,753707.5842006245,72471.37525230412,1071257.0275122756,0.0,0.0,27452314.411200013,2083237.4534081072
109,328.78917636954844,306.1119159883273,2034.8270966065845,194.94440286477393,263970.9904808212,758829.5182260264,92160.91389012414,1097366.0900341503,0.0,0.0,26579437.696800075,2212327.512631122
109,223.24273499016687,383.58958411637633,2052.954516721381,196.82000775014123,179232.19530428472,950891.1091283724,92981.93677066073,1107924.1012889396,0.0,0.0,25706560.993200045,2331029.3424922572
109,222.4023317626581,405.35344938762483,812.9491448964739,203.01140317762759,178557.47092674187,1004842.1725660576,36819.90291204555,1142776.2298562261,0.0,27518.76611083164,24833684.278799962,2362995.776261071
109,222.7471255499757,342.76489999682656,712.6233797760513,196.45197616462738,178834.29134569498,849689.6407629626,32275.97177625346,1105852.4060975441,0.0,0.0,23960807.564400025,2166652.3099824553
109,252.099377731392,381.0376246904859,626.5010178578865,194.46815504006858,202399.97914212852,944564.9844643634,28375.33786293937,1094685.2322839194,0.0,0.0,23087930.849999957,2270025.5337533504
109,272.8297778593281,335.5307525187914,1894.5657638212576,190.52002863605722,219043.54483142126,831756.7072219412,85808.2303454142,1072460.7417560436,0.0,0.0,22215054.13559999,2209069.2241548207
109,241.92503533927948,407.14106083716564,713.1875253022307,187.36158981277455,194231.42788873118,1009273.5333337388,32301.52292374232,1054681.5000277136,0.0,0.0,21342177.421200007,2290487.984173926
109,215.33726299311084,395.5605369893559,656.6465627600029,189.92148494209226,172885.224590943,980566.24402791,29740.682846072334,1069091.4654726074,0.0,0.0,20469300.717599988,2252283.616937533
109,224.20042283503122,420.23653973182815,644.876324017182,185.31572512081038,180001.0825644181,1041736.2877106536,29207.587940341855,1043165.0753201166,0.0,0.0,19596424.003200028,2294110.0335355303
109,220.63107245721332,430.9244102902906,1695.5957569081977,180.5716249082311,177135.4013853434,1068230.7534375268,76796.52723589086,1016459.9500407848,0.0,0.0,18723547.288799997,2338622.6320995456
109,225.9346682579811,382.1813442674418,574.708624962798,179.15128187355887,181393.43521753087,947400.1833907593,26029.5688933164,1008464.6638999118,0.0,0.0,17850670.574400004,2163287.851401518
109,188.84000139516783,409.5927508683329,616.3333978742627,168.08773111478916,151611.6885631729,1015351.0973487939,27914.828391967138,946186.5719945643,0.0,0.0,16977793.859999996,2141064.186298498
109,224.7215363006259,413.18844509254865,1187.7449948138808,169.83437354469052,180419.4626315019,1024264.5658331562,53795.06906165002,956018.6376800723,0.0,0.0,16104917.15639997,2214497.7352063805
109,220.09709829995714,425.11000983211295,1414.274812676416,165.66212297245124,176706.69601025025,1053817.2710867764,64055.004695685384,932532.524563622,0.0,0.0,15232040.441999985,2227111.496356334
109,225.0261091947497,417.3950442084834,675.5077411940152,161.5803392900458,180663.991388267,1034692.4237955249,30594.93893712898,909555.6607290981,0.0,0.0,14359163.727599975,2155507.014850019
109,332.55568135373716,383.68532926937814,611.1152071952938,156.3345458445956,266994.9587948199,951128.4545060924,27678.48731776545,880026.4423582912,0.0,0.0,13486287.013199972,2125828.3429769687
109,180.97885674105012,373.53069847230364,897.1934138613688,147.6384894414349,145300.30640767244,925955.8519609466,40635.47467770464,831075.2682100785,0.0,0.0,12613410.29880003,1942966.901256402
109,334.7838043920985,348.5219284508963,1113.5061676639982,146.457742525738,268783.82499730185,863960.9020240953,50432.66143120605,824428.698176996,0.0,0.0,11740533.595200006,2007606.0866295993
109,351.03957662352326,348.7742461065678,472.84496008499457,140.10204863111503,281834.9002922405,864586.3794233494,21415.983560689605,788651.7132720519,0.0,0.0,10867656.880800027,1956488.9765483313
109,345.481911021658,362.16657067808205,942.0829359077973,137.41795846722422,277372.8845109283,897784.9929752514,42668.60043211835,773542.6386581421,0.0,0.0,9994780.166400013,1991369.1165764402
109,218.97740069624282,326.3476850513904,854.7413410417658,132.90239977338018,175807.73793396837,808992.5405947565,38712.74530472286,748124.0017782691,0.0,0.0,9121903.454160005,1771637.0256117168
